0.00000 0.001256637061429716
0.00100 0.0025132741226733947
0.00200 0.0037699111828008473
0.00300 0.005026548239393584
0.00400 0.006283185287800664
0.00500 0.007539822320394542
0.00600 0.008796459325826922
0.00700 0.010053096288284604
0.00800 0.011309733186745332
0.00900 0.012566369994233648
0.01000 0.013823006677076727
0.01100 0.015079643194160266
0.01200 0.016336279496184283
0.01300 0.017592915524918998
0.01400 0.018849551212460684
0.01500 0.020106186480487512
0.01600 0.021362821239515405
0.01700 0.022619455388153884
0.01800 0.023876088812361942
0.01900 0.025132721384703884
0.02000 0.026389352963605197
0.02100 0.027645983392608393
0.02200 0.028902612499628916
0.02300 0.030159240096210918
0.02400 0.031415865976783246
0.02500 0.03267248991791523
0.02600 0.03392911167757256
0.02700 0.03518573099437324
0.02800 0.036442347586843414
0.02900 0.037698961152673245
0.03000 0.03895557136797288
0.03100 0.04021217788652832
0.03200 0.04146878033905732
0.03300 0.04272537833246534
0.03400 0.0439819714491015
0.03500 0.04523855924601445
0.03600 0.046495141254208415
0.03700 0.04775171697789914
0.03800 0.04900828589376986
0.03900 0.0502648474502273
0.04000 0.0515214010666577
0.04100 0.05277794613268287
0.04200 0.05403448200741623
0.04300 0.05529100801871889
0.04400 0.056547523462455784
0.04500 0.05780402760175171
0.04600 0.059060519666247584
0.04700 0.060316998851356544
0.04800 0.06157346431752021
0.04900 0.0628299151894649
0.05000 0.06408635055545793
0.05100 0.06534276946656388
0.05200 0.06659917093590097
0.05300 0.06785555393789751
0.05400 0.06911191740754823
0.05500 0.07036826023967085
0.05600 0.0716245812881626
0.05700 0.07288087936525664
0.05800 0.07413715324077902
0.05900 0.07539340164140505
0.06000 0.07664962324991627
0.06100 0.07790581670445713
0.06200 0.07916198059779198
0.06300 0.08041811347656191
0.06400 0.0816742138405419
0.06500 0.08293028014189781
0.06600 0.08418631078444368
0.06700 0.08544230412289884
0.06800 0.08669825846214547
0.06900 0.08795417205648591
0.07000 0.08921004310890021
0.07100 0.09046586977030385
0.07200 0.09172165013880543
0.07300 0.09297738225896462
0.07400 0.09423306412105004
0.07500 0.09548869366029739
0.07600 0.09674426875616772
0.07700 0.09799978723160578
0.07800 0.09925524685229843
0.07900 0.10051064532593343
0.08000 0.10176598030145796
0.08100 0.10302124936833787
0.08200 0.10427645005581652
0.08300 0.10553157983217418
0.08400 0.10678663610398734
0.08500 0.10804161621538834
0.08600 0.10929651744732531
0.08700 0.11055133701682178
0.08800 0.11180607207623737
0.08900 0.11306071971252762
0.09000 0.11431527694650485
0.09100 0.11556974073209908
0.09200 0.11682410795561868
0.09300 0.11807837543501201
0.09400 0.11933253991912864
0.09500 0.12058659808698126
0.09600 0.1218405465470076
0.09700 0.12309438183633269
0.09800 0.12434810042003143
0.09900 0.12560169869039142
0.10000 0.12685517296617604
0.10100 0.12810851949188784
0.10200 0.1293617344370323
0.10300 0.13061481389538182
0.10400 0.13186775388424007
0.10500 0.1331205503437069
0.10600 0.13437319913594292
0.10700 0.1356256960444354
0.10800 0.13687803677326374
0.10900 0.13813021694636568
0.11000 0.13938223210680395
0.11100 0.140634077716033
0.11200 0.14188574915316648
0.11300 0.14313724171424502
0.11400 0.1443885506115043
0.11500 0.14563967097264383
0.11600 0.14689059784009598
0.11700 0.14814132617029555
0.11800 0.14939185083294987
0.11900 0.1506421666103092
0.12000 0.15189226819643806
0.12100 0.15314215019648642
0.12200 0.1543918071259621
0.12300 0.15564123341000327
0.12400 0.1568904233826518
0.12500 0.15813937128612676
0.12600 0.15938807127009907
0.12700 0.16063651739096643
0.12800 0.16188470361112867
0.12900 0.1631326237982642
0.13000 0.16438027172460679
0.13100 0.16562764106622313
0.13200 0.16687472540229092
0.13300 0.16812151821437782
0.13400 0.16936801288572123
0.13500 0.17061420270050817
0.13600 0.17186008084315688
0.13700 0.17310564039759815
0.13800 0.1743508743465583
0.13900 0.17559577557084224
0.14000 0.17684033684861797
0.14100 0.17808455085470137
0.14200 0.1793284101598422
0.14300 0.1805719072300107
0.14400 0.18181503442568536
0.14500 0.18305778400114128
0.14600 0.1843001481037397
0.14700 0.18554211877321827
0.14800 0.18678368794098243
0.14900 0.18802484742939776
0.15000 0.1892655889510831
0.15100 0.19050590410820514
0.15200 0.1917457843917734
0.15300 0.192985221180937
0.15400 0.19422420574228194
0.15500 0.19546272922912966
0.15600 0.196700782680837
0.15700 0.19793835702209667
0.15800 0.19917544306223964
0.15900 0.20041203149453818
0.16000 0.20164811289551013
0.16100 0.20288367772422494
0.16200 0.2041187163216102
0.16300 0.20535321890976013
0.16400 0.20658717559124484
0.16500 0.20782057634842124
0.16600 0.20905341104274547
0.16700 0.21028566941408605
0.16800 0.2115173410800391
0.16900 0.2127484155352447
0.17000 0.21397888215070468
0.17100 0.21520873017310216
0.17200 0.216437948724122
0.17300 0.21766652679977358
0.17400 0.21889445326971446
0.17500 0.22012171687657606
0.17600 0.2213483062352907
0.17700 0.22257420983242046
0.17800 0.22379941602548759
0.17900 0.2250239130423065
0.18000 0.22624768898031794
0.18100 0.22747073180592456
0.18200 0.22869302935382813
0.18300 0.2299145693263689
0.18400 0.23113533929286673
0.18500 0.23235532668896405
0.18600 0.23357451881597072
0.18700 0.23479290284021062
0.18800 0.23601046579237078
0.18900 0.23722719456685187
0.19000 0.2384430759211213
0.19100 0.23965809647506767
0.19200 0.2408722427103581
0.19300 0.2420855009697972
0.19400 0.24329785745668828
0.19500 0.24450929823419706
0.19600 0.24571980922471687
0.19700 0.24692937620923716
0.19800 0.24813798482671337
0.19900 0.24934562057343965
0.20000 0.2505522688024239
0.20100 0.2517579147227651
0.20200 0.2529625433990328
0.20300 0.25416613975064994
0.20400 0.25536868855127737
0.20500 0.25657017442820107
0.20600 0.25777058186172236
0.20700 0.2589698951845502
0.20800 0.26016809858119677
0.20900 0.261365176087375
0.21000 0.26256111158939943
0.21100 0.2637558888235899
0.21200 0.2649494913756773
0.21300 0.2661419026802131
0.21400 0.26733310601998117
0.21500 0.26852308452541307
0.21600 0.2697118211740055
0.21700 0.27089929878974184
0.21800 0.2720855000425155
0.21900 0.2732704074475579
0.22000 0.2744540033648679
0.22100 0.27563626999864616
0.22200 0.2768171893967309
0.22300 0.2779967434500386
0.22400 0.27917491389200716
0.22500 0.2803516822980424
0.22600 0.28152703008496827
0.22700 0.2827009385104802
0.22800 0.28387338867260253
0.22900 0.2850443615091487
0.23000 0.28621383779718557
0.23100 0.2873817981525013
0.23200 0.28854822302907657
0.23300 0.28971309271856016
0.23400 0.2908763873497477
0.23500 0.2920380868880645
0.23600 0.29319817113505237
0.23700 0.2943566197278601
0.23800 0.2955134121387381
0.23900 0.296668527674537
0.24000 0.29782194547621055
0.24100 0.29897364451832176
0.24200 0.30012360360855467
0.24300 0.3012718013872288
0.24400 0.3024182163268195
0.24500 0.30356282673148055
0.24600 0.30470561073657343
0.24700 0.30584654630819913
0.24800 0.30698561124273566
0.24900 0.3081227831663794
0.25000 0.3092580395346914
0.25100 0.3103913576321481
0.25200 0.3115227145716968
0.25300 0.3126520872943163
0.25400 0.3137794525685815
0.25500 0.3149047869902334
0.25600 0.3160280669817541
0.25700 0.3171492687919468
0.25800 0.31826836849552
0.25900 0.319385341992678
0.26000 0.32050016500871553
0.26100 0.3216128130936186
0.26200 0.3227232616216694
0.26300 0.3238314857910574
0.26400 0.32493746062349543
0.26500 0.32604116096384156
0.26600 0.32714256147972587
0.26700 0.32824163666118356
0.26800 0.3293383608202928
0.26900 0.330432708090819
0.27000 0.3315246524278641
0.27100 0.3326141676075228
0.27200 0.33370122722654316
0.27300 0.33478580470199426
0.27400 0.33586787327093903
0.27500 0.3369474059901143
0.27600 0.33802437573561533
0.27700 0.33909875520258814
0.27800 0.34017051690492656
0.27900 0.34123963317497696
0.28000 0.3423060761632483
0.28100 0.34336981783812937
0.28200 0.3444308299856118
0.28300 0.34548908420902025
0.28400 0.3465445519287488
0.28500 0.3475972043820046
0.28600 0.3486470126225573
0.28700 0.3496939475204964
0.28800 0.3507379797619946
0.28900 0.3517790798490791
0.29000 0.3528172180994085
0.29100 0.3538523646460583
0.29200 0.35488448943731266
0.29300 0.35591356223646364
0.29400 0.3569395526216178
0.29500 0.35796242998551014
0.29600 0.35898216353532525
0.29700 0.35999872229252666
0.29800 0.36101207509269295
0.29900 0.36202219058536206
0.30000 0.363029037233883
0.30100 0.3640325833152761
0.30200 0.36503279692009954
0.30300 0.3660296459523261
0.30400 0.3670230981292258
0.30500 0.368013120981258
0.30600 0.36899968185197096
0.30700 0.36998274789791036
0.30800 0.37096228608853526
0.30900 0.37193826320614287
0.31000 0.37291064584580225
0.31100 0.37387940041529577
0.31200 0.37484449313506973
0.31300 0.3758058900381935
0.31400 0.37676355697032715
0.31500 0.377717459589699
0.31600 0.3786675633670902
0.31700 0.3796138335858307
0.31800 0.380556235341802
0.31900 0.381494733543451
0.32000 0.38242929291181144
0.32100 0.38335987798053633
0.32200 0.3842864530959381
0.32300 0.38520898241703966
0.32400 0.38612742991563404
0.32500 0.38704175937635404
0.32600 0.3879519343967521
0.32700 0.38885791838738887
0.32800 0.3897596745719327
0.32900 0.3906571659872686
0.33000 0.3915503554836171
0.33100 0.3924392057246639
0.33200 0.3933236791876992
0.33300 0.39420373816376714
0.33400 0.39507934475782625
0.33500 0.3959504608889197
0.33600 0.3968170482903572
0.33700 0.39767906850990564
0.33800 0.39853648290999266
0.33900 0.3993892526679193
0.34000 0.4002373387760841
0.34100 0.40108070204221885
0.34200 0.40191930308963425
0.34300 0.40275310235747724
0.34400 0.40358206010099984
0.34500 0.4044061363918388
0.34600 0.405225291118307
0.34700 0.40603948398569606
0.34800 0.4068486745165908
0.34900 0.4076528220511949
0.35000 0.40845188574766916
0.35100 0.4092458245824805
0.35200 0.4100345973507637
0.35300 0.4108181626666948
0.35400 0.41159647896387647
0.35500 0.4123695044957361
0.35600 0.4131371973359356
0.35700 0.4138995153787936
0.35800 0.4146564163397208
0.35900 0.41540785775566647
0.36000 0.41615379698557925
0.36100 0.4168941912108791
0.36200 0.41762899743594367
0.36300 0.41835817248860563
0.36400 0.41908167302066485
0.36500 0.419799455508412
0.36600 0.4205114762531673
0.36700 0.4212176913818302
0.36800 0.42191805684744416
0.36900 0.422612528429774
0.37000 0.42330106173589727
0.37100 0.4239836122008089
0.37200 0.4246601350880394
0.37300 0.42533058549028757
0.37400 0.425994918330066
0.37500 0.42665308836036164
0.37600 0.42730505016531
0.37700 0.42795075816088307
0.37800 0.4285901665955923
0.37900 0.42922322955120495
0.38000 0.42984990094347647
0.38100 0.43047013452289523
0.38200 0.43108388387544366
0.38300 0.4316911024233733
0.38400 0.43229174342599463
0.38500 0.4328857599804823
0.38600 0.43347310502269476
0.38700 0.4340537313280094
0.38800 0.4346275915121721
0.38900 0.43519463803216357
0.39000 0.43575482318707925
0.39100 0.4363080991190259
0.39200 0.436854417814033
0.39300 0.43739373110298047
0.39400 0.4379259906625414
0.39500 0.43845114801614105
0.39600 0.4389691545349316
0.39700 0.43947996143878315
0.39800 0.4399835197972899
0.39900 0.4404797805307941
0.40000 0.44096869441142467
0.40100 0.44145021206415297
0.40200 0.4419242839678651
0.40300 0.44239086045645065
0.40400 0.4428498917199078
0.40500 0.4433013278054653
0.40600 0.4437451186187213
0.40700 0.44418121392479953
0.40800 0.4446095633495219
0.40900 0.44503011638059775
0.41000 0.4454428223688318
0.41100 0.44584763052934784
0.41200 0.4462444899428307
0.41300 0.4466333495567855
0.41400 0.4470141581868139
0.41500 0.44738686451790854
0.41600 0.4477514171057658
0.41700 0.44810776437811484
0.41800 0.4484558546360652
0.41900 0.44879563605547373
0.42000 0.44912705668832714
0.42100 0.44945006446414476
0.42200 0.4497646071913988
0.42300 0.45007063255895263
0.42400 0.450368088137518
0.42500 0.4506569213811306
0.42600 0.4509370796286447
0.42700 0.45120851010524543
0.42800 0.45147115992398057
0.42900 0.4517249760873115
0.43000 0.4519699054886824
0.43100 0.45220589491410884
0.43200 0.45243289104378553
0.43300 0.45265084045371334
0.43400 0.4528596896173453
0.43500 0.4530593849072523
0.43600 0.4532498725968084
0.43700 0.45343109886189464
0.43800 0.4536030097826247
0.43900 0.4537655513450874
0.44000 0.4539186694431115
0.44100 0.4540623098800489
0.44200 0.4541964183705783
0.44300 0.45432094054252925
0.44400 0.4544358219387255
0.44500 0.4545410080188493
0.44600 0.4546364441613254
0.44700 0.4547220756652266
0.44800 0.45479784775219767
0.44900 0.4548637055684016
0.45000 0.4549195941864864
0.45100 0.4549654586075708
0.45200 0.4550012437632533
0.45300 0.45502689451763945
0.45400 0.45504235566939244
0.45500 0.45504757195380263
0.45600 0.4550424880448795
0.45700 0.4550270485574644
0.45800 0.45500119804936373
0.45900 0.4549648810235049
0.46000 0.4549180419301122
0.46100 0.4548606251689048
0.46200 0.4547925750913164
0.46300 0.4547138360027355
0.46400 0.45462435216476904
0.46500 0.4545240677975255
0.46600 0.4544129270819219
0.46700 0.4542908741620111
0.46800 0.45415785314733176
0.46900 0.45401380811527997
0.47000 0.4538586831135035
0.47100 0.4536924221623169
0.47200 0.4535149692571403
0.47300 0.4533262683709589
0.47400 0.4531262634568063
0.47500 0.4529148984502688
0.47600 0.452692117272013
0.47700 0.45245786383033537
0.47800 0.45221208202373464
0.47900 0.4519547157435063
0.48000 0.45168570887636106
0.48100 0.4514050053070634
0.48200 0.4511125489210961
0.48300 0.45080828360734515
0.48400 0.4504921532608081
0.48500 0.45016410178532623
0.48600 0.44982407309633826
0.48700 0.44947201112365853
0.48800 0.4491078598142764
0.48900 0.4487315631351809
0.49000 0.4483430650762067
0.49100 0.4479423096529044
0.49200 0.44752924090943336
0.49300 0.4471038029214783
0.49400 0.4466659397991891
0.49500 0.44621559569014346
0.49600 0.44575271478233397
0.49700 0.4452772413071774
0.49800 0.4447891195425485
0.49900 0.4442882938158367
0.50000 0.44377470850702666
0.50100 0.4432483080518022
0.50200 0.44270903694467406
0.50300 0.4421568397421308
0.50400 0.4415916610658142
0.50500 0.4410134456057178
0.50600 0.44042213812340875
0.50700 0.4398176834552747
0.50800 0.4392000265157931
0.50900 0.43856911230082535
0.51000 0.43792488589093376
0.51100 0.4372672924547235
0.51200 0.4365962772522074
0.51300 0.4359117856381953
0.51400 0.43521376306570697
0.51500 0.43450215508940915
0.51600 0.4337769073690758
0.51700 0.43303796567307384
0.51800 0.43228527588187116
0.51900 0.4315187839915692
0.52000 0.4307384361174604
0.52100 0.4299441784976076
0.52200 0.4291359574964499
0.52300 0.42831371960843034
0.52400 0.42747741146164875
0.52500 0.42662697982153774
0.52600 0.42576237159456437
0.52700 0.42488353383195315
0.52800 0.4239904137334353
0.52900 0.42308295865102113
0.53000 0.42216111609279594
0.53100 0.4212248337267402
0.53200 0.42027405938457424
0.53300 0.41930874106562616
0.53400 0.41832882694072315
0.53500 0.4173342653561079
0.53600 0.4163250048373786
0.53700 0.41530099409345156
0.53800 0.41426218202054915
0.53900 0.4132085177062108
0.54000 0.4121399504333276
0.54100 0.41105642968420125
0.54200 0.40995790514462616
0.54300 0.4088443267079953
0.54400 0.4077156444794299
0.54500 0.4065718087799325
0.54600 0.4054127701505636
0.54700 0.4042384793566422
0.54800 0.4030488873919692
0.54900 0.40184394548307417
0.55000 0.4006236050934867
0.55100 0.39938781792802946
0.55200 0.3981365359371352
0.55300 0.3968697113211878
0.55400 0.39558729653488506
0.55500 0.394289244291625
0.55600 0.3929755075679166
0.55700 0.39164603960781075
0.55800 0.39030079392735756
0.55900 0.3889397243190832
0.56000 0.3875627848564913
0.56100 0.386169929898588
0.56200 0.3847611140944267
0.56300 0.3833362923876782
0.56400 0.3818954200212215
0.56500 0.38043845254175884
0.56600 0.3789653458044504
0.56700 0.3774760559775737
0.56800 0.3759705395472042
0.56900 0.37444875332191807
0.57000 0.3729106544375156
0.57100 0.37135620036176936
0.57200 0.36978534889919124
0.57300 0.3681980581958232
0.57400 0.3665942867440478
0.57500 0.36497399338742204
0.57600 0.363337137325531
0.57700 0.36168367811886387
0.57800 0.36001357569370995
0.57900 0.35832679034707704
0.58000 0.3566232827516296
0.58100 0.3549030139606478
0.58200 0.35316594541300816
0.58300 0.35141203893818324
0.58400 0.3496412567612636
0.58500 0.34785356150799757
0.58600 0.3460489162098537
0.58700 0.34422728430910104
0.58800 0.34238862966391087
0.58900 0.3405329165534779
0.59000 0.33866010968315907
0.59100 0.3367701741896346
0.59200 0.33486307564608714
0.59300 0.3329387800673991
0.59400 0.33099725391536966
0.59500 0.3290384641039516
0.59600 0.3270623780045046
0.59700 0.32506896345106895
0.59800 0.3230581887456565
0.59900 0.32103002266355973
0.60000 0.3189844344586797
0.60100 0.31692139386886997
0.60200 0.3148408711213001
0.60300 0.31274283693783556
0.60400 0.3106272625404341
0.60500 0.30849411965656093
0.60600 0.3063433805246192
0.60700 0.3041750178993976
0.60800 0.30198900505753484
0.60900 0.2997853158029994
0.61000 0.29756392447258634
0.61100 0.29532480594142874
0.61200 0.29306793562852634
0.61300 0.29079328950228733
0.61400 0.2885008440860883
0.61500 0.2861905764638451
0.61600 0.28386246428560313
0.61700 0.28151648577313787
0.61800 0.2791526197255723
0.61900 0.27677084552500697
0.62000 0.2743711431421654
0.62100 0.27195349314205036
0.62200 0.26951787668961663
0.62300 0.2670642755554541
0.62400 0.2645926721214853
0.62500 0.26210304938667445
0.62600 0.2595953909727498
0.62700 0.2570696811299367
0.62800 0.254525904742704
0.62900 0.25196404733551975
0.63000 0.2493840950786208
0.63100 0.2467860347937903
0.63200 0.24416985396014865
0.63300 0.24153554071995276
0.63400 0.23888308388440704
0.63500 0.2362124729394814
0.63600 0.23352369805174295
0.63700 0.23081675007419244
0.63800 0.22809162055211313
0.63900 0.22534830172892545
0.64000 0.2225867865520521
0.64100 0.2198070686787899
0.64200 0.21700914248218917
0.64300 0.2141930030569411
0.64400 0.21135864622527226
0.64500 0.20850606854284381
0.64600 0.20563526730465986
0.64700 0.20274624055098006
0.64800 0.19983898707323763
0.64900 0.19691350641996452
0.65000 0.19396979890271865
0.65100 0.19100786560201855
0.65200 0.1880277083732805
0.65300 0.185029329852761
0.65400 0.18201273346350008
0.65500 0.17897792342127194
0.65600 0.17592490474053363
0.65700 0.1728536832403807
0.65800 0.16976426555050078
0.65900 0.1666566591171322
0.66000 0.16353087220902218
0.66100 0.1603869139233855
0.66200 0.15722479419186475
0.66300 0.1540445237864902
0.66400 0.15084611432564
0.66500 0.14762957827999762
0.66600 0.14439492897851128
0.66700 0.14114218061434902
0.66800 0.1378713482508537
0.66900 0.13458244782749407
0.67000 0.13127549616581524
0.67100 0.12795051097538307
0.67200 0.12460751085972717
0.67300 0.12124651532227947
0.67400 0.11786754477230652
0.67500 0.11447062053083973
0.67600 0.1110557648365969
0.67700 0.10762300085190102
0.67800 0.10417235266859012
0.67900 0.10070384531392243
0.68000 0.09721750475647263
0.68100 0.09371335791202076
0.68200 0.09019143264943436
0.68300 0.0866517577965394
0.68400 0.08309436314598422
0.68500 0.0795192794610931
0.68600 0.07592653848170919
0.68700 0.07231617293002786
0.68800 0.06868821651641747
0.68900 0.06504270394522976
0.69000 0.06137967092059813
0.69100 0.05769915415222254
0.69200 0.05400119136114093
0.69300 0.050285821285489
0.69400 0.04655308368624273
0.69500 0.04280301935295003
0.69600 0.03903567010944296
0.69700 0.035251078819537374
0.69800 0.03144928939271454
0.69900 0.027630346789787198
0.70000 0.023794297028547014
0.70100 0.01994118718939406
0.70200 0.016071065420949437
0.70300 0.012183980945647339
0.70400 0.008279984065306525
0.70500 0.004359126166685297
0.70600 0.0004214597270118428
0.70700 -0.0035329616805049894
0.70800 -0.007504083381186426
0.70900 -0.01149184959341815
0.71000 -0.015496203423206968
0.71100 -0.019517086858761135
0.71200 -0.02355444076509588
0.71300 -0.02760820487866184
0.71400 -0.03167831780200085
0.71500 -0.035764716998427294
0.71600 -0.03986733878673395
0.71700 -0.043986118335930656
0.71800 -0.048120989660002944
0.71900 -0.052271885612706244
0.72000 -0.05643873788238615
0.72100 -0.060621476986826746
0.72200 -0.06482003226813406
0.72300 -0.0690343318876449
0.72400 -0.07326430282087248
0.72500 -0.07750987085248015
0.72600 -0.08177096057129142
0.72700 -0.08604749536533161
0.72800 -0.09033939741690285
0.72900 -0.09464658769769779
0.73000 -0.09896898596394522
0.73100 -0.10330651075159204
0.73200 -0.10765907937152536
0.73300 -0.11202660790482832
0.73400 -0.11640901119807627
0.73500 -0.12080620285867294
0.73600 -0.12521809525022243
0.73700 -0.12964459948794463
0.73800 -0.13408562543413136
0.73900 -0.13854108169364365
0.74000 -0.14301087560945047
0.74100 -0.14749491325821124
0.74200 -0.1519930994459045
0.74300 -0.1565053377034953
0.74400 -0.16103153028265402
0.74500 -0.16557157815151788
0.74600 -0.17012538099049845
0.74700 -0.17469283718813935
0.74800 -0.17927384383701783
0.74900 -0.18386829672970062
0.75000 -0.18847609035474328
0.75100 -0.1930971178927451
0.75200 -0.1977312712124507
0.75300 -0.20237844086690737
0.75400 -0.2070385160896707
0.75500 -0.21171138479106724
0.75600 -0.2163969335545076
0.75700 -0.2210950476328586
0.75800 -0.2258056109448659
0.75900 -0.2305285060716362
0.76000 -0.2352636142531759
0.76100 -0.24001081538498695
0.76200 -0.2447699880147202
0.76300 -0.24954100933889106
0.76400 -0.25432375519965206
0.76500 -0.2591181000816277
0.76600 -0.26392391710881113
0.76700 -0.26874107804152153
0.76800 -0.2735694532734282
0.76900 -0.2784089118286333
0.77000 -0.2832593213588248
0.77100 -0.288120548140491
0.77200 -0.292992457072202
0.77300 -0.29787491167196234
0.77400 -0.30276777407462396
0.77500 -0.3076709050293743
0.77600 -0.3125841638972923
0.77700 -0.31750740864897226
0.77800 -0.3224404958622219
0.77900 -0.3273832807198301
0.78000 -0.3323356170074089
0.78100 -0.3372973571113076
0.78200 -0.3422683520166031
0.78300 -0.3472484513051635
0.78400 -0.3522375031537869
0.78500 -0.3572353543324214
0.78600 -0.36224185020245775
0.78700 -0.36725683471510157
0.78800 -0.37228015040982837
0.78900 -0.3773116384129131
0.79000 -0.3823511384360443
0.79100 -0.3873984887750201
0.79200 -0.3924535263085235
0.79300 -0.3975160864969844
0.79400 -0.4025860033815238
0.79500 -0.4076631095829855
0.79600 -0.41274723630104915
0.79700 -0.41783821331343507
0.79800 -0.42293586897519286
0.79900 -0.4280400302180798
0.80000 -0.43315052255002967
0.80100 -0.438267170054708
0.80200 -0.4433897953911635
0.80300 -0.44851821979356465
0.80400 -0.4536522630710347
0.80500 -0.4587917436075775
0.80600 -0.4639364783620965
0.80700 -0.46908628286851095
0.80800 -0.4742409712359662
0.80900 -0.4794003561491429
0.81000 -0.48456424886866056
0.81100 -0.4897324592315829
0.81200 -0.49490479565202056
0.81300 -0.5000810651218328
0.81400 -0.5052610732114337
0.81500 -0.5104446240706969
0.81600 -0.5156315204299635
0.81700 -0.5208215636011548
0.81800 -0.5260145534789884
0.81900 -0.5312102885422982
0.82000 -0.5364085658554631
0.82100 -0.5416091810699393
0.82200 -0.5468119284259045
0.82300 -0.5520166007540046
0.82400 -0.557222989477215
0.82500 -0.5624308846128099
0.82600 -0.5676400747744419
0.82700 -0.5728503471743347
0.82800 -0.5780614876255874
0.82900 -0.5832732805445929
0.83000 -0.5884855089535699
0.83100 -0.5936979544832113
0.83200 -0.5989103973754448
0.83300 -0.6041226164863183
0.83400 -0.6093343892889914
0.83500 -0.6145454918768545
0.83600 -0.619755698966764
0.83700 -0.6249647839023958
0.83800 -0.6301725186577226
0.83900 -0.6353786738406108
0.84000 -0.6405830186965394
0.84100 -0.6457853211124435
0.84200 -0.650985347620683
0.84300 -0.6561828634031301
0.84400 -0.6613776322953908
0.84500 -0.6665694167911468
0.84600 -0.6717579780466258
0.84700 -0.6769430758852002
0.84800 -0.682124468802116
0.84900 -0.6873019139693483
0.85000 -0.6924751672405886
0.85100 -0.6976439831563636
0.85200 -0.7028081149492834
0.85300 -0.7079673145494275
0.85400 -0.713121332589857
0.85500 -0.7182699184122664
0.85600 -0.7234128200727671
0.85700 -0.7285497843478088
0.85800 -0.7336805567402369
0.85900 -0.7388048814854827
0.86000 -0.7439225015578977
0.86100 -0.7490331586772226
0.86200 -0.7541365933151963
0.86300 -0.7592325447023042
0.86400 -0.7643207508346692
0.86500 -0.7694009484810808
0.86600 -0.7744728731901706
0.86700 -0.779536259297725
0.86800 -0.7845908399341468
0.86900 -0.7896363470320567
0.87000 -0.7946725113340433
0.87100 -0.799699062400554
0.87200 -0.8047157286179376
0.87300 -0.8097222372066283
0.87400 -0.81471831422948
0.87500 -0.8197036846002503
0.87600 -0.8246780720922285
0.87700 -0.8296411993470163
0.87800 -0.8345927878834591
0.87900 -0.839532558106725
0.88000 -0.8444602293175384
0.88100 -0.8493755197215618
0.88200 -0.8542781464389323
0.88300 -0.8591678255139527
0.88400 -0.8640442719249307
0.88500 -0.8689071995941793
0.88600 -0.8737563213981661
0.88700 -0.8785913491778198
0.88800 -0.8834119937489957
0.88900 -0.8882179649130919
0.89000 -0.8930089714678262
0.89100 -0.8977847212181717
0.89200 -0.902544920987444
0.89300 -0.9072892766285552
0.89400 -0.91201749303542
0.89500 -0.9167292741545263
0.89600 -0.9214243229966607
0.89700 -0.9261023416488006
0.89800 -0.9307630312861607
0.89900 -0.9354060921844048
0.90000 -0.9400312237320199
0.90100 -0.9446381244428488
0.90200 -0.9492264919687895
0.90300 -0.9537960231126542
0.90400 -0.9583464138411935
0.90500 -0.962877359298286
0.90600 -0.9673885538182864
0.90700 -0.9718796909395456
0.90800 -0.9763504634180907
0.90900 -0.9808005632414716
0.91000 -0.985229681642773
0.91100 -0.9896375091147943
0.91200 -0.9940237354243917
0.91300 -0.99838804962699
0.91400 -1.002730140081263
0.91500 -1.0070496944639737
0.91600 -1.0113463997849916
0.91700 -1.0156199424024681
0.91800 -1.0198700080381893
0.91900 -1.0240962817930859
0.92000 -1.0282984481629234
0.92100 -1.0324761910541516
0.92200 -1.036629193799926
0.92300 -1.0407571391762993
0.92400 -1.0448597094185808
0.92500 -1.0489365862378637
0.92600 -1.0529874508377233
0.92700 -1.0570119839310865
0.92800 -1.0610098657572653
0.92900 -1.0649807760991663
0.93000 -1.068924394300664
0.93100 -1.0728403992841504
0.93200 -1.0767284695682473
0.93300 -1.0805882832856946
0.93400 -1.0844195182014043
0.93500 -1.0882218517306872
0.93600 -1.0919949609576474
0.93700 -1.0957385226537486
0.93800 -1.0994522132965483
0.93900 -1.1031357090886023
0.94000 -1.1067886859765403
0.94100 -1.1104108196703106
0.94200 -1.114001785662591
0.94300 -1.117561259248375
0.94400 -1.121088915544722
0.94500 -1.12458442951068
0.94600 -1.1280474759673738
0.94700 -1.1314777296182679
0.94800 -1.1348748650695888
0.94900 -1.1382385568509263
0.95000 -1.1415684794359933
0.95100 -1.144864307263559
0.95200 -1.148125714758549
0.95300 -1.1513523763533104
0.95400 -1.154543966509047
0.95500 -1.1577001597374168
0.95600 -1.1608206306223015
0.95700 -1.1639050538417357
0.95800 -1.1669531041900083
0.95900 -1.1699644565999208
0.96000 -1.1729387861652198
0.96100 -1.1758757681631853
0.96200 -1.1787750780773882
0.96300 -1.1816363916206087
0.96400 -1.1844593847579183
0.96500 -1.1872437337299244
0.96600 -1.1899891150761754
0.96700 -1.1926952056587297
0.96800 -1.1953616826858806
0.96900 -1.1979882237360484
0.97000 -1.2005745067818236
0.97100 -1.203120210214177
0.97200 -1.2056250128668198
0.97300 -1.2080885940407302
0.97400 -1.2105106335288291
0.97500 -1.2128908116408146
0.97600 -1.2152288092281542
0.97700 -1.2175243077092284
0.97800 -1.219776989094628
0.97900 -1.2219865360126072
0.98000 -1.2241526317346871
0.98100 -1.2262749602014094
0.98200 -1.2283532060482427
0.98300 -1.2303870546316382
0.98400 -1.232376192055231
0.98500 -1.2343203051961935
0.98600 -1.2362190817317324
0.98700 -1.238072210165734
0.98800 -1.23987937985555
0.98900 -1.2416402810389329
0.99000 -1.2433546048611093
0.99100 -1.2450220434019974
0.99200 -1.2466422897035643
0.99300 -1.2482150377973211
0.99400 -1.2497399827319609
0.99500 -1.2512168206011278
0.99600 -1.252645248571328
0.99700 -1.2540249649099693
0.99800 -1.2553556690135403
0.99900 -1.2566370614359172