0.00000 0.04188790202234434
0.00100 0.0837758032791016
0.00200 0.12566369994233645
0.00300 0.1675515820594174
0.00400 0.2094394304906706
0.00500 0.2513272138470388
0.00600 0.293214885427751
0.00700 0.33510238015801275
0.00800 0.3769896115267325
0.00900 0.41887646852430194
0.01000 0.46076281258046015
0.01100 0.5026484745022729
0.01200 0.5445332514122714
0.01300 0.5864169036868015
0.01400 0.628299151894649
0.01500 0.6701796737360086
0.01600 0.7120581009818894
0.01700 0.7539340164140506
0.01800 0.7958069507655846
0.01900 0.8376763796622726
0.02000 0.8795417205648591
0.02100 0.9214023297124052
0.02200 0.9632574990669015
0.02300 1.0051064532593341
0.02400 1.0469483465374274
0.02500 1.0887822597152976
0.02600 1.130607197125276
0.02700 1.1724220835721895
0.02800 1.2142257612903955
0.02900 1.2560169869039144
0.03000 1.297794428389997
0.03100 1.339556662046527
0.03200 1.3813021694636567
0.03300 1.4230293345001126
0.03400 1.4647364402646421
0.03500 1.5064216661030925
0.03600 1.5480830845916533
0.03700 1.589718658536816
0.03800 1.631326237982642
0.03900 1.6729035572259683
0.04000 1.7144482318402057
0.04100 1.7559577557084223
0.04200 1.7974294980664487
0.04300 1.8388607005567636
0.04400 1.8802484742939776
0.04500 1.9215897969427418
0.04600 1.962881509808984
0.04700 2.0041203149453812
0.04800 2.045302772272046
0.04900 2.0864252967134203
0.05000 2.127484155352447
0.05100 2.168475464603093
0.05200 2.209395187402373
0.05300 2.250239130423065
0.05400 2.2910029413083275
0.05500 2.3316821059295174
0.05600 2.372271945668519
0.05700 2.4127676147259645
0.05800 2.4531640974567592
0.05900 2.4934562057343967
0.06000 2.5336385763455698
0.06100 2.573705668416665
0.06200 2.6136517608737497
0.06300 2.653470949937747
0.06400 2.6931571466565085
0.06500 2.732704074475579
0.06600 2.7721052668494877
0.06700 2.8113540648954616
0.06800 2.8504436150914874
0.06900 2.88936686702075
0.07000 2.928116571164487
0.07100 2.9666852767453706
0.07200 3.005065329623598
0.07300 3.0432488702479055
0.07400 3.081227831663794
0.07500 3.118993937581303
0.07600 3.156538700504735
0.07700 3.19385341992678
0.07800 3.230929180589554
0.07900 3.267756850815134
0.08000 3.3043270809081893
0.08100 3.34063030163343
0.08200 3.376656722770593
0.08300 3.4123963317497696
0.08400 3.4478388923699486
0.08500 3.4829739436036733
0.08600 3.5177907984907915
0.08700 3.552278543124335
0.08800 3.5864260357316082
0.08900 3.62022190585362
0.09000 3.6536545536260756
0.09100 3.6867121491651593
0.09200 3.7193826320614285
0.09300 3.751653710985164
0.09400 3.7835128634066044
0.09500 3.814947335434509
0.09600 3.8459441417765756
0.09700 3.8764900658252714
0.09800 3.9065716598726854
0.09900 3.936175245458066
0.10000 3.9652869138517444
0.10100 3.993892526679193
0.10200 4.021977716689013
0.10300 4.049527888668685
0.10400 4.076528220511949
0.10500 4.102963664441742
0.10600 4.128818948392619
0.10700 4.154078577556664
0.10800 4.1787268360968834
0.10900 4.202747789032146
0.11000 4.22612528429774
0.11100 4.248842954985624
0.11200 4.270884221768533
0.11300 4.29223229551205
0.11400 4.312870180078817
0.11500 4.3327806753290625
0.11600 4.351946380321636
0.11700 4.370349696719732
0.11800 4.387972832405532
0.11900 4.4047978053079415
0.12000 4.420806447447664
0.12100 4.435980409203768
0.12200 4.450301163805977
0.12300 4.463750012056861
0.12400 4.476308087288061
0.12500 4.487956360554737
0.12600 4.498675646072337
0.12700 4.508446606899779
0.12800 4.517249760873114
0.12900 4.525065486793701
0.13000 4.531874030874846
0.13100 4.537655513450873
0.13200 4.542389935952493
0.13300 4.5460571881522736
0.13400 4.548637055684017
0.13500 4.550109227839689
0.13600 4.550453305647559
0.13700 4.549648810235048
0.13800 4.547675191479783
0.13900 4.544511836952171
0.14000 4.540138081152801
0.14100 4.534533215047784
0.14200 4.527676495905137
0.14300 4.519547157435063
0.14400 4.510124420237022
0.14500 4.499387502556173
0.14600 4.487315631351809
0.14700 4.4738880536801
0.14800 4.459084048393427
0.14900 4.442882938158366
0.15000 4.425264101794217
0.15100 4.40620698693383
0.15200 4.385691123008252
0.15300 4.363696134556567
0.15400 4.340201754862065
0.15500 4.315187839915692
0.15600 4.2886343827075155
0.15700 4.260521527846694
0.15800 4.230829586510212
0.15900 4.199539051720434
0.16000 4.166630613951218
0.16100 4.132085177062108
0.16200 4.095883874559854
0.16300 4.058008086186218
0.16400 4.018439454830742
0.16500 3.9771599037668293
0.16600 3.9341516542092596
0.16700 3.889397243190831
0.16800 3.842879541755603
0.16900 3.7945817734658074
0.17000 3.7444875332191807
0.17100 3.6925808063731016
0.17200 3.638845988171588
0.17300 3.583267903470768
0.17400 3.525831826758141
0.17500 3.466523502460466
0.17600 3.405329165534777
0.17700 3.3422355623366027
0.17800 3.2772299717589903
0.17900 3.210300226635597
0.18000 3.141434735400577
0.18100 3.070622503997621
0.18200 2.9978531580299936
0.18300 2.9231169651429605
0.18400 2.8464048576295524
0.18500 2.7677084552500695
0.18600 2.687020088255278
0.18700 2.604332820602738
0.18800 2.5196404733551963
0.18900 2.432937648249425
0.19000 2.344219751423416
0.19100 2.2534830172892524
0.19200 2.1607245325384796
0.19300 2.0659422602662056
0.19400 1.9691350641996441
0.19500 1.8703027330162343
0.19600 1.7694460047358798
0.19700 1.6665665911713217
0.19800 1.561667202420038
0.19900 1.4547515713804866
0.20000 1.3458244782749407
0.20100 1.2348917751605197
0.20200 1.1219604104094878
0.20300 1.0070384531392242
0.20400 0.8901351175717008
0.20500 0.7712607873016902
0.20600 0.6504270394522976
0.20700 0.5276466686958295
0.20800 0.4029337111173821
0.20900 0.2763034678978758
0.21000 0.14777252879277772
0.21100 0.017358795381983833
0.21200 -0.11491849593418348
0.21300 -0.24903875121849614
0.21400 -0.3849799965862026
0.21500 -0.5227188561270645
0.21600 -0.662230530187591
0.21700 -0.8034887740414851
0.21800 -0.946465876976982
0.21900 -1.0911326418302418
0.22000 -1.23745836499467
0.22100 -1.3854108169364385
0.22200 -1.5349562232471599
0.22300 -1.6860592462651107
0.22400 -1.8386829672970084
0.22500 -1.9927888694728153
0.22600 -2.1483368212665117
0.22700 -2.305285060716364
0.22800 -2.4635901803785996
0.22900 -2.623207113048867
0.23000 -2.784089118286337
0.23100 -2.9461877697756584
0.23200 -3.109452943562454
0.23300 -3.273832807198304
0.23400 -3.4392738098316356
0.23500 -3.605720673281205
0.23600 -3.773116384129132
0.23700 -3.9414021868707962
0.23800 -4.110517578159098
0.23900 -4.280400302180798
0.24000 -4.450986347202948
0.24100 -4.622209943327356
0.24200 -4.7940035614914285
0.24300 -4.966297913753598
0.24400 -5.139021954901751
0.24500 -5.312102885422983
0.24600 -5.485466155872992
0.24700 -5.659035472683526
0.24800 -5.832732805445929
0.24900 -6.006478395708867
0.25000 -6.180190767328145
0.25100 -6.353786738406112
0.25200 -6.527181434858108
0.25300 -6.700288305642857
0.25400 -6.873019139693486
0.25500 -7.045284084585342
0.25600 -7.216991666976311
0.25700 -7.388048814854832
0.25800 -7.558360881630159
0.25900 -7.727831672098838
0.26000 -7.896363470320572
0.26100 -8.063857069436013
0.26200 -8.230211803458024
0.26300 -8.395325581067253
0.26400 -8.55909492144174
0.26500 -8.721414992149372
0.26600 -8.882179649130919
0.26700 -9.04128147880017
0.26800 -9.198611842286512
0.26900 -9.354060921844049
0.27000 -9.50751776944997
0.27100 -9.658870357613418
0.27200 -9.80800563241472
0.27300 -9.95480956879314
0.27400 -10.099167228099843
0.27500 -10.24096281793086
0.27600 -10.380079754253217
0.27700 -10.516400725835421
0.27800 -10.649807760991667
0.27900 -10.780182296646963
0.28000 -10.907405249728473
0.28100 -11.031357090886024
0.28200 -11.151917920542614
0.28300 -11.268967547273409
0.28400 -11.382385568509264
0.28500 -11.49205145355841
0.28600 -11.597844628937315
0.28700 -11.699644565999213
0.28800 -11.797330870845983
0.28900 -11.890783376506358
0.29000 -11.979882237360483
0.29100 -12.064508025788157
0.29200 -12.144541831014756
0.29300 -12.219865360126073
0.29400 -12.290361041219938
0.29500 -12.355912128659469
0.29600 -12.416402810389327
0.29700 -12.47171831727315
0.29800 -12.521745034406873
0.29900 -12.566370614359172