0.00000 -4.873878715597559e-07
0.00100 -3.899102960600701e-06
0.00200 -1.3159472318321167e-05
0.00300 -3.119282216450523e-05
0.00400 -6.0923476224694335e-05
0.00500 -0.00010527575257081393
0.00600 -0.0001671739584664087
0.00700 -0.00024954238271764225
0.00800 -0.00035530528503122387
0.00900 -0.00048738688188043085
0.01000 -0.0006487113283804157
0.01100 -0.0008422026956740004
0.01200 -0.0010707849433291945
0.01300 -0.0013373818862497185
0.01400 -0.0016449171555998588
0.01500 -0.0019963141532450585
0.01600 -0.002394495999209736
0.01700 -0.0028423854716539284
0.01800 -0.003342904938870505
0.01900 -0.003898976282804858
0.02000 -0.004513520813599152
0.02100 -0.005189459174663501
0.02200 -0.0059297112377766775
0.02300 -0.006737195987719259
0.02400 -0.007614831395942575
0.02500 -0.008565534282777159
0.02600 -0.009592220167684944
0.02700 -0.01069780310706001
0.02800 -0.011885195519083201
0.02900 -0.013157307995136902
0.03000 -0.014517049097286733
0.03100 -0.015967325141338
0.03200 -0.017511039964975755
0.03300 -0.01915109468049817
0.03400 -0.02089038741165444
0.03500 -0.02273181301409949
0.03600 -0.024678262778979308
0.03700 -0.02673262411916235
0.03800 -0.02889778023763399
0.03900 -0.031176609777573226
0.04000 -0.033571986453632435
0.04100 -0.03608677866394345
0.04200 -0.038723849082375666
0.04300 -0.041486054230574096
0.04400 -0.04437624402930859
0.04500 -0.047397261328667686
0.04600 -0.05055194141663464
0.04700 -0.05384311150558561
0.04800 -0.0572735901962545
0.04900 -0.06084618691871221
0.05000 -0.0645637013499124
0.05100 -0.06842892280736072
0.05200 -0.07244462961846801
0.05300 -0.07661358846515469
0.05400 -0.08093855370327668
0.05500 -0.08542226665645115
0.05600 -0.09006745488386415
0.05700 -0.09487683142165018
0.05800 -0.09985309399743894
0.05900 -0.10499892421767253
0.06000 -0.11031698672730351
0.06100 -0.11580992834149101
0.06200 -0.12148037714892194
0.06300 -0.1273309415863912
0.06400 -0.13336420948428465
0.06500 -0.13958274708261806
0.06600 -0.1459890980172948
0.06700 -0.15258578227625533
0.06800 -0.15937529512520235
0.06900 -0.16636010600259746
0.07000 -0.17354265738363572
0.07100 -0.18092536361291764
0.07200 -0.18851060970555147
0.07300 -0.19630075011643053
0.07400 -0.20429810747744523
0.07500 -0.21250497130240492
0.07600 -0.22092359665945743
0.07700 -0.22955620281081182
0.07800 -0.23840497181958628
0.07900 -0.24747204712361756
0.08000 -0.2567595320760899
0.08100 -0.26626948845285586
0.08200 -0.2760039349263426
0.08300 -0.2859648455059568
0.08400 -0.2961541479449198
0.08500 -0.3065737221134878
0.08600 -0.3172253983385324
0.08700 -0.3281109557094794
0.08800 -0.33923212035062805
0.08900 -0.3505905636598935
0.09000 -0.36218790051404526
0.09100 -0.3740256874405358
0.09200 -0.3861054207560414
0.09300 -0.39842853467186196
0.09400 -0.4109963993663606
0.09500 -0.4238103190246456
0.09600 -0.4368715298457296
0.09700 -0.4501811980174341
0.09800 -0.463740417659333
0.09900 -0.47755020873406645
0.10000 -0.4916115149273854
0.10100 -0.5059252014973249
0.10200 -0.5204920530929324
0.10300 -0.535312771543024
0.10400 -0.5503879736154637
0.10500 -0.5657181887475139
0.10600 -0.5813038567478283
0.10700 -0.5971453254707114
0.10800 -0.6132428484632996
0.10900 -0.6295965825863636
0.11000 -0.6462065856094734
0.11100 -0.6630728137813122
0.11200 -0.6801951193759636
0.11300 -0.6975732482160496
0.11400 -0.7152068371736351
0.11500 -0.7330954116498638
0.11600 -0.7512383830343423
0.11700 -0.769635046145329
0.11800 -0.7882845766518426
0.11900 -0.8071860284788482
0.12000 -0.8263383311967348
0.12100 -0.8457402873963483
0.12200 -0.8653905700508943
0.12300 -0.8852877198660871
0.12400 -0.9054301426199641
0.12500 -0.9258161064938499
0.12600 -0.9464437393960038
0.12700 -0.9673110262795502
0.12800 -0.9884158064563351
0.12900 -1.0097557709084273
0.13000 -1.0313284595990257
0.13100 -1.0531312587846084
0.13200 -1.0751613983302093
0.13300 -1.0974159490297726
0.13400 -1.1198918199336025
0.13500 -1.142585755684977
0.13600 -1.1654943338680706
0.13700 -1.18861396236938
0.13800 -1.211940876754929
0.13900 -1.2354711376655674
0.14000 -1.2592006282327781
0.14100 -1.2831250515174342
0.14200 -1.307239927974042
0.14300 -1.3315405929430622
0.14400 -1.3560221941739594
0.14500 -1.3806796893817097
0.14600 -1.4055078438395534
0.14700 -1.43050122801085
0.14800 -1.4556542152229563
0.14900 -1.480960979386122
0.15000 -1.5064154927604452
0.15100 -1.5320115237740248
0.15200 -1.5577426348954828
0.15300 -1.5836021805641152
0.15400 -1.6095833051809865
0.15500 -1.6356789411643498
0.15600 -1.661881807072833
0.15700 -1.6881844057999098
0.15800 -1.7145790228432118
0.15900 -1.7410577246523304
0.16000 -1.7676123570587854
0.16100 -1.7942345437919305
0.16200 -1.820915685084592
0.16300 -1.8476469563723228
0.16400 -1.8744193070901871
0.16500 -1.9012234595710698
0.16600 -1.9280499080495268
0.16700 -1.9548889177752828
0.16800 -1.9817305242404961
0.16900 -2.008564532524984
0.17000 -2.0353805167636367
0.17100 -2.062167819740299
0.17200 -2.0889155526124297
0.17300 -2.115612594770907
0.17400 -2.14224759383936
0.17500 -2.16880896581748
0.17600 -2.195284895372745
0.17700 -2.2216633362850677
0.17800 -2.24793201204889
0.17900 -2.2740784166372427
0.18000 -2.3000898154323624
0.18100 -2.325953246327416
0.18200 -2.3516555210039494
0.18300 -2.377183226389645
0.18400 -2.4025227263010085
0.18500 -2.4276601632755876
0.18600 -2.452581460598335
0.18700 -2.4772723245267168
0.18800 -2.50171824671916
0.18900 -2.5259045068714077
0.19000 -2.5498161755653532
0.19100 -2.5734381173348657
0.19200 -2.5967549939531285
0.19300 -2.6197512679459423
0.19400 -2.6424112063354297
0.19500 -2.6647188846185155
0.19600 -2.68665819098452
0.19700 -2.708212830776127
0.19800 -2.729366331197951
0.19900 -2.7501020462768224
0.20000 -2.7704031620778835
0.20100 -2.790252702180448
0.20200 -2.809633533417539
0.20300 -2.8285283718828946
0.20400 -2.846919789209139
0.20500 -2.8647902191207044
0.20600 -2.88212196426498
0.20700 -2.898897203325021
0.20800 -2.915097998417048
0.20900 -2.9307063027758
0.21000 -2.945703968730673
0.21100 -2.960072755975422
0.21200 -2.9737943401340274
0.21300 -2.9868503216251745
0.21400 -2.9992222348276005
0.21500 -3.010891557548377
0.21600 -3.021839720796012
0.21700 -3.0320481188600352
0.21800 -3.0414981196985167
0.21900 -3.050171075634763
0.22000 -3.0580483343641816
0.22100 -3.0651112502720763
0.22200 -3.07134119606288
0.22300 -3.0767195747010776
0.22400 -3.0812278316637944
0.22500 -3.0848474675047575
0.22600 -3.087560050729035
0.22700 -3.0893472309776846
0.22800 -3.090190752521104
0.22900 -3.0900724680595926
0.23000 -3.0889743528292817
0.23100 -3.0868785190112757
0.23200 -3.083767230441479
0.23300 -3.079622917618259
0.23400 -3.074428193004696
0.23500 -3.0681658666218374
0.23600 -3.0608189619289474
0.23700 -3.0523707319863957
0.23800 -3.042804675896379
0.23900 -3.032104555516324
0.24000 -3.0202544124393134
0.24100 -3.0072385852355428
0.24200 -2.9930417269483036
0.24300 -2.9776488228375837
0.24400 -2.961045208363905
0.24500 -2.9432165874045695
0.24600 -2.9241490506940018
0.24700 -2.903829094479393
0.24800 -2.8822436393823914
0.24900 -2.859380049457064
0.25000 -2.835226151433872
0.25100 -2.809770254138881
0.25200 -2.7830011680769235
0.25300 -2.7549082251669192
0.25400 -2.7254812986170194
0.25500 -2.694710822926705
0.25600 -2.6625878140024746
0.25700 -2.629103889373149
0.25800 -2.5942512884903643
0.25900 -2.5580228930991806
0.26000 -2.520412247663277
0.26100 -2.4814135798285637
0.26200 -2.4410218209085874
0.26300 -2.3992326263744177
0.26400 -2.3560423963312984
0.26500 -2.311448295963654
0.26600 -2.265448275929578
0.26700 -2.218041092685311
0.26800 -2.169226328719729
0.26900 -2.1190044126782275
0.27000 -2.0673766393549133
0.27100 -2.0143451895314364
0.27200 -1.959913149640246
0.27300 -1.9040845312295394
0.27400 -1.8468642902066452
0.27500 -1.7882583458360373
0.27600 -1.728273599467697
0.27700 -1.666917952970996
0.27800 -1.6042003268488185
0.27900 -1.540130678006125
0.28000 -1.4747200171467099
0.28100 -1.4079804257714352
0.28200 -1.3399250727507659
0.28300 -1.2705682304440422
0.28400 -1.1999252903374331
0.28500 -1.1280127781722105
0.28600 -1.0548483685345285
0.28700 -0.9804508988775634
0.28800 -0.9048403829465109
0.28900 -0.8280380235766361
0.29000 -0.7500662248342864
0.29100 -0.6709486034704183
0.29200 -0.5907099996560644
0.29300 -0.5093764869688406
0.29400 -0.42697538159943677
0.29500 -0.34353525074689567
0.29600 -0.25908592017125337
0.29700 -0.17365848087211883
0.29800 -0.08728529486160036
0.29900 -5.12978851659144e-16