0.00000 0.003769911184289148
0.00100 0.007539822368020183
0.00200 0.01130973354840254
0.00300 0.015079644718180752
0.00400 0.01884955586340199
0.00500 0.022619466961183624
0.00600 0.02638937797748076
0.00700 0.03015928886485381
0.00800 0.03392919956023599
0.00900 0.037699109982700936
0.01000 0.041469020031230173
0.01100 0.04523892958248079
0.01200 0.04900883848855285
0.01300 0.05277874657475699
0.01400 0.05654865363738205
0.01500 0.060318559441462534
0.01600 0.0640884637185462
0.01700 0.06785836616446164
0.01800 0.07162826643708581
0.01900 0.07539816415411164
0.02000 0.07916805889081559
0.02100 0.08293795017782517
0.02200 0.08670783749888673
0.02300 0.09047772028863275
0.02400 0.09424759793034973
0.02500 0.09801746975374569
0.02600 0.10178733503271767
0.02700 0.10555719298311972
0.02800 0.10932704276053024
0.02900 0.11309688345801971
0.03000 0.11686671410391863
0.03100 0.12063653365958496
0.03200 0.12440634101717195
0.03300 0.128176134997396
0.03400 0.13194591434730446
0.03500 0.13571567773804336
0.03600 0.13948542376262524
0.03700 0.14325515093369742
0.03800 0.14702485768130957
0.03900 0.15079454235068188
0.04000 0.15456420319997308
0.04100 0.1583338383980486
0.04200 0.1621034460222487
0.04300 0.16587302405615667
0.04400 0.16964257038736735
0.04500 0.1734120828052551
0.04600 0.17718155899874272
0.04700 0.18095099655406963
0.04800 0.1847203929525606
0.04900 0.18848974556839468
0.05000 0.19225905166637378
0.05100 0.1960283083996916
0.05200 0.1997975128077029
0.05300 0.2035666618136925
0.05400 0.20733575222264466
0.05500 0.21110478071901256
0.05600 0.21487374386448777
0.05700 0.21864263809576992
0.05800 0.22241145972233706
0.05900 0.22618020492421512
0.06000 0.2299488697497488
0.06100 0.2337174501133714
0.06200 0.23748594179337593
0.06300 0.24125434042968574
0.06400 0.24502264152162564
0.06500 0.24879084042569344
0.06600 0.252558932353331
0.06700 0.2563269123686965
0.06800 0.2600947753864364
0.06900 0.2638625161694577
0.07000 0.26763012932670066
0.07100 0.2713976093109115
0.07200 0.27516495041641625
0.07300 0.2789321467768939
0.07400 0.2826991923631501
0.07500 0.2864660809808921
0.07600 0.2902328062685032
0.07700 0.2939993616948173
0.07800 0.2977657405568953
0.07900 0.30153193597780026
0.08000 0.30529794090437384
0.08100 0.3090637481050136
0.08200 0.3128293501674495
0.08300 0.3165947394965225
0.08400 0.3203599083119619
0.08500 0.324124848646165
0.08600 0.32788955234197587
0.08700 0.3316540110504653
0.08800 0.33541821622871204
0.08900 0.3391821591375828
0.09000 0.3429458308395145
0.09100 0.34670922219629724
0.09200 0.350472323866856
0.09300 0.354235126305036
0.09400 0.35799761975738587
0.09500 0.36175979426094373
0.09600 0.36552163964102274
0.09700 0.369283145508998
0.09800 0.3730443012600943
0.09900 0.37680509607117424
0.10000 0.3805655188985281
0.10100 0.38432555847566346
0.10200 0.38808520331109686
0.10300 0.39184444168614546
0.10400 0.39560326165272025
0.10500 0.3993616510311206
0.10600 0.4031195974078287
0.10700 0.4068770881333061
0.10800 0.41063411031979113
0.10900 0.414390650839097
0.11000 0.41814669632041185
0.11100 0.421902233148099
0.11200 0.42565724745949945
0.11300 0.429411725142735
0.11400 0.43316565183451283
0.11500 0.43691901291793145
0.11600 0.44067179352028785
0.11700 0.44442397851088666
0.11800 0.44817555249884955
0.11900 0.45192649983092764
0.12000 0.45567680458931414
0.12100 0.4594264505894592
0.12200 0.4631754213778862
0.12300 0.46692370023000973
0.12400 0.47067127014795535
0.12500 0.4744181138583803
0.12600 0.4781642138102973
0.12700 0.48190955217289927
0.12800 0.48565411083338594
0.12900 0.48939787139479257
0.13000 0.49314081517382036
0.13100 0.4968829231986693
0.13200 0.5006241762068726
0.13300 0.5043645546431335
0.13400 0.5081040386571636
0.13500 0.5118426081015245
0.13600 0.5155802425294707
0.13700 0.5193169211927944
0.13800 0.5230526230396748
0.13900 0.5267873267125267
0.14000 0.5305210105458539
0.14100 0.5342536525641041
0.14200 0.5379852304795266
0.14300 0.5417157216900321
0.14400 0.5454451032770561
0.14500 0.5491733520034238
0.14600 0.5529004443112191
0.14700 0.5566263563196547
0.14800 0.5603510638229472
0.14900 0.5640745422881932
0.15000 0.5677967668532492
0.15100 0.5715177123246153
0.15200 0.5752373531753202
0.15300 0.5789556635428109
0.15400 0.5826726172268457
0.15500 0.586388187687389
0.15600 0.5901023480425108
0.15700 0.59381507106629
0.15800 0.5975263291867189
0.15900 0.6012360944836144
0.16000 0.6049443386865303
0.16100 0.6086510331726748
0.16200 0.6123561489648306
0.16300 0.6160596567292803
0.16400 0.6197615267737344
0.16500 0.6234617290452638
0.16600 0.6271602331282363
0.16700 0.6308570082422582
0.16800 0.6345520232401173
0.16900 0.6382452466057341
0.17000 0.641936646452114
0.17100 0.6456261905193064
0.17200 0.649313846172366
0.17300 0.6529995803993207
0.17400 0.6566833598091433
0.17500 0.660365150629728
0.17600 0.6640449187058721
0.17700 0.6677226294972614
0.17800 0.6713982480764626
0.17900 0.6750717391269194
0.18000 0.6787430669409538
0.18100 0.6824121954177736
0.18200 0.6860790880614843
0.18300 0.6897437079791066
0.18400 0.6934060178786001
0.18500 0.697065980066892
0.18600 0.7007235564479121
0.18700 0.7043787085206318
0.18800 0.7080313973771123
0.18900 0.7116815837005557
0.19000 0.7153292277633638
0.19100 0.7189742894252029
0.19200 0.7226167281310742
0.19300 0.7262565029093915
0.19400 0.7298935723700648
0.19500 0.733527894702591
0.19600 0.7371594276741505
0.19700 0.7407881286277115
0.19800 0.7444139544801401
0.19900 0.7480368617203189
0.20000 0.7516568064072718
0.20100 0.7552737441682952
0.20200 0.7588876301970983
0.20300 0.7624984192519497
0.20400 0.766106065653832
0.20500 0.7697105232846031
0.20600 0.773311745585167
0.20700 0.7769096855536506
0.20800 0.7805042957435901
0.20900 0.7840955282621248
0.21000 0.7876833347681984
0.21100 0.7912676664707696
0.21200 0.7948484741270319
0.21300 0.7984257080406392
0.21400 0.8019993180599434
0.21500 0.8055692535762392
0.21600 0.8091354635220166
0.21700 0.8126978963692253
0.21800 0.8162565001275464
0.21900 0.8198112223426736
0.22000 0.8233620100946037
0.22100 0.8269088099959384
0.22200 0.8304515681901925
0.22300 0.8339902303501157
0.22400 0.8375247416760213
0.22500 0.8410550468941272
0.22600 0.8445810902549048
0.22700 0.8481028155314406
0.22800 0.8516201660178075
0.22900 0.8551330845274461
0.23000 0.8586415133915568
0.23100 0.8621453944575037
0.23200 0.8656446690872295
0.23300 0.8691392781556804
0.23400 0.8726291620492429
0.23500 0.8761142606641933
0.23600 0.879594513405157
0.23700 0.88306985918358
0.23800 0.8865402364162142
0.23900 0.890005583023611
0.24000 0.8934658364286315
0.24100 0.896920933554965
0.24200 0.9003708108256638
0.24300 0.9038154041616865
0.24400 0.9072546489804583
0.24500 0.9106884801944416
0.24600 0.9141168322097203
0.24700 0.9175396389245973
0.24800 0.920956833728207
0.24900 0.9243683494991382
0.25000 0.9277741186040741
0.25100 0.931174072896444
0.25200 0.9345681437150902
0.25300 0.9379562618829489
0.25400 0.9413383577057444
0.25500 0.9447143609707002
0.25600 0.9480842009452624
0.25700 0.9514478063758404
0.25800 0.9548051054865598
0.25900 0.9581560259780338
0.26000 0.9615004950261465
0.26100 0.9648384392808559
0.26200 0.9681697848650083
0.26300 0.9714944573731721
0.26400 0.9748123818704862
0.26500 0.9781234828915246
0.26600 0.9814276844391776
0.26700 0.9847249099835507
0.26800 0.9880150824608784
0.26900 0.9912981242724567
0.27000 0.9945739572835922
0.27100 0.9978425028225684
0.27200 1.0011036816796295
0.27300 1.0043574141059826
0.27400 1.007603619812817
0.27500 1.0108422179703427
0.27600 1.014073127206846
0.27700 1.0172962656077642
0.27800 1.0205115507147795
0.27900 1.023718899524931
0.28000 1.026918228489745
0.28100 1.030109453514388
0.28200 1.0332924899568352
0.28300 1.0364672526270604
0.28400 1.0396336557862464
0.28500 1.0427916131460138
0.28600 1.045941037867672
0.28700 1.0490818425614892
0.28800 1.0522139392859837
0.28900 1.0553372395472371
0.29000 1.0584516542982254
0.29100 1.0615570939381747
0.29200 1.0646534683119377
0.29300 1.0677406867093908
0.29400 1.0708186578648533
0.29500 1.0738872899565304
0.29600 1.0769464906059756
0.29700 1.0799961668775797
0.29800 1.0830362252780787
0.29900 1.086066571756086
0.30000 1.089087111701649
0.30100 1.0920977499458282
0.30200 1.0950983907602985
0.30300 1.0980889378569783
0.30400 1.1010692943876772
0.30500 1.1040393629437737
0.30600 1.1069990455559127
0.30700 1.1099482436937311
0.30800 1.1128868582656057
0.30900 1.1158147896184285
0.31000 1.1187319375374067
0.31100 1.1216382012458872
0.31200 1.124533479405209
0.31300 1.1274176701145804
0.31400 1.1302906709109815
0.31500 1.1331523787690967
0.31600 1.1360026901012705
0.31700 1.138841500757492
0.31800 1.1416687060254058
0.31900 1.1444842006303526
0.32000 1.1472878787354344
0.32100 1.1500796339416088
0.32200 1.1528593592878142
0.32300 1.155626947251119
0.32400 1.1583822897469018
0.32500 1.161125278129062
0.32600 1.1638558031902562
0.32700 1.1665737551621667
0.32800 1.169279023715798
0.32900 1.1719714979618057
0.33000 1.1746510664508514
0.33100 1.1773176171739916
0.33200 1.1799710375630978
0.33300 1.1826112144913012
0.33400 1.1852380342734785
0.33500 1.187851382666759
0.33600 1.1904511448710713
0.33700 1.193037205529717
0.33800 1.1956094487299778
0.33900 1.1981677580037577
0.34000 1.2007120163282523
0.34100 1.2032421061266567
0.34200 1.2057579092689028
0.34300 1.2082593070724317
0.34400 1.2107461803029995
0.34500 1.2132184091755163
0.34600 1.2156758733549209
0.34700 1.218118451957088
0.34800 1.2205460235497723
0.34900 1.2229584661535844
0.35000 1.2253556572430073
0.35100 1.2277374737474414
0.35200 1.2301037920522908
0.35300 1.232454488000084
0.35400 1.2347894368916292
0.35500 1.2371085134872082
0.35600 1.2394115920078066
0.35700 1.2416985461363808
0.35800 1.243969249019162
0.35900 1.2462235732669993
0.36000 1.2484613909567375
0.36100 1.2506825736326372
0.36200 1.2528869923078307
0.36300 1.2550745174658169
0.36400 1.2572450190619942
0.36500 1.259398366525236
0.36600 1.2615344287595018
0.36700 1.2636530741454906
0.36800 1.2657541705423323
0.36900 1.2678375852893218
0.37000 1.2699031852076916
0.37100 1.2719508366024264
0.37200 1.2739804052641182
0.37300 1.2759917564708625
0.37400 1.277984754990198
0.37500 1.279959265081085
0.37600 1.28191515049593
0.37700 1.2838522744826493
0.37800 1.2857704997867767
0.37900 1.2876696886536148
0.38000 1.2895497028304292
0.38100 1.2914104035686855
0.38200 1.293251651626331
0.38300 1.2950733072701197
0.38400 1.2968752302779836
0.38500 1.2986572799414466
0.38600 1.3004193150680843
0.38700 1.302161193984028
0.38800 1.303882774536516
0.38900 1.3055839140964907
0.39000 1.3072644695612377
0.39100 1.3089242973570776
0.39200 1.310563253442099
0.39300 1.3121811933089413
0.39400 1.313777971987624
0.39500 1.315353444048423
0.39600 1.3169074636047948
0.39700 1.3184398843163492
0.39800 1.3199505593918697
0.39900 1.3214393415923822
0.40000 1.3229060832342738
0.40100 1.3243506361924586
0.40200 1.3257728519035952
0.40300 1.327172581369352
0.40400 1.3285496751597232
0.40500 1.3299039834163955
0.40600 1.3312353558561638
0.40700 1.3325436417743985
0.40800 1.3338286900485656
0.40900 1.3350903491417931
0.41000 1.3363284671064954
0.41100 1.3375428915880434
0.41200 1.338733469828492
0.41300 1.3399000486703565
0.41400 1.3410424745604412
0.41500 1.3421605935537255
0.41600 1.3432542513172976
0.41700 1.344323293134344
0.41800 1.3453675639081955
0.41900 1.346386908166421
0.42000 1.3473811700649811
0.42100 1.3483501933924344
0.42200 1.3492938215741963
0.42300 1.3502118976768578
0.42400 1.351104264412554
0.42500 1.3519707641433918
0.42600 1.3528112388859341
0.42700 1.3536255303157363
0.42800 1.3544134797719416
0.42900 1.3551749282619345
0.43000 1.3559097164660472
0.43100 1.3566176847423264
0.43200 1.3572986731313565
0.43300 1.3579525213611396
0.43400 1.3585790688520356
0.43500 1.359178154721757
0.43600 1.359749617790425
0.43700 1.360293296585684
0.43800 1.3608090293478738
0.43900 1.3612966540352622
0.44000 1.3617560083293343
0.44100 1.3621869296401463
0.44200 1.362589255111735
0.44300 1.3629628216275878
0.44400 1.3633074658161763
0.44500 1.3636230240565477
0.44600 1.363909332483976
0.44700 1.3641662269956796
0.44800 1.3643935432565928
0.44900 1.3645911167052047
0.45000 1.364758782559459
0.45100 1.3648963758227126
0.45200 1.3650037312897596
0.45300 1.3650806835529183
0.45400 1.3651270670081772
0.45500 1.3651427158614076
0.45600 1.3651274641346383
0.45700 1.3650811456723928
0.45800 1.3650035941480911
0.45900 1.3648946430705147
0.46000 1.3647541257903366
0.46100 1.3645818755067145
0.46200 1.364377725273949
0.46300 1.3641415080082064
0.46400 1.3638730564943071
0.46500 1.3635722033925763
0.46600 1.3632387812457656
0.46700 1.3628726224860332
0.46800 1.3624735594419952
0.46900 1.36204142434584
0.47000 1.3615760493405102
0.47100 1.3610772664869506
0.47200 1.3605449077714207
0.47300 1.3599788051128767
0.47400 1.3593787903704184
0.47500 1.3587446953508064
0.47600 1.3580763518160388
0.47700 1.3573735914910061
0.47800 1.3566362460712038
0.47900 1.355864147230519
0.48000 1.355057126629083
0.48100 1.35421501592119
0.48200 1.3533376467632883
0.48300 1.3524248508220353
0.48400 1.3514764597824243
0.48500 1.3504923053559788
0.48600 1.349472219289015
0.48700 1.3484160333709754
0.48800 1.3473235794428293
0.48900 1.3461946894055425
0.49000 1.3450291952286202
0.49100 1.3438269289587133
0.49200 1.3425877227282998
0.49300 1.3413114087644347
0.49400 1.3399978193975672
0.49500 1.3386467870704304
0.49600 1.3372581443470017
0.49700 1.3358317239215323
0.49800 1.3343673586276454
0.49900 1.33286488144751
0.50000 1.33132412552108
0.50100 1.3297449241554065
0.50200 1.3281271108340218
0.50300 1.3264705192263924
0.50400 1.3247749831974425
0.50500 1.323040336817153
0.50600 1.321266414370226
0.50700 1.3194530503658237
0.50800 1.3176000795473792
0.50900 1.3157073369024757
0.51000 1.313774657672801
0.51100 1.3118018773641704
0.51200 1.309788831756622
0.51300 1.3077353569145858
0.51400 1.305641289197121
0.51500 1.3035064652682273
0.51600 1.3013307221072274
0.51700 1.2991138970192218
0.51800 1.2968558276456132
0.51900 1.2945563519747076
0.52000 1.2922153083523809
0.52100 1.2898325354928228
0.52200 1.2874078724893498
0.52300 1.2849411588252908
0.52400 1.282432234384946
0.52500 1.2798809394646131
0.52600 1.277287114783693
0.52700 1.2746506014958594
0.52800 1.2719712412003061
0.52900 1.2692488759530636
0.53000 1.2664833482783877
0.53100 1.2636745011802204
0.53200 1.2608221781537228
0.53300 1.2579262231968782
0.53400 1.2549864808221693
0.53500 1.2520027960683235
0.53600 1.2489750145121357
0.53700 1.2459029822803545
0.53800 1.2427865460616474
0.53900 1.2396255531186324
0.54000 1.2364198512999827
0.54100 1.2331692890526038
0.54200 1.2298737154338786
0.54300 1.226532980123986
0.54400 1.2231469334382896
0.54500 1.2197154263397973
0.54600 1.2162383104516905
0.54700 1.2127154380699265
0.54800 1.2091466621759075
0.54900 1.2055318364492225
0.55000 1.20187081528046
0.55100 1.1981634537840882
0.55200 1.1944096078114055
0.55300 1.1906091339635634
0.55400 1.186761889604655
0.55500 1.182867732874875
0.55600 1.1789265227037495
0.55700 1.174938118823432
0.55800 1.1709023817820725
0.55900 1.1668191729572495
0.56000 1.1626883545694737
0.56100 1.1585097896957641
0.56200 1.1542833422832801
0.56300 1.1500088771630343
0.56400 1.1456862600636646
0.56500 1.1413153576252764
0.56600 1.136896037413351
0.56700 1.132428167932721
0.56800 1.1279116186416127
0.56900 1.123346259965754
0.57000 1.1187319633125468
0.57100 1.1140686010853078
0.57200 1.1093560466975736
0.57300 1.1045941745874692
0.57400 1.0997828602321433
0.57500 1.094921980162266
0.57600 1.090011411976593
0.57700 1.0850510343565916
0.57800 1.0800407270811296
0.57900 1.0749803710412311
0.58000 1.0698698482548885
0.58100 1.0647090418819432
0.58200 1.0594978362390244
0.58300 1.0542361168145495
0.58400 1.0489237702837906
0.58500 1.0435606845239926
0.58600 1.038146748629561
0.58700 1.032681852927303
0.58800 1.0271658889917326
0.58900 1.0215987496604335
0.59000 1.015980329049477
0.59100 1.010310522568904
0.59200 1.0045892269382612
0.59300 0.9988163402021972
0.59400 0.992991761746109
0.59500 0.9871153923118549
0.59600 0.9811871340135139
0.59700 0.9752068903532068
0.59800 0.9691745662369694
0.59900 0.9630900679906792
0.60000 0.956953303376039
0.60100 0.9507641816066097
0.60200 0.9445226133639003
0.60300 0.9382285108135067
0.60400 0.9318817876213022
0.60500 0.9254823589696827
0.60600 0.9190301415738574
0.60700 0.9125250536981928
0.60800 0.9059670151726045
0.60900 0.899355947408998
0.61000 0.892691773417759
0.61100 0.8859744178242861
0.61200 0.879203806885579
0.61300 0.872379868506862
0.61400 0.8655025322582649
0.61500 0.8585717293915354
0.61600 0.8515873928568095
0.61700 0.8445494573194137
0.61800 0.8374578591767169
0.61900 0.8303125365750209
0.62000 0.8231134294264961
0.62100 0.8158604794261511
0.62200 0.8085536300688498
0.62300 0.8011928266663624
0.62400 0.7937780163644557
0.62500 0.7863091481600232
0.62600 0.7787861729182494
0.62700 0.77120904338981
0.62800 0.7635777142281119
0.62900 0.7558921420065592
0.63000 0.7481522852358624
0.63100 0.7403581043813708
0.63200 0.7325095618804459
0.63300 0.7246066221598582
0.63400 0.7166492516532211
0.63500 0.7086374188184441
0.63600 0.7005710941552288
0.63700 0.6924502502225773
0.63800 0.6842748616563392
0.63900 0.6760449051867763
0.64000 0.6677603596561562
0.64100 0.6594212060363697
0.64200 0.6510274274465674
0.64300 0.6425790091708233
0.64400 0.6340759386758167
0.64500 0.6255182056285313
0.64600 0.6169058019139795
0.64700 0.6082387216529402
0.64800 0.5995169612197128
0.64900 0.5907405192598936
0.65000 0.5819093967081559
0.65100 0.5730235968060556
0.65200 0.5640831251198415
0.65300 0.5550879895582829
0.65400 0.5460382003905003
0.65500 0.5369337702638157
0.65600 0.5277747142216008
0.65700 0.518561049721142
0.65800 0.5092927966515023
0.65900 0.49996997735139653
0.66000 0.4905926166270665
0.66100 0.48116074177015644
0.66200 0.4716743825755942
0.66300 0.46213357135947064
0.66400 0.45253834297691997
0.66500 0.44288873483999286
0.66600 0.43318478693553375
0.66700 0.42342654184304707
0.66800 0.413614044752561
0.66900 0.40374734348248215
0.67000 0.3938264884974457
0.67100 0.3838515329261492
0.67200 0.37382253257918147
0.67300 0.36373954596683833
0.67400 0.3536026343169195
0.67500 0.34341186159251913
0.67600 0.3331672945097907
0.67700 0.322869002555703
0.67800 0.31251705800577034
0.67900 0.30211153594176726
0.68000 0.29165251426941785
0.68100 0.2811400737360623
0.68200 0.27057429794830307
0.68300 0.2599552733896182
0.68400 0.24928308943795263
0.68500 0.23855783838327932
0.68600 0.2277796154451275
0.68700 0.21694851879008353
0.68800 0.2060646495492524
0.68900 0.1951281118356893
0.69000 0.18413901276179437
0.69100 0.17309746245666763
0.69200 0.16200357408342275
0.69300 0.150857463856467
0.69400 0.1396592510587282
0.69500 0.12840905805885006
0.69600 0.11710701032832888
0.69700 0.10575323645861211
0.69800 0.09434786817814363
0.69900 0.08289104036936158
0.70000 0.07138289108564104
0.70100 0.059823561568182186
0.70200 0.048213196262848305
0.70300 0.036551942836942006
0.70400 0.024839952195919574
0.70500 0.013077378500055888
0.70600 0.0012643791810355283
0.70700 -0.010598885041514967
0.70800 -0.022512250143559273
0.70900 -0.03447554878025444
0.71000 -0.0464886102696209
0.71100 -0.0585512605762834
0.71200 -0.07066332229528763
0.71300 -0.08282461463598552
0.71400 -0.09503495340600257
0.71500 -0.10729415099528189
0.71600 -0.11960201636020185
0.71700 -0.13195835500779196
0.71800 -0.14436296898000883
0.71900 -0.1568156568381187
0.72000 -0.16931621364715846
0.72100 -0.18186443096048022
0.72200 -0.19446009680440215
0.72300 -0.20710299566293472
0.72400 -0.21979290846261745
0.72500 -0.23252961255744048
0.72600 -0.24531288171387428
0.72700 -0.25814248609599477
0.72800 -0.27101819225070856
0.72900 -0.2839397630930934
0.73000 -0.29690695789183563
0.73100 -0.3099195322547761
0.73200 -0.322977238114576
0.73300 -0.3360798237144849
0.73400 -0.3492270335942288
0.73500 -0.3624186085760188
0.73600 -0.3756542857506673
0.73700 -0.3889337984638338
0.73800 -0.402256876302394
0.73900 -0.41562324508093096
0.74000 -0.4290326268283514
0.74100 -0.4424847397746337
0.74200 -0.4559792983377135
0.74300 -0.46951601311048585
0.74400 -0.48309459084796197
0.74500 -0.49671473445455355
0.74600 -0.5103761429714953
0.74700 -0.524078511564418
0.74800 -0.5378215315110534
0.74900 -0.5516048901891019
0.75000 -0.5654282710642298
0.75100 -0.5792913536782353
0.75200 -0.5931938136373521
0.75300 -0.6071353226007221
0.75400 -0.621115548269012
0.75500 -0.6351341543732016
0.75600 -0.6491908006635227
0.75700 -0.6632851428985758
0.75800 -0.6774168328345976
0.75900 -0.6915855182149085
0.76000 -0.7057908427595276
0.76100 -0.7200324461549609
0.76200 -0.7343099640441605
0.76300 -0.7486230280166731
0.76400 -0.7629712655989561
0.76500 -0.7773543002448832
0.76600 -0.7917717513264334
0.76700 -0.8062232341245645
0.76800 -0.8207083598202843
0.76900 -0.8352267354859
0.77000 -0.8497779640764744
0.77100 -0.8643616444214729
0.77200 -0.8789773712166059
0.77300 -0.8936247350158871
0.77400 -0.9083033222238718
0.77500 -0.9230127150881227
0.77600 -0.9377524916918769
0.77700 -0.9525222259469165
0.77800 -0.9673214875866657
0.77900 -0.9821498421594902
0.78000 -0.9970068510222266
0.78100 -1.0118920713339228
0.78200 -1.0268050560498094
0.78300 -1.0417453539154906
0.78400 -1.0567125094613605
0.78500 -1.0717060629972641
0.78600 -1.0867255506073732
0.78700 -1.1017705041453048
0.78800 -1.116840451229485
0.78900 -1.131934915238739
0.79000 -1.1470534153081329
0.79100 -1.16219546632506
0.79200 -1.1773605789255701
0.79300 -1.192548259490953
0.79400 -1.207758010144571
0.79500 -1.2229893287489564
0.79600 -1.2382417089031472
0.79700 -1.253514639940305
0.79800 -1.2688076069255785
0.79900 -1.2841200906542392
0.80000 -1.2994515676500888
0.80100 -1.314801510164124
0.80200 -1.3301693861734905
0.80300 -1.3455546593806937
0.80400 -1.3609567892131038
0.80500 -1.3763752308227324
0.80600 -1.3918094350862893
0.80700 -1.4072588486055324
0.80800 -1.4227229137078985
0.80900 -1.4382010684474287
0.81000 -1.4536927466059815
0.81100 -1.4691973776947485
0.81200 -1.4847143869560617
0.81300 -1.5002431953654982
0.81400 -1.5157832196343008
0.81500 -1.5313338722120908
0.81600 -1.5468945612898906
0.81700 -1.5624646908034643
0.81800 -1.578043660436965
0.81900 -1.593630865626895
0.82000 -1.6092256975663892
0.82100 -1.6248275432098178
0.82200 -1.6404357852777136
0.82300 -1.6560498022620136
0.82400 -1.6716689684316448
0.82500 -1.6872926538384299
0.82600 -1.7029202243233257
0.82700 -1.7185510415230043
0.82800 -1.734184462876762
0.82900 -1.7498198416337787
0.83000 -1.7654565268607096
0.83100 -1.7810938634496336
0.83200 -1.7967311921263345
0.83300 -1.8123678494589548
0.83400 -1.8280031678669741
0.83500 -1.8436364756305632
0.83600 -1.8592670969002916
0.83700 -1.8748943517071874
0.83800 -1.8905175559731677
0.83900 -1.9061360215218321
0.84000 -1.921749056089618
0.84100 -1.9373559633373303
0.84200 -1.9529560428620492
0.84300 -1.9685485902093902
0.84400 -1.9841328968861722
0.84500 -1.99970825037344
0.84600 -2.0152739341398775
0.84700 -2.030829227655601
0.84800 -2.0463734064063477
0.84900 -2.0619057419080447
0.85000 -2.0774255017217658
0.85100 -2.09293194946909
0.85200 -2.10842434484785
0.85300 -2.123901943648282
0.85400 -2.139363997769571
0.85500 -2.154809755236799
0.85600 -2.170238460218301
0.85700 -2.1856493530434267
0.85800 -2.201041670220711
0.85900 -2.2164146444564476
0.86000 -2.2317675046736936
0.86100 -2.247099476031668
0.86200 -2.2624097799455885
0.86300 -2.2776976341069126
0.86400 -2.292962252504008
0.86500 -2.308202845443242
0.86600 -2.323418619570512
0.86700 -2.338608777893175
0.86800 -2.35377251980244
0.86900 -2.36890904109617
0.87000 -2.3840175340021297
0.87100 -2.399097187201662
0.87200 -2.4141471858538126
0.87300 -2.4291667116198847
0.87400 -2.4441549426884404
0.87500 -2.459111053800751
0.87600 -2.4740342162766855
0.87700 -2.4889235980410485
0.87800 -2.503778363650377
0.87900 -2.518597674320175
0.88000 -2.5333806879526146
0.88100 -2.548126559164685
0.88200 -2.5628344393167963
0.88300 -2.5775034765418576
0.88400 -2.592132815774792
0.88500 -2.6067215987825376
0.88600 -2.6212689641944973
0.88700 -2.635774047533459
0.88800 -2.6502359812469862
0.88900 -2.664653894739275
0.89000 -2.6790269144034786
0.89100 -2.6933541636545146
0.89200 -2.707634762962332
0.89300 -2.721867829885665
0.89400 -2.7360524791062595
0.89500 -2.7501878224635785
0.89600 -2.764272968989982
0.89700 -2.7783070249464017
0.89800 -2.792289093858482
0.89900 -2.8062182765532144
0.90000 -2.820093671196059
0.90100 -2.833914373328546
0.90200 -2.8476794759063684
0.90300 -2.8613880693379623
0.90400 -2.8750392415235804
0.90500 -2.8886320778948575
0.90600 -2.9021656614548585
0.90700 -2.9156390728186365
0.90800 -2.929051390254272
0.90900 -2.9424016897244147
0.91000 -2.955689044928319
0.91100 -2.968912527344383
0.91200 -2.9820712062731745
0.91300 -2.9951641488809697
0.91400 -3.008190420243788
0.91500 -3.021149083391921
0.91600 -3.0340391993549747
0.91700 -3.0468598272074043
0.91800 -3.059610024114567
0.91900 -3.072288845379257
0.92000 -3.0848953444887703
0.92100 -3.0974285731624547
0.92200 -3.1098875813997773
0.92300 -3.122271417528898
0.92400 -3.1345791282557425
0.92500 -3.146809758713591
0.92600 -3.15896235251317
0.92700 -3.171035951793259
0.92800 -3.1830295972717955
0.92900 -3.194942328297499
0.93000 -3.206773182901992
0.93100 -3.2185211978524504
0.93200 -3.2301854087047412
0.93300 -3.2417648498570837
0.93400 -3.253258554604213
0.93500 -3.2646655551920607
0.93600 -3.275984882872942
0.93700 -3.287215567961246
0.93800 -3.2983566398896444
0.93900 -3.309407127265807
0.94000 -3.320366057929621
0.94100 -3.3312324590109315
0.94200 -3.3420053569877726
0.94300 -3.3526837777451246
0.94400 -3.3632667466341655
0.94500 -3.3737532885320394
0.94600 -3.3841424279021215
0.94700 -3.394433188854803
0.94800 -3.404624595208767
0.94900 -3.414715670552779
0.95000 -3.42470543830798
0.95100 -3.4345929217906765
0.95200 -3.4443771442756472
0.95300 -3.454057129059931
0.95400 -3.4636318995271407
0.95500 -3.4731004792122504
0.95600 -3.4824618918669037
0.95700 -3.4917151615252076
0.95800 -3.500859312570024
0.95900 -3.5098933697997614
0.96000 -3.518816358495659
0.96100 -3.527627304489556
0.96200 -3.536325234232165
0.96300 -3.5449091748618256
0.96400 -3.5533781542737546
0.96500 -3.561731201189773
0.96600 -3.5699673452285263
0.96700 -3.578085616976188
0.96800 -3.5860850480576416
0.96900 -3.593964671208145
0.97000 -3.601723520345471
0.97100 -3.6093606306425303
0.97200 -3.6168750386004587
0.97300 -3.6242657821221904
0.97400 -3.6315319005864866
0.97500 -3.638672434922443
0.97600 -3.645686427684463
0.97700 -3.6525729231276842
0.97800 -3.6593309672838834
0.97900 -3.6659596080378214
0.98000 -3.6724578952040607
0.98100 -3.6788248806042274
0.98200 -3.685059618144728
0.98300 -3.691161163894914
0.98400 -3.6971285761656922
0.98500 -3.70296091558858
0.98600 -3.708657245195197
0.98700 -3.7142166304972015
0.98800 -3.7196381395666496
0.98900 -3.724920843116798
0.99000 -3.7300638145833283
0.99100 -3.7350661302059924
0.99200 -3.739926869110692
0.99300 -3.7446451133919627
0.99400 -3.749219948195882
0.99500 -3.7536504618033835
0.99600 -3.7579357457139837
0.99700 -3.762074894729908
0.99800 -3.766067007040621
0.99900 -3.7699111843077517