0.00000 0.0006981317007977319
0.00100 0.0013962634015954637
0.00200 0.0020943951023931952
0.00300 0.0027925268031909274
0.00400 0.003490658503988659
0.00500 0.0041887902047863905
0.00600 0.004886921905584122
0.00700 0.005585053606381855
0.00800 0.006283185307179587
0.00900 0.006981317007977318
0.01000 0.007679448708775049
0.01100 0.008377580409572781
0.01200 0.009075712110370514
0.01300 0.009773843811168244
0.01400 0.010471975511965976
0.01500 0.01117010721276371
0.01600 0.011868238913561441
0.01700 0.012566370614359173
0.01800 0.013264502315156903
0.01900 0.013962634015954637
0.02000 0.014660765716752368
0.02100 0.015358897417550098
0.02200 0.016057029118347832
0.02300 0.016755160819145562
0.02400 0.017453292519943295
0.02500 0.01815142422074103
0.02600 0.01884955592153876
0.02700 0.01954768762233649
0.02800 0.020245819323134222
0.02900 0.020943951023931952
0.03000 0.021642082724729686
0.03100 0.02234021442552742
0.03200 0.02303834612632515
0.03300 0.023736477827122883
0.03400 0.024434609527920616
0.03500 0.025132741228718346
0.03600 0.025830872929516076
0.03700 0.026529004630313806
0.03800 0.02722713633111154
0.03900 0.027925268031909273
0.04000 0.028623399732707003
0.04100 0.029321531433504737
0.04200 0.03001966313430247
0.04300 0.030717794835100197
0.04400 0.03141592653589793
0.04500 0.032114058236695664
0.04600 0.032812189937493394
0.04700 0.033510321638291124
0.04800 0.03420845333908886
0.04900 0.03490658503988659
0.05000 0.03560471674068432
0.05100 0.03630284844148206
0.05200 0.03700098014227978
0.05300 0.03769911184307752
0.05400 0.03839724354387525
0.05500 0.03909537524467298
0.05600 0.039793506945470715
0.05700 0.040491638646268445
0.05800 0.041189770347066175
0.05900 0.041887902047863905
0.06000 0.042586033748661635
0.06100 0.04328416544945937
0.06200 0.0439822971502571
0.06300 0.04468042885105484
0.06400 0.04537856055185257
0.06500 0.0460766922526503
0.06600 0.046774823953448036
0.06700 0.047472955654245766
0.06800 0.048171087355043496
0.06900 0.04886921905584123
0.07000 0.04956735075663896
0.07100 0.05026548245743669
0.07200 0.050963614158234416
0.07300 0.05166174585903215
0.07400 0.05235987755982988
0.07500 0.05305800926062761
0.07600 0.05375614096142535
0.07700 0.05445427266222308
0.07800 0.05515240436302081
0.07900 0.05585053606381855
0.08000 0.05654866776461628
0.08100 0.05724679946541401
0.08200 0.057944931166211744
0.08300 0.058643062867009474
0.08400 0.059341194567807204
0.08500 0.06003932626860494
0.08600 0.06073745796940267
0.08700 0.061435589670200394
0.08800 0.062133721370998124
0.08900 0.06283185307179585
0.09000 0.0635299847725936
0.09100 0.06422811647339133
0.09200 0.06492624817418906
0.09300 0.06562437987498679
0.09400 0.06632251157578452
0.09500 0.06702064327658225
0.09600 0.06771877497737999
0.09700 0.06841690667817772
0.09800 0.06911503837897545
0.09900 0.06981317007977318
0.10000 0.07051130178057091
0.10100 0.07120943348136864
0.10200 0.07190756518216639
0.10300 0.07260569688296412
0.10400 0.07330382858376183
0.10500 0.07400196028455956
0.10600 0.0747000919853573
0.10700 0.07539822368615504
0.10800 0.07609635538695277
0.10900 0.0767944870877505
0.11000 0.07749261878854823
0.11100 0.07819075048934596
0.11200 0.0788888821901437
0.11300 0.07958701389094143
0.11400 0.08028514559173916
0.11500 0.08098327729253689
0.11600 0.08168140899333462
0.11700 0.08237954069413235
0.11800 0.0830776723949301
0.11900 0.08377580409572781
0.12000 0.08447393579652554
0.12100 0.08517206749732327
0.12200 0.08587019919812101
0.12300 0.08656833089891874
0.12400 0.08726646259971647
0.12500 0.0879645943005142
0.12600 0.08866272600131193
0.12700 0.08936085770210968
0.12800 0.09005898940290741
0.12900 0.09075712110370514
0.13000 0.09145525280450287
0.13100 0.0921533845053006
0.13200 0.09285151620609833
0.13300 0.09354964790689607
0.13400 0.0942477796076938
0.13500 0.09494591130849153
0.13600 0.09564404300928926
0.13700 0.09634217471008699
0.13800 0.09704030641088472
0.13900 0.09773843811168247
0.14000 0.0984365698124802
0.14100 0.09913470151327793
0.14200 0.09983283321407566
0.14300 0.10053096491487339
0.14400 0.1012290966156711
0.14500 0.10192722831646883
0.14600 0.10262536001726656
0.14700 0.1033234917180643
0.14800 0.10402162341886204
0.14900 0.10471975511965977
0.15000 0.1054178868204575
0.15100 0.10611601852125523
0.15200 0.10681415022205296
0.15300 0.1075122819228507
0.15400 0.10821041362364843
0.15500 0.10890854532444616
0.15600 0.10960667702524389
0.15700 0.11030480872604162
0.15800 0.11100294042683935
0.15900 0.1117010721276371
0.16000 0.11239920382843482
0.16100 0.11309733552923255
0.16200 0.11379546723003028
0.16300 0.11449359893082801
0.16400 0.11519173063162576
0.16500 0.11588986233242349
0.16600 0.11658799403322122
0.16700 0.11728612573401895
0.16800 0.11798425743481668
0.16900 0.11868238913561441
0.17000 0.11938052083641215
0.17100 0.12007865253720988
0.17200 0.12077678423800761
0.17300 0.12147491593880534
0.17400 0.12217304763960307
0.17500 0.12287117934040079
0.17600 0.12356931104119852
0.17700 0.12426744274199625
0.17800 0.12496557444279399
0.17900 0.1256637061435917
0.18000 0.12636183784438945
0.18100 0.1270599695451872
0.18200 0.1277581012459849
0.18300 0.12845623294678266
0.18400 0.12915436464758037
0.18500 0.12985249634837812
0.18600 0.13055062804917583
0.18700 0.13124875974997358
0.18800 0.13194689145077132
0.18900 0.13264502315156904
0.19000 0.13334315485236678
0.19100 0.1340412865531645
0.19200 0.13473941825396224
0.19300 0.13543754995475998
0.19400 0.1361356816555577
0.19500 0.13683381335635544
0.19600 0.13753194505715316
0.19700 0.1382300767579509
0.19800 0.13892820845874862
0.19900 0.13962634015954636
0.20000 0.1403244718603441
0.20100 0.14102260356114182
0.20200 0.14172073526193957
0.20300 0.14241886696273728
0.20400 0.14311699866353503
0.20500 0.14381513036433277
0.20600 0.1445132620651305
0.20700 0.14521139376592823
0.20800 0.14590952546672595
0.20900 0.14660765716752366
0.21000 0.1473057888683214
0.21100 0.14800392056911912
0.21200 0.14870205226991687
0.21300 0.1494001839707146
0.21400 0.15009831567151233
0.21500 0.15079644737231007
0.21600 0.1514945790731078
0.21700 0.15219271077390553
0.21800 0.15289084247470328
0.21900 0.153588974175501
0.22000 0.15428710587629874
0.22100 0.15498523757709645
0.22200 0.1556833692778942
0.22300 0.1563815009786919
0.22400 0.15707963267948966
0.22500 0.1577777643802874
0.22600 0.15847589608108512
0.22700 0.15917402778188286
0.22800 0.15987215948268058
0.22900 0.16057029118347832
0.23000 0.16126842288427606
0.23100 0.16196655458507378
0.23200 0.16266468628587152
0.23300 0.16336281798666924
0.23400 0.16406094968746698
0.23500 0.1647590813882647
0.23600 0.16545721308906244
0.23700 0.1661553447898602
0.23800 0.1668534764906579
0.23900 0.16755160819145562
0.24000 0.16824973989225336
0.24100 0.16894787159305108
0.24200 0.16964600329384882
0.24300 0.17034413499464654
0.24400 0.17104226669544428
0.24500 0.17174039839624203
0.24600 0.17243853009703974
0.24700 0.1731366617978375
0.24800 0.1738347934986352
0.24900 0.17453292519943295
0.25000 0.1752310569002307
0.25100 0.1759291886010284
0.25200 0.17662732030182615
0.25300 0.17732545200262387
0.25400 0.1780235837034216
0.25500 0.17872171540421936
0.25600 0.17941984710501707
0.25700 0.18011797880581482
0.25800 0.18081611050661253
0.25900 0.18151424220741028
0.26000 0.182212373908208
0.26100 0.18291050560900574
0.26200 0.18360863730980348
0.26300 0.1843067690106012
0.26400 0.18500490071139894
0.26500 0.18570303241219666
0.26600 0.1864011641129944
0.26700 0.18709929581379214
0.26800 0.18779742751458986
0.26900 0.1884955592153876
0.27000 0.18919369091618532
0.27100 0.18989182261698306
0.27200 0.19058995431778078
0.27300 0.19128808601857852
0.27400 0.19198621771937627
0.27500 0.19268434942017398
0.27600 0.19338248112097173
0.27700 0.19408061282176944
0.27800 0.1947787445225672
0.27900 0.19547687622336493
0.28000 0.19617500792416265
0.28100 0.1968731396249604
0.28200 0.1975712713257581
0.28300 0.19826940302655585
0.28400 0.1989675347273536
0.28500 0.1996656664281513
0.28600 0.20036379812894906
0.28700 0.20106192982974677
0.28800 0.20176006153054446
0.28900 0.2024581932313422
0.29000 0.20315632493213995
0.29100 0.20385445663293766
0.29200 0.2045525883337354
0.29300 0.20525072003453312
0.29400 0.20594885173533087
0.29500 0.2066469834361286
0.29600 0.20734511513692633
0.29700 0.20804324683772407
0.29800 0.2087413785385218
0.29900 0.20943951023931953
0.30000 0.21013764194011728
0.30100 0.210835773640915
0.30200 0.21153390534171274
0.30300 0.21223203704251045
0.30400 0.2129301687433082
0.30500 0.2136283004441059
0.30600 0.21432643214490366
0.30700 0.2150245638457014
0.30800 0.21572269554649912
0.30900 0.21642082724729686
0.31000 0.21711895894809458
0.31100 0.21781709064889232
0.31200 0.21851522234969006
0.31300 0.21921335405048778
0.31400 0.21991148575128552
0.31500 0.22060961745208324
0.31600 0.22130774915288098
0.31700 0.2220058808536787
0.31800 0.22270401255447644
0.31900 0.2234021442552742
0.32000 0.2241002759560719
0.32100 0.22479840765686965
0.32200 0.22549653935766736
0.32300 0.2261946710584651
0.32400 0.22689280275926285
0.32500 0.22759093446006057
0.32600 0.2282890661608583
0.32700 0.22898719786165603
0.32800 0.22968532956245377
0.32900 0.23038346126325152
0.33000 0.23108159296404923
0.33100 0.23177972466484698
0.33200 0.2324778563656447
0.33300 0.23317598806644244
0.33400 0.23387411976724015
0.33500 0.2345722514680379
0.33600 0.23527038316883564
0.33700 0.23596851486963336
0.33800 0.2366666465704311
0.33900 0.23736477827122882
0.34000 0.23806290997202656
0.34100 0.2387610416728243
0.34200 0.23945917337362202
0.34300 0.24015730507441976
0.34400 0.24085543677521748
0.34500 0.24155356847601522
0.34600 0.24225170017681294
0.34700 0.24294983187761068
0.34800 0.24364796357840843
0.34900 0.24434609527920614
0.35000 0.2450442269800039
0.35100 0.24574235868080158
0.35200 0.24644049038159932
0.35300 0.24713862208239704
0.35400 0.24783675378319478
0.35500 0.2485348854839925
0.35600 0.24923301718479024
0.35700 0.24993114888558798
0.35800 0.2506292805863857
0.35900 0.2513274122871834
0.36000 0.25202554398798116
0.36100 0.2527236756887789
0.36200 0.25342180738957665
0.36300 0.2541199390903744
0.36400 0.2548180707911721
0.36500 0.2555162024919698
0.36600 0.25621433419276757
0.36700 0.2569124658935653
0.36800 0.257610597594363
0.36900 0.25830872929516074
0.37000 0.2590068609959585
0.37100 0.25970499269675623
0.37200 0.260403124397554
0.37300 0.26110125609835166
0.37400 0.2617993877991494
0.37500 0.26249751949994715
0.37600 0.2631956512007449
0.37700 0.26389378290154264
0.37800 0.26459191460234033
0.37900 0.26529004630313807
0.38000 0.2659881780039358
0.38100 0.26668630970473356
0.38200 0.2673844414055313
0.38300 0.268082573106329
0.38400 0.26878070480712674
0.38500 0.2694788365079245
0.38600 0.2701769682087222
0.38700 0.27087509990951997
0.38800 0.27157323161031766
0.38900 0.2722713633111154
0.39000 0.27296949501191314
0.39100 0.2736676267127109
0.39200 0.27436575841350863
0.39300 0.2750638901143063
0.39400 0.27576202181510406
0.39500 0.2764601535159018
0.39600 0.27715828521669955
0.39700 0.27785641691749724
0.39800 0.278554548618295
0.39900 0.2792526803190927
0.40000 0.27995081201989047
0.40100 0.2806489437206882
0.40200 0.2813470754214859
0.40300 0.28204520712228365
0.40400 0.2827433388230814
0.40500 0.28344147052387914
0.40600 0.2841396022246769
0.40700 0.28483773392547457
0.40800 0.2855358656262723
0.40900 0.28623399732707006
0.41000 0.2869321290278678
0.41100 0.28763026072866554
0.41200 0.28832839242946323
0.41300 0.289026524130261
0.41400 0.2897246558310587
0.41500 0.29042278753185646
0.41600 0.29112091923265415
0.41700 0.2918190509334519
0.41800 0.2925171826342496
0.41900 0.29321531433504733
0.42000 0.29391344603584507
0.42100 0.2946115777366428
0.42200 0.29530970943744056
0.42300 0.29600784113823825
0.42400 0.296705972839036
0.42500 0.29740410453983374
0.42600 0.2981022362406315
0.42700 0.2988003679414292
0.42800 0.2994984996422269
0.42900 0.30019663134302466
0.43000 0.3008947630438224
0.43100 0.30159289474462014
0.43200 0.3022910264454179
0.43300 0.3029891581462156
0.43400 0.3036872898470133
0.43500 0.30438542154781106
0.43600 0.3050835532486088
0.43700 0.30578168494940655
0.43800 0.30647981665020424
0.43900 0.307177948351002
0.44000 0.3078760800517997
0.44100 0.30857421175259747
0.44200 0.30927234345339516
0.44300 0.3099704751541929
0.44400 0.31066860685499065
0.44500 0.3113667385557884
0.44600 0.31206487025658614
0.44700 0.3127630019573838
0.44800 0.31346113365818157
0.44900 0.3141592653589793
0.45000 0.31485739705977706
0.45100 0.3155555287605748
0.45200 0.3162536604613725
0.45300 0.31695179216217023
0.45400 0.317649923862968
0.45500 0.3183480555637657
0.45600 0.31904618726456346
0.45700 0.31974431896536115
0.45800 0.3204424506661589
0.45900 0.32114058236695664
0.46000 0.3218387140677544
0.46100 0.3225368457685521
0.46200 0.3232349774693498
0.46300 0.32393310917014756
0.46400 0.3246312408709453
0.46500 0.32532937257174305
0.46600 0.3260275042725408
0.46700 0.3267256359733385
0.46800 0.3274237676741362
0.46900 0.32812189937493397
0.47000 0.3288200310757317
0.47100 0.3295181627765294
0.47200 0.33021629447732714
0.47300 0.3309144261781249
0.47400 0.33161255787892263
0.47500 0.3323106895797204
0.47600 0.33300882128051806
0.47700 0.3337069529813158
0.47800 0.33440508468211355
0.47900 0.33510321638291124
0.48000 0.335801348083709
0.48100 0.3364994797845067
0.48200 0.33719761148530447
0.48300 0.33789574318610216
0.48400 0.3385938748868999
0.48500 0.33929200658769765
0.48600 0.3399901382884954
0.48700 0.3406882699892931
0.48800 0.3413864016900908
0.48900 0.34208453339088857
0.49000 0.3427826650916863
0.49100 0.34348079679248406
0.49200 0.34417892849328174
0.49300 0.3448770601940795
0.49400 0.34557519189487723
0.49500 0.346273323595675
0.49600 0.3469714552964727
0.49700 0.3476695869972704
0.49800 0.34836771869806815
0.49900 0.3490658503988659
0.50000 0.34976398209966364
0.50100 0.3504621138004614
0.50200 0.35116024550125907
0.50300 0.3518583772020568
0.50400 0.35255650890285456
0.50500 0.3532546406036523
0.50600 0.35395277230445005
0.50700 0.35465090400524774
0.50800 0.3553490357060455
0.50900 0.3560471674068432
0.51000 0.35674529910764097
0.51100 0.3574434308084387
0.51200 0.3581415625092364
0.51300 0.35883969421003414
0.51400 0.3595378259108319
0.51500 0.36023595761162963
0.51600 0.3609340893124273
0.51700 0.36163222101322506
0.51800 0.3623303527140228
0.51900 0.36302848441482055
0.52000 0.3637266161156183
0.52100 0.364424747816416
0.52200 0.3651228795172137
0.52300 0.36582101121801147
0.52400 0.3665191429188092
0.52500 0.36721727461960696
0.52600 0.36791540632040465
0.52700 0.3686135380212024
0.52800 0.36931166972200014
0.52900 0.3700098014227979
0.53000 0.3707079331235956
0.53100 0.3714060648243933
0.53200 0.37210419652519106
0.53300 0.3728023282259888
0.53400 0.37350045992678654
0.53500 0.3741985916275843
0.53600 0.374896723328382
0.53700 0.3755948550291797
0.53800 0.37629298672997746
0.53900 0.3769911184307752
0.54000 0.37768925013157295
0.54100 0.37838738183237064
0.54200 0.3790855135331684
0.54300 0.3797836452339661
0.54400 0.38048177693476387
0.54500 0.38117990863556156
0.54600 0.3818780403363593
0.54700 0.38257617203715705
0.54800 0.3832743037379548
0.54900 0.38397243543875254
0.55000 0.3846705671395502
0.55100 0.38536869884034797
0.55200 0.3860668305411457
0.55300 0.38676496224194346
0.55400 0.3874630939427412
0.55500 0.3881612256435389
0.55600 0.38885935734433663
0.55700 0.3895574890451344
0.55800 0.3902556207459321
0.55900 0.39095375244672986
0.56000 0.39165188414752755
0.56100 0.3923500158483253
0.56200 0.39304814754912304
0.56300 0.3937462792499208
0.56400 0.3944444109507185
0.56500 0.3951425426515162
0.56600 0.39584067435231396
0.56700 0.3965388060531117
0.56800 0.39723693775390945
0.56900 0.3979350694547072
0.57000 0.3986332011555049
0.57100 0.3993313328563026
0.57200 0.40002946455710037
0.57300 0.4007275962578981
0.57400 0.4014257279586958
0.57500 0.40212385965949354
0.57600 0.40282199136029123
0.57700 0.4035201230610889
0.57800 0.40421825476188666
0.57900 0.4049163864626844
0.58000 0.40561451816348215
0.58100 0.4063126498642799
0.58200 0.4070107815650776
0.58300 0.40770891326587533
0.58400 0.40840704496667307
0.58500 0.4091051766674708
0.58600 0.40980330836826856
0.58700 0.41050144006906625
0.58800 0.411199571769864
0.58900 0.41189770347066174
0.59000 0.4125958351714595
0.59100 0.4132939668722572
0.59200 0.4139920985730549
0.59300 0.41469023027385266
0.59400 0.4153883619746504
0.59500 0.41608649367544814
0.59600 0.4167846253762459
0.59700 0.4174827570770436
0.59800 0.4181808887778413
0.59900 0.41887902047863906
0.60000 0.4195771521794368
0.60100 0.42027528388023455
0.60200 0.42097341558103224
0.60300 0.42167154728183
0.60400 0.4223696789826277
0.60500 0.42306781068342547
0.60600 0.42376594238422316
0.60700 0.4244640740850209
0.60800 0.42516220578581865
0.60900 0.4258603374866164
0.61000 0.42655846918741414
0.61100 0.4272566008882118
0.61200 0.42795473258900957
0.61300 0.4286528642898073
0.61400 0.42935099599060506
0.61500 0.4300491276914028
0.61600 0.4307472593922005
0.61700 0.43144539109299823
0.61800 0.432143522793796
0.61900 0.4328416544945937
0.62000 0.43353978619539146
0.62100 0.43423791789618915
0.62200 0.4349360495969869
0.62300 0.43563418129778464
0.62400 0.4363323129985824
0.62500 0.4370304446993801
0.62600 0.4377285764001778
0.62700 0.43842670810097556
0.62800 0.4391248398017733
0.62900 0.43982297150257105
0.63000 0.4405211032033688
0.63100 0.4412192349041665
0.63200 0.4419173666049642
0.63300 0.44261549830576197
0.63400 0.4433136300065597
0.63500 0.4440117617073574
0.63600 0.44470989340815514
0.63700 0.4454080251089529
0.63800 0.44610615680975063
0.63900 0.4468042885105484
0.64000 0.44750242021134606
0.64100 0.4482005519121438
0.64200 0.44889868361294155
0.64300 0.4495968153137393
0.64400 0.45029494701453704
0.64500 0.4509930787153347
0.64600 0.45169121041613247
0.64700 0.4523893421169302
0.64800 0.45308747381772796
0.64900 0.4537856055185257
0.65000 0.4544837372193234
0.65100 0.45518186892012114
0.65200 0.4558800006209189
0.65300 0.4565781323217166
0.65400 0.45727626402251437
0.65500 0.45797439572331206
0.65600 0.4586725274241098
0.65700 0.45937065912490754
0.65800 0.4600687908257053
0.65900 0.46076692252650303
0.66000 0.4614650542273007
0.66100 0.46216318592809846
0.66200 0.4628613176288962
0.66300 0.46355944932969395
0.66400 0.46425758103049164
0.66500 0.4649557127312894
0.66600 0.4656538444320871
0.66700 0.46635197613288487
0.66800 0.4670501078336826
0.66900 0.4677482395344803
0.67000 0.46844637123527805
0.67100 0.4691445029360758
0.67200 0.46984263463687354
0.67300 0.4705407663376713
0.67400 0.47123889803846897
0.67500 0.4719370297392667
0.67600 0.47263516144006446
0.67700 0.4733332931408622
0.67800 0.47403142484165994
0.67900 0.47472955654245763
0.68000 0.4754276882432554
0.68100 0.4761258199440531
0.68200 0.47682395164485086
0.68300 0.4775220833456486
0.68400 0.4782202150464463
0.68500 0.47891834674724404
0.68600 0.4796164784480418
0.68700 0.4803146101488395
0.68800 0.48101274184963727
0.68900 0.48171087355043496
0.69000 0.4824090052512327
0.69100 0.48310713695203045
0.69200 0.4838052686528282
0.69300 0.4845034003536259
0.69400 0.4852015320544236
0.69500 0.48589966375522137
0.69600 0.4865977954560191
0.69700 0.48729592715681685
0.69800 0.48799405885761454
0.69900 0.4886921905584123
0.70000 0.48939032225921003
0.70100 0.4900884539600078
0.70200 0.4907865856608055
0.70300 0.49148471736160315
0.70400 0.4921828490624009
0.70500 0.49288098076319864
0.70600 0.49357911246399633
0.70700 0.49427724416479407
0.70800 0.4949753758655918
0.70900 0.49567350756638956
0.71000 0.4963716392671873
0.71100 0.497069770967985
0.71200 0.49776790266878274
0.71300 0.4984660343695805
0.71400 0.4991641660703782
0.71500 0.49986229777117597
0.71600 0.5005604294719737
0.71700 0.5012585611727715
0.71800 0.5019566928735691
0.71900 0.5026548245743668
0.72000 0.5033529562751646
0.72100 0.5040510879759623
0.72200 0.5047492196767601
0.72300 0.5054473513775578
0.72400 0.5061454830783555
0.72500 0.5068436147791533
0.72600 0.507541746479951
0.72700 0.5082398781807488
0.72800 0.5089380098815465
0.72900 0.5096361415823442
0.73000 0.510334273283142
0.73100 0.5110324049839396
0.73200 0.5117305366847374
0.73300 0.5124286683855351
0.73400 0.5131268000863328
0.73500 0.5138249317871306
0.73600 0.5145230634879283
0.73700 0.515221195188726
0.73800 0.5159193268895238
0.73900 0.5166174585903215
0.74000 0.5173155902911193
0.74100 0.518013721991917
0.74200 0.5187118536927147
0.74300 0.5194099853935125
0.74400 0.5201081170943102
0.74500 0.520806248795108
0.74600 0.5215043804959056
0.74700 0.5222025121967033
0.74800 0.5229006438975011
0.74900 0.5235987755982988
0.75000 0.5242969072990966
0.75100 0.5249950389998943
0.75200 0.525693170700692
0.75300 0.5263913024014898
0.75400 0.5270894341022875
0.75500 0.5277875658030853
0.75600 0.528485697503883
0.75700 0.5291838292046807
0.75800 0.5298819609054785
0.75900 0.5305800926062761
0.76000 0.5312782243070739
0.76100 0.5319763560078716
0.76200 0.5326744877086693
0.76300 0.5333726194094671
0.76400 0.5340707511102648
0.76500 0.5347688828110626
0.76600 0.5354670145118603
0.76700 0.536165146212658
0.76800 0.5368632779134558
0.76900 0.5375614096142535
0.77000 0.5382595413150513
0.77100 0.538957673015849
0.77200 0.5396558047166466
0.77300 0.5403539364174444
0.77400 0.5410520681182421
0.77500 0.5417501998190399
0.77600 0.5424483315198376
0.77700 0.5431464632206353
0.77800 0.5438445949214331
0.77900 0.5445427266222308
0.78000 0.5452408583230286
0.78100 0.5459389900238263
0.78200 0.546637121724624
0.78300 0.5473352534254218
0.78400 0.5480333851262195
0.78500 0.5487315168270173
0.78600 0.549429648527815
0.78700 0.5501277802286126
0.78800 0.5508259119294104
0.78900 0.5515240436302081
0.79000 0.5522221753310059
0.79100 0.5529203070318036
0.79200 0.5536184387326013
0.79300 0.5543165704333991
0.79400 0.5550147021341968
0.79500 0.5557128338349945
0.79600 0.5564109655357923
0.79700 0.55710909723659
0.79800 0.5578072289373878
0.79900 0.5585053606381855
0.80000 0.5592034923389831
0.80100 0.5599016240397809
0.80200 0.5605997557405786
0.80300 0.5612978874413764
0.80400 0.5619960191421741
0.80500 0.5626941508429718
0.80600 0.5633922825437696
0.80700 0.5640904142445673
0.80800 0.5647885459453651
0.80900 0.5654866776461628
0.81000 0.5661848093469605
0.81100 0.5668829410477583
0.81200 0.567581072748556
0.81300 0.5682792044493538
0.81400 0.5689773361501514
0.81500 0.5696754678509491
0.81600 0.5703735995517469
0.81700 0.5710717312525446
0.81800 0.5717698629533424
0.81900 0.5724679946541401
0.82000 0.5731661263549378
0.82100 0.5738642580557356
0.82200 0.5745623897565333
0.82300 0.5752605214573311
0.82400 0.5759586531581288
0.82500 0.5766567848589265
0.82600 0.5773549165597243
0.82700 0.578053048260522
0.82800 0.5787511799613198
0.82900 0.5794493116621174
0.83000 0.5801474433629151
0.83100 0.5808455750637129
0.83200 0.5815437067645105
0.83300 0.5822418384653083
0.83400 0.582939970166106
0.83500 0.5836381018669038
0.83600 0.5843362335677015
0.83700 0.5850343652684992
0.83800 0.585732496969297
0.83900 0.5864306286700947
0.84000 0.5871287603708925
0.84100 0.5878268920716901
0.84200 0.5885250237724878
0.84300 0.5892231554732856
0.84400 0.5899212871740833
0.84500 0.5906194188748811
0.84600 0.5913175505756788
0.84700 0.5920156822764765
0.84800 0.5927138139772743
0.84900 0.593411945678072
0.85000 0.5941100773788698
0.85100 0.5948082090796675
0.85200 0.5955063407804652
0.85300 0.596204472481263
0.85400 0.5969026041820606
0.85500 0.5976007358828584
0.85600 0.5982988675836561
0.85700 0.5989969992844538
0.85800 0.5996951309852516
0.85900 0.6003932626860493
0.86000 0.6010913943868471
0.86100 0.6017895260876448
0.86200 0.6024876577884425
0.86300 0.6031857894892403
0.86400 0.603883921190038
0.86500 0.6045820528908358
0.86600 0.6052801845916335
0.86700 0.6059783162924312
0.86800 0.606676447993229
0.86900 0.6073745796940266
0.87000 0.6080727113948244
0.87100 0.6087708430956221
0.87200 0.6094689747964198
0.87300 0.6101671064972176
0.87400 0.6108652381980153
0.87500 0.6115633698988131
0.87600 0.6122615015996108
0.87700 0.6129596333004085
0.87800 0.6136577650012063
0.87900 0.614355896702004
0.88000 0.6150540284028018
0.88100 0.6157521601035995
0.88200 0.6164502918043971
0.88300 0.6171484235051949
0.88400 0.6178465552059926
0.88500 0.6185446869067903
0.88600 0.6192428186075881
0.88700 0.6199409503083858
0.88800 0.6206390820091836
0.88900 0.6213372137099813
0.89000 0.622035345410779
0.89100 0.6227334771115768
0.89200 0.6234316088123745
0.89300 0.6241297405131723
0.89400 0.62482787221397
0.89500 0.6255260039147676
0.89600 0.6262241356155654
0.89700 0.6269222673163631
0.89800 0.6276203990171609
0.89900 0.6283185307179586
0.90000 0.6290166624187563
0.90100 0.6297147941195541
0.90200 0.6304129258203518
0.90300 0.6311110575211496
0.90400 0.6318091892219473
0.90500 0.632507320922745
0.90600 0.6332054526235428
0.90700 0.6339035843243405
0.90800 0.6346017160251383
0.90900 0.635299847725936
0.91000 0.6359979794267336
0.91100 0.6366961111275314
0.91200 0.6373942428283291
0.91300 0.6380923745291269
0.91400 0.6387905062299246
0.91500 0.6394886379307223
0.91600 0.6401867696315201
0.91700 0.6408849013323178
0.91800 0.6415830330331156
0.91900 0.6422811647339133
0.92000 0.642979296434711
0.92100 0.6436774281355088
0.92200 0.6443755598363065
0.92300 0.6450736915371043
0.92400 0.6457718232379019
0.92500 0.6464699549386996
0.92600 0.6471680866394974
0.92700 0.6478662183402951
0.92800 0.6485643500410929
0.92900 0.6492624817418906
0.93000 0.6499606134426883
0.93100 0.6506587451434861
0.93200 0.6513568768442838
0.93300 0.6520550085450816
0.93400 0.6527531402458793
0.93500 0.653451271946677
0.93600 0.6541494036474748
0.93700 0.6548475353482724
0.93800 0.6555456670490702
0.93900 0.6562437987498679
0.94000 0.6569419304506656
0.94100 0.6576400621514634
0.94200 0.6583381938522611
0.94300 0.6590363255530588
0.94400 0.6597344572538566
0.94500 0.6604325889546543
0.94600 0.6611307206554521
0.94700 0.6618288523562498
0.94800 0.6625269840570475
0.94900 0.6632251157578453
0.95000 0.663923247458643
0.95100 0.6646213791594408
0.95200 0.6653195108602384
0.95300 0.6660176425610361
0.95400 0.6667157742618339
0.95500 0.6674139059626316
0.95600 0.6681120376634294
0.95700 0.6688101693642271
0.95800 0.6695083010650248
0.95900 0.6702064327658225
0.96000 0.6709045644666203
0.96100 0.671602696167418
0.96200 0.6723008278682157
0.96300 0.6729989595690135
0.96400 0.6736970912698111
0.96500 0.6743952229706089
0.96600 0.6750933546714066
0.96700 0.6757914863722043
0.96800 0.6764896180730021
0.96900 0.6771877497737998
0.97000 0.6778858814745975
0.97100 0.6785840131753953
0.97200 0.679282144876193
0.97300 0.6799802765769908
0.97400 0.6806784082777885
0.97500 0.6813765399785862
0.97600 0.682074671679384
0.97700 0.6827728033801816
0.97800 0.6834709350809794
0.97900 0.6841690667817771
0.98000 0.6848671984825748
0.98100 0.6855653301833726
0.98200 0.6862634618841703
0.98300 0.6869615935849681
0.98400 0.6876597252857658
0.98500 0.6883578569865635
0.98600 0.6890559886873613
0.98700 0.689754120388159
0.98800 0.6904522520889568
0.98900 0.6911503837897545
0.99000 0.6918485154905522
0.99100 0.69254664719135
0.99200 0.6932447788921476
0.99300 0.6939429105929454
0.99400 0.6946410422937431
0.99500 0.6953391739945408
0.99600 0.6960373056953386
0.99700 0.6967354373961363
0.99800 0.6974335690969341
0.99900 0.6981317007977318
1.00000 0.6988298324985296
1.00100 0.6995279641993273
1.00200 0.7002260959001251
1.00300 0.7009242276009228
1.00400 0.7016223593017206
1.00500 0.7023204910025181
1.00600 0.7030186227033159
1.00700 0.7037167544041136
1.00800 0.7044148861049114
1.00900 0.7051130178057091
1.01000 0.7058111495065069
1.01100 0.7065092812073046
1.01200 0.7072074129081024
1.01300 0.7079055446089001
1.01400 0.7086036763096979
1.01500 0.7093018080104955
1.01600 0.7099999397112933
1.01700 0.710698071412091
1.01800 0.7113962031128888
1.01900 0.7120943348136864
1.02000 0.7127924665144842
1.02100 0.7134905982152819
1.02200 0.7141887299160797
1.02300 0.7148868616168774
1.02400 0.715584993317675
1.02500 0.7162831250184728
1.02600 0.7169812567192705
1.02700 0.7176793884200683
1.02800 0.718377520120866
1.02900 0.7190756518216638
1.03000 0.7197737835224615
1.03100 0.7204719152232593
1.03200 0.7211700469240568
1.03300 0.7218681786248546
1.03400 0.7225663103256523
1.03500 0.7232644420264501
1.03600 0.7239625737272478
1.03700 0.7246607054280456
1.03800 0.7253588371288433
1.03900 0.7260569688296411
1.04000 0.7267551005304388
1.04100 0.7274532322312366
1.04200 0.7281513639320342
1.04300 0.728849495632832
1.04400 0.7295476273336297
1.04500 0.7302457590344275
1.04600 0.7309438907352251
1.04700 0.7316420224360229
1.04800 0.7323401541368206
1.04900 0.7330382858376184
1.05000 0.7337364175384161
1.05100 0.7344345492392139
1.05200 0.7351326809400115
1.05300 0.7358308126408093
1.05400 0.736528944341607
1.05500 0.7372270760424048
1.05600 0.7379252077432025
1.05700 0.7386233394440003
1.05800 0.739321471144798
1.05900 0.7400196028455958
1.06000 0.7407177345463933
1.06100 0.7414158662471912
1.06200 0.7421139979479888
1.06300 0.7428121296487866
1.06400 0.7435102613495843
1.06500 0.7442083930503821
1.06600 0.7449065247511798
1.06700 0.7456046564519776
1.06800 0.7463027881527753
1.06900 0.7470009198535731
1.07000 0.7476990515543707
1.07100 0.7483971832551686
1.07200 0.7490953149559662
1.07300 0.749793446656764
1.07400 0.7504915783575616
1.07500 0.7511897100583594
1.07600 0.7518878417591571
1.07700 0.7525859734599549
1.07800 0.7532841051607526
1.07900 0.7539822368615504
1.08000 0.754680368562348
1.08100 0.7553785002631459
1.08200 0.7560766319639435
1.08300 0.7567747636647413
1.08400 0.757472895365539
1.08500 0.7581710270663368
1.08600 0.7588691587671345
1.08700 0.7595672904679323
1.08800 0.7602654221687299
1.08900 0.7609635538695277
1.09000 0.7616616855703253
1.09100 0.7623598172711231
1.09200 0.7630579489719208
1.09300 0.7637560806727186
1.09400 0.7644542123735163
1.09500 0.7651523440743141
1.09600 0.7658504757751118
1.09700 0.7665486074759096
1.09800 0.7672467391767073
1.09900 0.7679448708775051
1.10000 0.7686430025783026
1.10100 0.7693411342791004
1.10200 0.7700392659798981
1.10300 0.7707373976806959
1.10400 0.7714355293814936
1.10500 0.7721336610822914
1.10600 0.7728317927830891
1.10700 0.7735299244838869
1.10800 0.7742280561846846
1.10900 0.7749261878854824
1.11000 0.77562431958628
1.11100 0.7763224512870778
1.11200 0.7770205829878755
1.11300 0.7777187146886733
1.11400 0.778416846389471
1.11500 0.7791149780902688
1.11600 0.7798131097910664
1.11700 0.7805112414918642
1.11800 0.7812093731926618
1.11900 0.7819075048934597
1.12000 0.7826056365942573
1.12100 0.7833037682950551
1.12200 0.7840018999958528
1.12300 0.7847000316966506
1.12400 0.7853981633974483
1.12500 0.7860962950982461
1.12600 0.7867944267990438
1.12700 0.7874925584998416
1.12800 0.7881906902006391
1.12900 0.788888821901437
1.13000 0.7895869536022346
1.13100 0.7902850853030324
1.13200 0.7909832170038301
1.13300 0.7916813487046279
1.13400 0.7923794804054256
1.13500 0.7930776121062234
1.13600 0.7937757438070211
1.13700 0.7944738755078189
1.13800 0.7951720072086165
1.13900 0.7958701389094144
1.14000 0.796568270610212
1.14100 0.7972664023110098
1.14200 0.7979645340118074
1.14300 0.7986626657126052
1.14400 0.7993607974134029
1.14500 0.8000589291142007
1.14600 0.8007570608149984
1.14700 0.8014551925157962
1.14800 0.8021533242165938
1.14900 0.8028514559173916
1.15000 0.8035495876181893
1.15100 0.8042477193189871
1.15200 0.8049458510197848
1.15300 0.8056439827205825
1.15400 0.8063421144213803
1.15500 0.8070402461221778
1.15600 0.8077383778229758
1.15700 0.8084365095237733
1.15800 0.8091346412245711
1.15900 0.8098327729253688
1.16000 0.8105309046261666
1.16100 0.8112290363269643
1.16200 0.8119271680277621
1.16300 0.8126252997285598
1.16400 0.8133234314293576
1.16500 0.8140215631301552
1.16600 0.8147196948309531
1.16700 0.8154178265317507
1.16800 0.8161159582325485
1.16900 0.8168140899333461
1.17000 0.8175122216341439
1.17100 0.8182103533349416
1.17200 0.8189084850357394
1.17300 0.8196066167365371
1.17400 0.8203047484373349
1.17500 0.8210028801381325
1.17600 0.8217010118389303
1.17700 0.822399143539728
1.17800 0.8230972752405258
1.17900 0.8237954069413235
1.18000 0.8244935386421213
1.18100 0.825191670342919
1.18200 0.8258898020437168
1.18300 0.8265879337445144
1.18400 0.8272860654453122
1.18500 0.8279841971461098
1.18600 0.8286823288469076
1.18700 0.8293804605477053
1.18800 0.8300785922485031
1.18900 0.8307767239493008
1.19000 0.8314748556500986
1.19100 0.8321729873508963
1.19200 0.8328711190516941
1.19300 0.8335692507524918
1.19400 0.8342673824532896
1.19500 0.8349655141540872
1.19600 0.835663645854885
1.19700 0.8363617775556826
1.19800 0.8370599092564804
1.19900 0.8377580409572781
1.20000 0.8384561726580759
1.20100 0.8391543043588736
1.20200 0.8398524360596714
1.20300 0.8405505677604691
1.20400 0.8412486994612669
1.20500 0.8419468311620645
1.20600 0.8426449628628623
1.20700 0.84334309456366
1.20800 0.8440412262644578
1.20900 0.8447393579652555
1.21000 0.8454374896660533
1.21100 0.8461356213668509
1.21200 0.8468337530676487
1.21300 0.8475318847684463
1.21400 0.8482300164692442
1.21500 0.8489281481700418
1.21600 0.8496262798708396
1.21700 0.8503244115716373
1.21800 0.8510225432724351
1.21900 0.8517206749732328
1.22000 0.8524188066740306
1.22100 0.8531169383748283
1.22200 0.8538150700756261
1.22300 0.8545132017764236
1.22400 0.8552113334772216
1.22500 0.8559094651780191
1.22600 0.8566075968788169
1.22700 0.8573057285796146
1.22800 0.8580038602804124
1.22900 0.8587019919812101
1.23000 0.8594001236820079
1.23100 0.8600982553828056
1.23200 0.8607963870836034
1.23300 0.861494518784401
1.23400 0.8621926504851988
1.23500 0.8628907821859965
1.23600 0.8635889138867943
1.23700 0.864287045587592
1.23800 0.8649851772883898
1.23900 0.8656833089891874
1.24000 0.8663814406899852
1.24100 0.8670795723907829
1.24200 0.8677777040915807
1.24300 0.8684758357923783
1.24400 0.8691739674931761
1.24500 0.8698720991939738
1.24600 0.8705702308947716
1.24700 0.8712683625955693
1.24800 0.8719664942963671
1.24900 0.8726646259971648
1.25000 0.8733627576979626
1.25100 0.8740608893987603
1.25200 0.874759021099558
1.25300 0.8754571528003556
1.25400 0.8761552845011534
1.25500 0.8768534162019511
1.25600 0.8775515479027489
1.25700 0.8782496796035466
1.25800 0.8789478113043444
1.25900 0.8796459430051421
1.26000 0.8803440747059399
1.26100 0.8810422064067376
1.26200 0.8817403381075354
1.26300 0.882438469808333
1.26400 0.8831366015091308
1.26500 0.8838347332099284
1.26600 0.8845328649107262
1.26700 0.8852309966115239
1.26800 0.8859291283123217
1.26900 0.8866272600131194
1.27000 0.8873253917139172
1.27100 0.8880235234147148
1.27200 0.8887216551155127
1.27300 0.8894197868163103
1.27400 0.8901179185171081
1.27500 0.8908160502179058
1.27600 0.8915141819187036
1.27700 0.8922123136195013
1.27800 0.8929104453202991
1.27900 0.8936085770210968
1.28000 0.8943067087218943
1.28100 0.8950048404226921
1.28200 0.8957029721234898
1.28300 0.8964011038242876
1.28400 0.8970992355250853
1.28500 0.8977973672258831
1.28600 0.8984954989266808
1.28700 0.8991936306274786
1.28800 0.8998917623282763
1.28900 0.9005898940290741
1.29000 0.9012880257298717
1.29100 0.9019861574306695
1.29200 0.9026842891314671
1.29300 0.9033824208322649
1.29400 0.9040805525330626
1.29500 0.9047786842338604
1.29600 0.9054768159346581
1.29700 0.9061749476354559
1.29800 0.9068730793362535
1.29900 0.9075712110370514
1.30000 0.908269342737849
1.30100 0.9089674744386468
1.30200 0.9096656061394445
1.30300 0.9103637378402423
1.30400 0.91106186954104
1.30500 0.9117600012418378
1.30600 0.9124581329426354
1.30700 0.9131562646434332
1.30800 0.9138543963442308
1.30900 0.9145525280450287
1.31000 0.9152506597458263
1.31100 0.9159487914466241
1.31200 0.9166469231474218
1.31300 0.9173450548482196
1.31400 0.9180431865490173
1.31500 0.9187413182498151
1.31600 0.9194394499506128
1.31700 0.9201375816514106
1.31800 0.9208357133522082
1.31900 0.9215338450530061
1.32000 0.9222319767538036
1.32100 0.9229301084546014
1.32200 0.9236282401553991
1.32300 0.9243263718561969
1.32400 0.9250245035569946
1.32500 0.9257226352577924
1.32600 0.9264207669585901
1.32700 0.9271188986593879
1.32800 0.9278170303601855
1.32900 0.9285151620609833
1.33000 0.929213293761781
1.33100 0.9299114254625788
1.33200 0.9306095571633765
1.33300 0.9313076888641743
1.33400 0.9320058205649719
1.33500 0.9327039522657697
1.33600 0.9334020839665674
1.33700 0.9341002156673652
1.33800 0.9347983473681628
1.33900 0.9354964790689606
1.34000 0.9361946107697583
1.34100 0.9368927424705561
1.34200 0.9375908741713538
1.34300 0.9382890058721516
1.34400 0.9389871375729493
1.34500 0.9396852692737471
1.34600 0.9403834009745448
1.34700 0.9410815326753426
1.34800 0.9417796643761401
1.34900 0.9424777960769379
1.35000 0.9431759277777356
1.35100 0.9438740594785334
1.35200 0.9445721911793311
1.35300 0.9452703228801289
1.35400 0.9459684545809266
1.35500 0.9466665862817244
1.35600 0.947364717982522
1.35700 0.9480628496833199
1.35800 0.9487609813841175
1.35900 0.9494591130849153
1.36000 0.950157244785713
1.36100 0.9508553764865108
1.36200 0.9515535081873084
1.36300 0.9522516398881062
1.36400 0.9529497715889039
1.36500 0.9536479032897017
1.36600 0.9543460349904993
1.36700 0.9550441666912972
1.36800 0.9557422983920948
1.36900 0.9564404300928926
1.37000 0.9571385617936903
1.37100 0.9578366934944881
1.37200 0.9585348251952858
1.37300 0.9592329568960836
1.37400 0.9599310885968813
1.37500 0.960629220297679
1.37600 0.9613273519984766
1.37700 0.9620254836992745
1.37800 0.9627236154000721
1.37900 0.9634217471008699
1.38000 0.9641198788016676
1.38100 0.9648180105024654
1.38200 0.9655161422032631
1.38300 0.9662142739040609
1.38400 0.9669124056048586
1.38500 0.9676105373056564
1.38600 0.968308669006454
1.38700 0.9690068007072518
1.38800 0.9697049324080494
1.38900 0.9704030641088472
1.39000 0.9711011958096449
1.39100 0.9717993275104427
1.39200 0.9724974592112404
1.39300 0.9731955909120382
1.39400 0.9738937226128359
1.39500 0.9745918543136337
1.39600 0.9752899860144313
1.39700 0.9759881177152291
1.39800 0.9766862494160268
1.39900 0.9773843811168246
1.40000 0.9780825128176223
1.40100 0.9787806445184201
1.40200 0.9794787762192178
1.40300 0.9801769079200155
1.40400 0.9808750396208132
1.40500 0.981573171321611
1.40600 0.9822713030224086
1.40700 0.9829694347232063
1.40800 0.9836675664240041
1.40900 0.9843656981248018
1.41000 0.9850638298255996
1.41100 0.9857619615263973
1.41200 0.9864600932271951
1.41300 0.9871582249279927
1.41400 0.9878563566287905
1.41500 0.9885544883295881
1.41600 0.9892526200303859
1.41700 0.9899507517311836
1.41800 0.9906488834319814
1.41900 0.9913470151327791
1.42000 0.9920451468335769
1.42100 0.9927432785343746
1.42200 0.9934414102351724
1.42300 0.99413954193597
1.42400 0.9948376736367678
1.42500 0.9955358053375655
1.42600 0.9962339370383633
1.42700 0.996932068739161
1.42800 0.9976302004399588
1.42900 0.9983283321407564
1.43000 0.9990264638415542
1.43100 0.9997245955423519
1.43200 1.0004227272431496
1.43300 1.0011208589439473
1.43400 1.0018189906447452
1.43500 1.002517122345543
1.43600 1.0032152540463406
1.43700 1.0039133857471383
1.43800 1.0046115174479362
1.43900 1.0053096491487337
1.44000 1.0060077808495316
1.44100 1.0067059125503293
1.44200 1.007404044251127
1.44300 1.0081021759519246
1.44400 1.0088003076527225
1.44500 1.0094984393535202
1.44600 1.010196571054318
1.44700 1.0108947027551156
1.44800 1.0115928344559133
1.44900 1.012290966156711
1.45000 1.012989097857509
1.45100 1.0136872295583066
1.45200 1.0143853612591043
1.45300 1.015083492959902
1.45400 1.0157816246606999
1.45500 1.0164797563614976
1.45600 1.0171778880622953
1.45700 1.017876019763093
1.45800 1.0185741514638906
1.45900 1.0192722831646883
1.46000 1.0199704148654862
1.46100 1.020668546566284
1.46200 1.0213666782670816
1.46300 1.0220648099678793
1.46400 1.0227629416686772
1.46500 1.023461073369475
1.46600 1.0241592050702726
1.46700 1.0248573367710703
1.46800 1.025555468471868
1.46900 1.0262536001726656
1.47000 1.0269517318734636
1.47100 1.0276498635742612
1.47200 1.028347995275059
1.47300 1.0290461269758566
1.47400 1.0297442586766545
1.47500 1.030442390377452
1.47600 1.03114052207825
1.47700 1.0318386537790476
1.47800 1.0325367854798453
1.47900 1.033234917180643
1.48000 1.0339330488814409
1.48100 1.0346311805822386
1.48200 1.0353293122830363
1.48300 1.036027443983834
1.48400 1.0367255756846319
1.48500 1.0374237073854293
1.48600 1.0381218390862272
1.48700 1.038819970787025
1.48800 1.0395181024878226
1.48900 1.0402162341886203
1.49000 1.0409143658894182
1.49100 1.041612497590216
1.49200 1.0423106292910136
1.49300 1.0430087609918113
1.49400 1.0437068926926092
1.49500 1.0444050243934067
1.49600 1.0451031560942046
1.49700 1.0458012877950023
1.49800 1.0464994194958
1.49900 1.0471975511965976
1.50000 1.0478956828973955
1.50100 1.0485938145981932
1.50200 1.049291946298991
1.50300 1.0499900779997886
1.50400 1.0506882097005865
1.50500 1.051386341401384
1.50600 1.052084473102182
1.50700 1.0527826048029796
1.50800 1.0534807365037773
1.50900 1.054178868204575
1.51000 1.0548769999053729
1.51100 1.0555751316061706
1.51200 1.0562732633069682
1.51300 1.056971395007766
1.51400 1.0576695267085638
1.51500 1.0583676584093613
1.51600 1.0590657901101592
1.51700 1.059763921810957
1.51800 1.0604620535117546
1.51900 1.0611601852125523
1.52000 1.0618583169133502
1.52100 1.0625564486141479
1.52200 1.0632545803149456
1.52300 1.0639527120157433
1.52400 1.0646508437165412
1.52500 1.0653489754173386
1.52600 1.0660471071181365
1.52700 1.0667452388189342
1.52800 1.067443370519732
1.52900 1.0681415022205296
1.53000 1.0688396339213275
1.53100 1.0695377656221252
1.53200 1.070235897322923
1.53300 1.0709340290237206
1.53400 1.0716321607245185
1.53500 1.072330292425316
1.53600 1.0730284241261137
1.53700 1.0737265558269116
1.53800 1.0744246875277093
1.53900 1.075122819228507
1.54000 1.0758209509293046
1.54100 1.0765190826301025
1.54200 1.0772172143309
1.54300 1.077915346031698
1.54400 1.0786134777324956
1.54500 1.0793116094332933
1.54600 1.080009741134091
1.54700 1.080707872834889
1.54800 1.0814060045356866
1.54900 1.0821041362364843
1.55000 1.082802267937282
1.55100 1.0835003996380799
1.55200 1.0841985313388773
1.55300 1.0848966630396752
1.55400 1.085594794740473
1.55500 1.0862929264412706
1.55600 1.0869910581420683
1.55700 1.0876891898428662
1.55800 1.088387321543664
1.55900 1.0890854532444616
1.56000 1.0897835849452593
1.56100 1.0904817166460572
1.56200 1.0911798483468547
1.56300 1.0918779800476526
1.56400 1.0925761117484503
1.56500 1.093274243449248
1.56600 1.0939723751500456
1.56700 1.0946705068508435
1.56800 1.0953686385516412
1.56900 1.096066770252439
1.57000 1.0967649019532366
1.57100 1.0974630336540345
1.57200 1.098161165354832
1.57300 1.09885929705563
1.57400 1.0995574287564276
1.57500 1.1002555604572253
1.57600 1.100953692158023
1.57700 1.1016518238588209
1.57800 1.1023499555596186
1.57900 1.1030480872604163
1.58000 1.103746218961214
1.58100 1.1044443506620119
1.58200 1.1051424823628093
1.58300 1.1058406140636072
1.58400 1.106538745764405
1.58500 1.1072368774652026
1.58600 1.1079350091660003
1.58700 1.1086331408667982
1.58800 1.109331272567596
1.58900 1.1100294042683936
1.59000 1.1107275359691913
1.59100 1.111425667669989
1.59200 1.1121237993707866
1.59300 1.1128219310715846
1.59400 1.1135200627723822
1.59500 1.11421819447318
1.59600 1.1149163261739776
1.59700 1.1156144578747755
1.59800 1.1163125895755732
1.59900 1.117010721276371
1.60000 1.1177088529771686
1.60100 1.1184069846779663
1.60200 1.119105116378764
1.60300 1.1198032480795619
1.60400 1.1205013797803596
1.60500 1.1211995114811573
1.60600 1.121897643181955
1.60700 1.1225957748827529
1.60800 1.1232939065835505
1.60900 1.1239920382843482
1.61000 1.124690169985146
1.61100 1.1253883016859436
1.61200 1.1260864333867413
1.61300 1.1267845650875392
1.61400 1.127482696788337
1.61500 1.1281808284891346
1.61600 1.1288789601899323
1.61700 1.1295770918907302
1.61800 1.1302752235915277
1.61900 1.1309733552923256
1.62000 1.1316714869931233
1.62100 1.132369618693921
1.62200 1.1330677503947186
1.62300 1.1337658820955165
1.62400 1.1344640137963142
1.62500 1.135162145497112
1.62600 1.1358602771979096
1.62700 1.1365584088987075
1.62800 1.137256540599505
1.62900 1.137954672300303
1.63000 1.1386528040011006
1.63100 1.1393509357018983
1.63200 1.140049067402696
1.63300 1.1407471991034939
1.63400 1.1414453308042916
1.63500 1.1421434625050892
1.63600 1.142841594205887
1.63700 1.1435397259066848
1.63800 1.1442378576074823
1.63900 1.1449359893082802
1.64000 1.145634121009078
1.64100 1.1463322527098756
1.64200 1.1470303844106733
1.64300 1.1477285161114712
1.64400 1.1484266478122689
1.64500 1.1491247795130666
1.64600 1.1498229112138643
1.64700 1.1505210429146622
1.64800 1.1512191746154596
1.64900 1.1519173063162575
1.65000 1.1526154380170552
1.65100 1.153313569717853
1.65200 1.1540117014186506
1.65300 1.1547098331194485
1.65400 1.1554079648202462
1.65500 1.156106096521044
1.65600 1.1568042282218416
1.65700 1.1575023599226395
1.65800 1.158200491623437
1.65900 1.1588986233242349
1.66000 1.1595967550250326
1.66100 1.1602948867258303
1.66200 1.160993018426628
1.66300 1.1616911501274259
1.66400 1.1623892818282235
1.66500 1.163087413529021
1.66600 1.163785545229819
1.66700 1.1644836769306166
1.66800 1.1651818086314143
1.66900 1.165879940332212
1.67000 1.16657807203301
1.67100 1.1672762037338076
1.67200 1.1679743354346053
1.67300 1.168672467135403
1.67400 1.1693705988362009
1.67500 1.1700687305369983
1.67600 1.1707668622377962
1.67700 1.171464993938594
1.67800 1.1721631256393916
1.67900 1.1728612573401893
1.68000 1.1735593890409872
1.68100 1.174257520741785
1.68200 1.1749556524425826
1.68300 1.1756537841433803
1.68400 1.1763519158441782
1.68500 1.1770500475449757
1.68600 1.1777481792457736
1.68700 1.1784463109465713
1.68800 1.179144442647369
1.68900 1.1798425743481666
1.69000 1.1805407060489645
1.69100 1.1812388377497622
1.69200 1.18193696945056
1.69300 1.1826351011513576
1.69400 1.1833332328521555
1.69500 1.184031364552953
1.69600 1.184729496253751
1.69700 1.1854276279545486
1.69800 1.1861257596553463
1.69900 1.186823891356144
1.70000 1.1875220230569419
1.70100 1.1882201547577396
1.70200 1.1889182864585373
1.70300 1.189616418159335
1.70400 1.1903145498601329
1.70500 1.1910126815609303
1.70600 1.1917108132617282
1.70700 1.192408944962526
1.70800 1.1931070766633236
1.70900 1.1938052083641213
1.71000 1.1945033400649192
1.71100 1.195201471765717
1.71200 1.1958996034665146
1.71300 1.1965977351673123
1.71400 1.1972958668681102
1.71500 1.1979939985689076
1.71600 1.1986921302697056
1.71700 1.1993902619705032
1.71800 1.200088393671301
1.71900 1.2007865253720986
1.72000 1.2014846570728965
1.72100 1.2021827887736942
1.72200 1.202880920474492
1.72300 1.2035790521752896
1.72400 1.2042771838760875
1.72500 1.204975315576885
1.72600 1.2056734472776829
1.72700 1.2063715789784806
1.72800 1.2070697106792783
1.72900 1.207767842380076
1.73000 1.2084659740808739
1.73100 1.2091641057816715
1.73200 1.2098622374824692
1.73300 1.210560369183267
1.73400 1.2112585008840646
1.73500 1.2119566325848623
1.73600 1.2126547642856602
1.73700 1.213352895986458
1.73800 1.2140510276872556
1.73900 1.2147491593880533
1.74000 1.2154472910888512
1.74100 1.2161454227896489
1.74200 1.2168435544904466
1.74300 1.2175416861912443
1.74400 1.218239817892042
1.74500 1.2189379495928396
1.74600 1.2196360812936375
1.74700 1.2203342129944352
1.74800 1.221032344695233
1.74900 1.2217304763960306
1.75000 1.2224286080968285
1.75100 1.2231267397976262
1.75200 1.223824871498424
1.75300 1.2245230031992216
1.75400 1.2252211349000193
1.75500 1.225919266600817
1.75600 1.2266173983016149
1.75700 1.2273155300024126
1.75800 1.2280136617032102
1.75900 1.228711793404008
1.76000 1.2294099251048058
1.76100 1.2301080568056035
1.76200 1.2308061885064012
1.76300 1.231504320207199
1.76400 1.2322024519079966
1.76500 1.2329005836087943
1.76600 1.2335987153095922
1.76700 1.2342968470103899
1.76800 1.2349949787111876
1.76900 1.2356931104119853
1.77000 1.2363912421127832
1.77100 1.2370893738135806
1.77200 1.2377875055143785
1.77300 1.2384856372151762
1.77400 1.239183768915974
1.77500 1.2398819006167716
1.77600 1.2405800323175695
1.77700 1.2412781640183672
1.77800 1.241976295719165
1.77900 1.2426744274199626
1.78000 1.2433725591207605
1.78100 1.244070690821558
1.78200 1.2447688225223559
1.78300 1.2454669542231536
1.78400 1.2461650859239513
1.78500 1.246863217624749
1.78600 1.2475613493255469
1.78700 1.2482594810263445
1.78800 1.2489576127271422
1.78900 1.24965574442794
1.79000 1.2503538761287378
1.79100 1.2510520078295353
1.79200 1.251750139530333
1.79300 1.252448271231131
1.79400 1.2531464029319286
1.79500 1.2538445346327263
1.79600 1.254542666333524
1.79700 1.2552407980343219
1.79800 1.2559389297351193
1.79900 1.2566370614359172
1.80000 1.257335193136715
1.80100 1.2580333248375126
1.80200 1.2587314565383103
1.80300 1.2594295882391082
1.80400 1.260127719939906
1.80500 1.2608258516407036
1.80600 1.2615239833415013
1.80700 1.2622221150422992
1.80800 1.2629202467430967
1.80900 1.2636183784438946
1.81000 1.2643165101446923
1.81100 1.26501464184549
1.81200 1.2657127735462876
1.81300 1.2664109052470855
1.81400 1.2671090369478832
1.81500 1.267807168648681
1.81600 1.2685053003494786
1.81700 1.2692034320502765
1.81800 1.269901563751074
1.81900 1.270599695451872
1.82000 1.2712978271526696
1.82100 1.2719959588534673
1.82200 1.272694090554265
1.82300 1.2733922222550629
1.82400 1.2740903539558606
1.82500 1.2747884856566583
1.82600 1.275486617357456
1.82700 1.2761847490582539
1.82800 1.2768828807590513
1.82900 1.2775810124598492
1.83000 1.278279144160647
1.83100 1.2789772758614446
1.83200 1.2796754075622423
1.83300 1.2803735392630402
1.83400 1.281071670963838
1.83500 1.2817698026646356
1.83600 1.2824679343654333
1.83700 1.2831660660662312
1.83800 1.2838641977670286
1.83900 1.2845623294678266
1.84000 1.2852604611686242
1.84100 1.285958592869422
1.84200 1.2866567245702196
1.84300 1.2873548562710175
1.84400 1.2880529879718152
1.84500 1.288751119672613
1.84600 1.2894492513734106
1.84700 1.2901473830742085
1.84800 1.290845514775006
1.84900 1.2915436464758039
1.85000 1.2922417781766016
1.85100 1.2929399098773993
1.85200 1.293638041578197
1.85300 1.2943361732789949
1.85400 1.2950343049797925
1.85500 1.2957324366805902
1.85600 1.296430568381388
1.85700 1.2971287000821858
1.85800 1.2978268317829833
1.85900 1.2985249634837812
1.86000 1.299223095184579
1.86100 1.2999212268853766
1.86200 1.3006193585861743
1.86300 1.3013174902869722
1.86400 1.3020156219877699
1.86500 1.3027137536885676
1.86600 1.3034118853893653
1.86700 1.3041100170901632
1.86800 1.3048081487909606
1.86900 1.3055062804917585
1.87000 1.3062044121925562
1.87100 1.306902543893354
1.87200 1.3076006755941516
1.87300 1.3082988072949495
1.87400 1.3089969389957472
1.87500 1.309695070696545
1.87600 1.3103932023973426
1.87700 1.3110913340981405
1.87800 1.311789465798938
1.87900 1.3124875974997359
1.88000 1.3131857292005336
1.88100 1.3138838609013312
1.88200 1.314581992602129
1.88300 1.3152801243029268
1.88400 1.3159782560037245
1.88500 1.3166763877045222
1.88600 1.31737451940532
1.88700 1.3180726511061176
1.88800 1.3187707828069153
1.88900 1.3194689145077132
1.89000 1.3201670462085109
1.89100 1.3208651779093086
1.89200 1.3215633096101063
1.89300 1.3222614413109042
1.89400 1.3229595730117019
1.89500 1.3236577047124995
1.89600 1.3243558364132972
1.89700 1.325053968114095
1.89800 1.3257520998148926
1.89900 1.3264502315156905
1.90000 1.3271483632164882
1.90100 1.327846494917286
1.90200 1.3285446266180836
1.90300 1.3292427583188815
1.90400 1.3299408900196792
1.90500 1.3306390217204769
1.90600 1.3313371534212746
1.90700 1.3320352851220723
1.90800 1.33273341682287
1.90900 1.3334315485236679
1.91000 1.3341296802244655
1.91100 1.3348278119252632
1.91200 1.335525943626061
1.91300 1.3362240753268588
1.91400 1.3369222070276563
1.91500 1.3376203387284542
1.91600 1.338318470429252
1.91700 1.3390166021300496
1.91800 1.3397147338308473
1.91900 1.340412865531645
1.92000 1.3411109972324429
1.92100 1.3418091289332406
1.92200 1.3425072606340382
1.92300 1.343205392334836
1.92400 1.3439035240356336
1.92500 1.3446016557364313
1.92600 1.3452997874372292
1.92700 1.345997919138027
1.92800 1.3466960508388246
1.92900 1.3473941825396223
1.93000 1.3480923142404202
1.93100 1.3487904459412179
1.93200 1.3494885776420156
1.93300 1.3501867093428133
1.93400 1.350884841043611
1.93500 1.3515829727444086
1.93600 1.3522811044452065
1.93700 1.3529792361460042
1.93800 1.353677367846802
1.93900 1.3543754995475996
1.94000 1.3550736312483975
1.94100 1.355771762949195
1.94200 1.356469894649993
1.94300 1.3571680263507906
1.94400 1.3578661580515883
1.94500 1.358564289752386
1.94600 1.3592624214531839
1.94700 1.3599605531539816
1.94800 1.3606586848547793
1.94900 1.361356816555577
1.95000 1.3620549482563749
1.95100 1.3627530799571723
1.95200 1.3634512116579702
1.95300 1.364149343358768
1.95400 1.3648474750595656
1.95500 1.3655456067603633
1.95600 1.3662437384611612
1.95700 1.366941870161959
1.95800 1.3676400018627566
1.95900 1.3683381335635543
1.96000 1.3690362652643522
1.96100 1.3697343969651496
1.96200 1.3704325286659476
1.96300 1.3711306603667452
1.96400 1.371828792067543
1.96500 1.3725269237683406
1.96600 1.3732250554691385
1.96700 1.3739231871699362
1.96800 1.374621318870734
1.96900 1.3753194505715316
1.97000 1.3760175822723295
1.97100 1.376715713973127
1.97200 1.3774138456739249
1.97300 1.3781119773747226
1.97400 1.3788101090755203
1.97500 1.379508240776318
1.97600 1.3802063724771159
1.97700 1.3809045041779135
1.97800 1.3816026358787112
1.97900 1.382300767579509
1.98000 1.3829988992803068
1.98100 1.3836970309811043
1.98200 1.3843951626819022
1.98300 1.3850932943827
1.98400 1.3857914260834976
1.98500 1.3864895577842953
1.98600 1.3871876894850932
1.98700 1.3878858211858909
1.98800 1.3885839528866886
1.98900 1.3892820845874863
1.99000 1.3899802162882842
1.99100 1.3906783479890816
1.99200 1.3913764796898795
1.99300 1.3920746113906772
1.99400 1.392772743091475
1.99500 1.3934708747922726
1.99600 1.3941690064930705
1.99700 1.3948671381938682
1.99800 1.395565269894666
1.99900 1.3962634015954636
2.00000 1.3969615332962613
2.00100 1.3976596649970592
2.00200 1.3983577966978569
2.00300 1.3990559283986546
2.00400 1.3997540600994522
2.00500 1.4004521918002502
2.00600 1.4011503235010478
2.00700 1.4018484552018455
2.00800 1.402546586902643
2.00900 1.4032447186034411
2.01000 1.4039428503042388
2.01100 1.4046409820050363
2.01200 1.405339113705834
2.01300 1.4060372454066319
2.01400 1.4067353771074296
2.01500 1.4074335088082273
2.01600 1.408131640509025
2.01700 1.4088297722098229
2.01800 1.4095279039106205
2.01900 1.4102260356114182
2.02000 1.410924167312216
2.02100 1.4116222990130138
2.02200 1.4123204307138115
2.02300 1.4130185624146092
2.02400 1.413716694115407
2.02500 1.4144148258162048
2.02600 1.4151129575170025
2.02700 1.4158110892178002
2.02800 1.4165092209185977
2.02900 1.4172073526193958
2.03000 1.4179054843201933
2.03100 1.418603616020991
2.03200 1.4193017477217886
2.03300 1.4199998794225865
2.03400 1.4206980111233842
2.03500 1.421396142824182
2.03600 1.4220942745249796
2.03700 1.4227924062257775
2.03800 1.4234905379265752
2.03900 1.424188669627373
2.04000 1.4248868013281706
2.04100 1.4255849330289685
2.04200 1.4262830647297662
2.04300 1.4269811964305639
2.04400 1.4276793281313616
2.04500 1.4283774598321595
2.04600 1.4290755915329572
2.04700 1.4297737232337548
2.04800 1.4304718549345523
2.04900 1.43116998663535
2.05000 1.431868118336148
2.05100 1.4325662500369456
2.05200 1.4332643817377433
2.05300 1.433962513438541
2.05400 1.4346606451393389
2.05500 1.4353587768401366
2.05600 1.4360569085409343
2.05700 1.436755040241732
2.05800 1.4374531719425299
2.05900 1.4381513036433275
2.06000 1.4388494353441252
2.06100 1.439547567044923
2.06200 1.4402456987457208
2.06300 1.4409438304465185
2.06400 1.4416419621473162
2.06500 1.4423400938481137
2.06600 1.4430382255489118
2.06700 1.4437363572497093
2.06800 1.444434488950507
2.06900 1.4451326206513047
2.07000 1.4458307523521026
2.07100 1.4465288840529003
2.07200 1.447227015753698
2.07300 1.4479251474544956
2.07400 1.4486232791552935
2.07500 1.4493214108560912
2.07600 1.450019542556889
2.07700 1.4507176742576866
2.07800 1.4514158059584845
2.07900 1.4521139376592822
2.08000 1.45281206936008
2.08100 1.4535102010608776
2.08200 1.4542083327616755
2.08300 1.4549064644624732
2.08400 1.4556045961632709
2.08500 1.4563027278640683
2.08600 1.4570008595648665
2.08700 1.457698991265664
2.08800 1.4583971229664616
2.08900 1.4590952546672593
2.09000 1.4597933863680572
2.09100 1.460491518068855
2.09200 1.4611896497696526
2.09300 1.4618877814704503
2.09400 1.4625859131712482
2.09500 1.4632840448720459
2.09600 1.4639821765728436
2.09700 1.4646803082736413
2.09800 1.4653784399744392
2.09900 1.4660765716752369
2.10000 1.4667747033760345
2.10100 1.4674728350768322
2.10200 1.4681709667776301
2.10300 1.4688690984784278
2.10400 1.4695672301792253
2.10500 1.470265361880023
2.10600 1.4709634935808211
2.10700 1.4716616252816186
2.10800 1.4723597569824163
2.10900 1.473057888683214
2.11000 1.4737560203840119
2.11100 1.4744541520848096
2.11200 1.4751522837856073
2.11300 1.475850415486405
2.11400 1.4765485471872029
2.11500 1.4772466788880005
2.11600 1.4779448105887982
2.11700 1.478642942289596
2.11800 1.4793410739903938
2.11900 1.4800392056911915
2.12000 1.4807373373919892
2.12100 1.4814354690927867
2.12200 1.4821336007935848
2.12300 1.4828317324943825
2.12400 1.48352986419518
2.12500 1.4842279958959776
2.12600 1.4849261275967758
2.12700 1.4856242592975732
2.12800 1.486322390998371
2.12900 1.4870205226991686
2.13000 1.4877186543999665
2.13100 1.4884167861007642
2.13200 1.489114917801562
2.13300 1.4898130495023596
2.13400 1.4905111812031575
2.13500 1.4912093129039552
2.13600 1.4919074446047529
2.13700 1.4926055763055506
2.13800 1.4933037080063485
2.13900 1.4940018397071462
2.14000 1.4946999714079439
2.14100 1.4953981031087413
2.14200 1.4960962348095395
2.14300 1.4967943665103371
2.14400 1.4974924982111346
2.14500 1.4981906299119323
2.14600 1.4988887616127302
2.14700 1.499586893313528
2.14800 1.5002850250143256
2.14900 1.5009831567151233
2.15000 1.5016812884159212
2.15100 1.5023794201167189
2.15200 1.5030775518175166
2.15300 1.5037756835183143
2.15400 1.5044738152191122
2.15500 1.5051719469199099
2.15600 1.5058700786207075
2.15700 1.5065682103215052
2.15800 1.5072663420223031
2.15900 1.5079644737231008
2.16000 1.5086626054238985
2.16100 1.509360737124696
2.16200 1.5100588688254941
2.16300 1.5107570005262918
2.16400 1.5114551322270893
2.16500 1.512153263927887
2.16600 1.5128513956286849
2.16700 1.5135495273294826
2.16800 1.5142476590302802
2.16900 1.514945790731078
2.17000 1.5156439224318758
2.17100 1.5163420541326735
2.17200 1.5170401858334712
2.17300 1.517738317534269
2.17400 1.5184364492350668
2.17500 1.5191345809358645
2.17600 1.5198327126366622
2.17700 1.5205308443374599
2.17800 1.5212289760382574
2.17900 1.5219271077390555
2.18000 1.5226252394398532
2.18100 1.5233233711406506
2.18200 1.5240215028414483
2.18300 1.5247196345422462
2.18400 1.525417766243044
2.18500 1.5261158979438416
2.18600 1.5268140296446393
2.18700 1.5275121613454372
2.18800 1.528210293046235
2.18900 1.5289084247470326
2.19000 1.5296065564478303
2.19100 1.5303046881486282
2.19200 1.5310028198494259
2.19300 1.5317009515502236
2.19400 1.5323990832510213
2.19500 1.5330972149518192
2.19600 1.5337953466526169
2.19700 1.5344934783534145
2.19800 1.535191610054212
2.19900 1.5358897417550101
2.20000 1.5365878734558078
2.20100 1.5372860051566053
2.20200 1.537984136857403
2.20300 1.538682268558201
2.20400 1.5393804002589986
2.20500 1.5400785319597963
2.20600 1.540776663660594
2.20700 1.5414747953613919
2.20800 1.5421729270621896
2.20900 1.5428710587629872
2.21000 1.543569190463785
2.21100 1.5442673221645828
2.21200 1.5449654538653805
2.21300 1.5456635855661782
2.21400 1.546361717266976
2.21500 1.5470598489677738
2.21600 1.5477579806685715
2.21700 1.5484561123693692
2.21800 1.5491542440701667
2.21900 1.5498523757709648
2.22000 1.5505505074717623
2.22100 1.55124863917256
2.22200 1.5519467708733576
2.22300 1.5526449025741555
2.22400 1.5533430342749532
2.22500 1.554041165975751
2.22600 1.5547392976765486
2.22700 1.5554374293773465
2.22800 1.5561355610781442
2.22900 1.556833692778942
2.23000 1.5575318244797396
2.23100 1.5582299561805375
2.23200 1.5589280878813352
2.23300 1.5596262195821329
2.23400 1.5603243512829306
2.23500 1.5610224829837285
2.23600 1.5617206146845262
2.23700 1.5624187463853236
2.23800 1.5631168780861213
2.23900 1.5638150097869195
2.24000 1.564513141487717
2.24100 1.5652112731885146
2.24200 1.5659094048893123
2.24300 1.5666075365901102
2.24400 1.567305668290908
2.24500 1.5680037999917056
2.24600 1.5687019316925033
2.24700 1.5694000633933012
2.24800 1.5700981950940989
2.24900 1.5707963267948966
2.25000 1.5714944584956942
2.25100 1.5721925901964922
2.25200 1.5728907218972898
2.25300 1.5735888535980875
2.25400 1.5742869852988852
2.25500 1.5749851169996831
2.25600 1.5756832487004808
2.25700 1.5763813804012783
2.25800 1.577079512102076
2.25900 1.577777643802874
2.26000 1.5784757755036716
2.26100 1.5791739072044693
2.26200 1.579872038905267
2.26300 1.5805701706060649
2.26400 1.5812683023068625
2.26500 1.5819664340076602
2.26600 1.582664565708458
2.26700 1.5833626974092558
2.26800 1.5840608291100535
2.26900 1.5847589608108512
2.27000 1.585457092511649
2.27100 1.5861552242124468
2.27200 1.5868533559132445
2.27300 1.5875514876140422
2.27400 1.5882496193148397
2.27500 1.5889477510156378
2.27600 1.5896458827164355
2.27700 1.590344014417233
2.27800 1.5910421461180306
2.27900 1.5917402778188288
2.28000 1.5924384095196262
2.28100 1.593136541220424
2.28200 1.5938346729212216
2.28300 1.5945328046220195
2.28400 1.5952309363228172
2.28500 1.595929068023615
2.28600 1.5966271997244126
2.28700 1.5973253314252105
2.28800 1.5980234631260082
2.28900 1.5987215948268059
2.29000 1.5994197265276036
2.29100 1.6001178582284015
2.29200 1.6008159899291992
2.29300 1.6015141216299968
2.29400 1.6022122533307943
2.29500 1.6029103850315924
2.29600 1.6036085167323901
2.29700 1.6043066484331876
2.29800 1.6050047801339853
2.29900 1.6057029118347832
2.30000 1.6064010435355809
2.30100 1.6070991752363786
2.30200 1.6077973069371763
2.30300 1.6084954386379742
2.30400 1.6091935703387719
2.30500 1.6098917020395695
2.30600 1.6105898337403672
2.30700 1.611287965441165
2.30800 1.6119860971419628
2.30900 1.6126842288427605
2.31000 1.6133823605435582
2.31100 1.6140804922443557
2.31200 1.6147786239451538
2.31300 1.6154767556459515
2.31400 1.616174887346749
2.31500 1.6168730190475467
2.31600 1.6175711507483448
2.31700 1.6182692824491423
2.31800 1.61896741414994
2.31900 1.6196655458507376
2.32000 1.6203636775515355
2.32100 1.6210618092523332
2.32200 1.621759940953131
2.32300 1.6224580726539286
2.32400 1.6231562043547265
2.32500 1.6238543360555242
2.32600 1.624552467756322
2.32700 1.6252505994571196
2.32800 1.6259487311579175
2.32900 1.6266468628587152
2.33000 1.6273449945595129
2.33100 1.6280431262603103
2.33200 1.6287412579611085
2.33300 1.6294393896619062
2.33400 1.6301375213627036
2.33500 1.6308356530635013
2.33600 1.6315337847642992
2.33700 1.632231916465097
2.33800 1.6329300481658946
2.33900 1.6336281798666923
2.34000 1.6343263115674902
2.34100 1.6350244432682879
2.34200 1.6357225749690856
2.34300 1.6364207066698833
2.34400 1.6371188383706812
2.34500 1.6378169700714789
2.34600 1.6385151017722765
2.34700 1.6392132334730742
2.34800 1.6399113651738721
2.34900 1.6406094968746698
2.35000 1.6413076285754675
2.35100 1.642005760276265
2.35200 1.6427038919770631
2.35300 1.6434020236778606
2.35400 1.6441001553786583
2.35500 1.644798287079456
2.35600 1.6454964187802539
2.35700 1.6461945504810516
2.35800 1.6468926821818493
2.35900 1.647590813882647
2.36000 1.6482889455834449
2.36100 1.6489870772842425
2.36200 1.6496852089850402
2.36300 1.650383340685838
2.36400 1.6510814723866358
2.36500 1.6517796040874335
2.36600 1.6524777357882312
2.36700 1.653175867489029
2.36800 1.6538739991898268
2.36900 1.6545721308906245
2.37000 1.6552702625914222
2.37100 1.6559683942922196
2.37200 1.6566665259930178
2.37300 1.6573646576938152
2.37400 1.658062789394613
2.37500 1.6587609210954106
2.37600 1.6594590527962085
2.37700 1.6601571844970062
2.37800 1.660855316197804
2.37900 1.6615534478986016
2.38000 1.6622515795993995
2.38100 1.6629497113001972
2.38200 1.6636478430009949
2.38300 1.6643459747017926
2.38400 1.6650441064025905
2.38500 1.6657422381033882
2.38600 1.6664403698041859
2.38700 1.6671385015049835
2.38800 1.6678366332057815
2.38900 1.6685347649065791
2.39000 1.6692328966073766
2.39100 1.6699310283081743
2.39200 1.6706291600089724
2.39300 1.67132729170977
2.39400 1.6720254234105676
2.39500 1.6727235551113653
2.39600 1.6734216868121632
2.39700 1.6741198185129609
2.39800 1.6748179502137586
2.39900 1.6755160819145563
2.40000 1.6762142136153542
2.40100 1.6769123453161519
2.40200 1.6776104770169495
2.40300 1.6783086087177472
2.40400 1.6790067404185451
2.40500 1.6797048721193428
2.40600 1.6804030038201405
2.40700 1.6811011355209382
2.40800 1.6817992672217361
2.40900 1.6824973989225338
2.41000 1.6831955306233313
2.41100 1.683893662324129
2.41200 1.684591794024927
2.41300 1.6852899257257246
2.41400 1.6859880574265222
2.41500 1.68668618912732
2.41600 1.6873843208281178
2.41700 1.6880824525289155
2.41800 1.6887805842297132
2.41900 1.689478715930511
2.42000 1.6901768476313088
2.42100 1.6908749793321065
2.42200 1.6915731110329042
2.42300 1.6922712427337019
2.42400 1.6929693744344998
2.42500 1.6936675061352975
2.42600 1.6943656378360952
2.42700 1.6950637695368926
2.42800 1.6957619012376908
2.42900 1.6964600329384885
2.43000 1.697158164639286
2.43100 1.6978562963400836
2.43200 1.6985544280408813
2.43300 1.6992525597416792
2.43400 1.699950691442477
2.43500 1.7006488231432746
2.43600 1.7013469548440723
2.43700 1.7020450865448702
2.43800 1.7027432182456679
2.43900 1.7034413499464656
2.44000 1.7041394816472633
2.44100 1.7048376133480612
2.44200 1.7055357450488589
2.44300 1.7062338767496565
2.44400 1.706932008450454
2.44500 1.7076301401512521
2.44600 1.7083282718520498
2.44700 1.7090264035528473
2.44800 1.709724535253645
2.44900 1.7104226669544431
2.45000 1.7111207986552406
2.45100 1.7118189303560383
2.45200 1.712517062056836
2.45300 1.7132151937576339
2.45400 1.7139133254584316
2.45500 1.7146114571592292
2.45600 1.715309588860027
2.45700 1.7160077205608248
2.45800 1.7167058522616225
2.45900 1.7174039839624202
2.46000 1.718102115663218
2.46100 1.7188002473640158
2.46200 1.7194983790648135
2.46300 1.7201965107656112
2.46400 1.7208946424664087
2.46500 1.7215927741672068
2.46600 1.7222909058680045
2.46700 1.722989037568802
2.46800 1.7236871692695996
2.46900 1.7243853009703975
2.47000 1.7250834326711952
2.47100 1.725781564371993
2.47200 1.7264796960727906
2.47300 1.7271778277735885
2.47400 1.7278759594743862
2.47500 1.728574091175184
2.47600 1.7292722228759816
2.47700 1.7299703545767795
2.47800 1.7306684862775772
2.47900 1.7313666179783749
2.48000 1.7320647496791726
2.48100 1.7327628813799705
2.48200 1.7334610130807682
2.48300 1.7341591447815659
2.48400 1.7348572764823633
2.48500 1.7355554081831615
2.48600 1.7362535398839591
2.48700 1.7369516715847566
2.48800 1.7376498032855543
2.48900 1.7383479349863522
2.49000 1.73904606668715
2.49100 1.7397441983879476
2.49200 1.7404423300887453
2.49300 1.7411404617895432
2.49400 1.7418385934903409
2.49500 1.7425367251911386
2.49600 1.7432348568919362
2.49700 1.7439329885927342
2.49800 1.7446311202935318
2.49900 1.7453292519943295
2.50000 1.7460273836951272
2.50100 1.7467255153959251
2.50200 1.7474236470967228
2.50300 1.7481217787975205
2.50400 1.748819910498318
2.50500 1.749518042199116
2.50600 1.7502161738999136
2.50700 1.7509143056007113
2.50800 1.751612437301509
2.50900 1.7523105690023069
2.51000 1.7530087007031045
2.51100 1.7537068324039022
2.51200 1.7544049641047
2.51300 1.7551030958054978
2.51400 1.7558012275062955
2.51500 1.7564993592070932
2.51600 1.757197490907891
2.51700 1.7578956226086888
2.51800 1.7585937543094865
2.51900 1.7592918860102842
2.52000 1.7599900177110819
2.52100 1.7606881494118798
2.52200 1.7613862811126775
2.52300 1.7620844128134752
2.52400 1.7627825445142726
2.52500 1.7634806762150708
2.52600 1.7641788079158682
2.52700 1.764876939616666
2.52800 1.7655750713174636
2.52900 1.7662732030182615
2.53000 1.7669713347190592
2.53100 1.767669466419857
2.53200 1.7683675981206546
2.53300 1.7690657298214525
2.53400 1.7697638615222502
2.53500 1.7704619932230479
2.53600 1.7711601249238456
2.53700 1.7718582566246435
2.53800 1.7725563883254412
2.53900 1.7732545200262388
2.54000 1.7739526517270365
2.54100 1.7746507834278344
2.54200 1.7753489151286321
2.54300 1.7760470468294296
2.54400 1.7767451785302273
2.54500 1.7774433102310254
2.54600 1.7781414419318229
2.54700 1.7788395736326206
2.54800 1.7795377053334183
2.54900 1.7802358370342162
2.55000 1.7809339687350139
2.55100 1.7816321004358115
2.55200 1.7823302321366092
2.55300 1.7830283638374071
2.55400 1.7837264955382048
2.55500 1.7844246272390025
2.55600 1.7851227589398002
2.55700 1.7858208906405981
2.55800 1.7865190223413958
2.55900 1.7872171540421935
2.56000 1.787915285742991
2.56100 1.7886134174437887
2.56200 1.7893115491445868
2.56300 1.7900096808453843
2.56400 1.790707812546182
2.56500 1.7914059442469796
2.56600 1.7921040759477775
2.56700 1.7928022076485752
2.56800 1.793500339349373
2.56900 1.7941984710501706
2.57000 1.7948966027509685
2.57100 1.7955947344517662
2.57200 1.796292866152564
2.57300 1.7969909978533616
2.57400 1.7976891295541595
2.57500 1.7983872612549572
2.57600 1.7990853929557549
2.57700 1.7997835246565526
2.57800 1.8004816563573505
2.57900 1.8011797880581482
2.58000 1.8018779197589456
2.58100 1.8025760514597433
2.58200 1.8032741831605414
2.58300 1.803972314861339
2.58400 1.8046704465621366
2.58500 1.8053685782629343
2.58600 1.8060667099637322
2.58700 1.8067648416645299
2.58800 1.8074629733653276
2.58900 1.8081611050661253
2.59000 1.8088592367669232
2.59100 1.8095573684677209
2.59200 1.8102555001685185
2.59300 1.8109536318693162
2.59400 1.8116517635701141
2.59500 1.8123498952709118
2.59600 1.8130480269717095
2.59700 1.813746158672507
2.59800 1.8144442903733051
2.59900 1.8151424220741028
2.60000 1.8158405537749003
2.60100 1.816538685475698
2.60200 1.817236817176496
2.60300 1.8179349488772936
2.60400 1.8186330805780913
2.60500 1.819331212278889
2.60600 1.8200293439796869
2.60700 1.8207274756804845
2.60800 1.8214256073812822
2.60900 1.82212373908208
2.61000 1.8228218707828778
2.61100 1.8235200024836755
2.61200 1.8242181341844732
2.61300 1.824916265885271
2.61400 1.8256143975860688
2.61500 1.8263125292868665
2.61600 1.8270106609876642
2.61700 1.8277087926884616
2.61800 1.8284069243892598
2.61900 1.8291050560900575
2.62000 1.829803187790855
2.62100 1.8305013194916526
2.62200 1.8311994511924505
2.62300 1.8318975828932482
2.62400 1.832595714594046
2.62500 1.8332938462948436
2.62600 1.8339919779956415
2.62700 1.8346901096964392
2.62800 1.8353882413972369
2.62900 1.8360863730980346
2.63000 1.8367845047988325
2.63100 1.8374826364996302
2.63200 1.8381807682004279
2.63300 1.8388788999012255
2.63400 1.8395770316020235
2.63500 1.8402751633028211
2.63600 1.8409732950036188
2.63700 1.8416714267044163
2.63800 1.8423695584052144
2.63900 1.8430676901060121
2.64000 1.8437658218068096
2.64100 1.8444639535076073
2.64200 1.8451620852084052
2.64300 1.8458602169092029
2.64400 1.8465583486100006
2.64500 1.8472564803107983
2.64600 1.8479546120115962
2.64700 1.8486527437123939
2.64800 1.8493508754131915
2.64900 1.8500490071139892
2.65000 1.8507471388147871
2.65100 1.8514452705155848
2.65200 1.8521434022163825
2.65300 1.8528415339171802
2.65400 1.8535396656179781
2.65500 1.8542377973187758
2.65600 1.8549359290195735
2.65700 1.855634060720371
2.65800 1.856332192421169
2.65900 1.8570303241219666
2.66000 1.8577284558227642
2.66100 1.858426587523562
2.66200 1.8591247192243598
2.66300 1.8598228509251575
2.66400 1.8605209826259552
2.66500 1.861219114326753
2.66600 1.8619172460275508
2.66700 1.8626153777283485
2.66800 1.8633135094291462
2.66900 1.8640116411299439
2.67000 1.8647097728307418
2.67100 1.8654079045315395
2.67200 1.8661060362323372
2.67300 1.8668041679331349
2.67400 1.8675022996339328
2.67500 1.8682004313347305
2.67600 1.868898563035528
2.67700 1.8695966947363256
2.67800 1.8702948264371237
2.67900 1.8709929581379212
2.68000 1.871691089838719
2.68100 1.8723892215395166
2.68200 1.8730873532403145
2.68300 1.8737854849411122
2.68400 1.8744836166419099
2.68500 1.8751817483427076
2.68600 1.8758798800435055
2.68700 1.8765780117443032
2.68800 1.8772761434451009
2.68900 1.8779742751458985
2.69000 1.8786724068466962
2.69100 1.8793705385474941
2.69200 1.8800686702482918
2.69300 1.8807668019490895
2.69400 1.881464933649887
2.69500 1.8821630653506851
2.69600 1.8828611970514826
2.69700 1.8835593287522803
2.69800 1.884257460453078
2.69900 1.8849555921538759
2.70000 1.8856537238546736
2.70100 1.8863518555554712
2.70200 1.887049987256269
2.70300 1.8877481189570668
2.70400 1.8884462506578645
2.70500 1.8891443823586622
2.70600 1.88984251405946
2.70700 1.8905406457602578
2.70800 1.8912387774610555
2.70900 1.8919369091618532
2.71000 1.8926350408626509
2.71100 1.8933331725634488
2.71200 1.8940313042642465
2.71300 1.894729435965044
2.71400 1.8954275676658416
2.71500 1.8961256993666398
2.71600 1.8968238310674372
2.71700 1.897521962768235
2.71800 1.8982200944690326
2.71900 1.8989182261698305
2.72000 1.8996163578706282
2.72100 1.900314489571426
2.72200 1.9010126212722236
2.72300 1.9017107529730215
2.72400 1.9024088846738192
2.72500 1.9031070163746169
2.72600 1.9038051480754146
2.72700 1.9045032797762125
2.72800 1.9052014114770102
2.72900 1.9058995431778079
2.73000 1.9065976748786055
2.73100 1.9072958065794035
2.73200 1.9079939382802011
2.73300 1.9086920699809986
2.73400 1.9093902016817963
2.73500 1.9100883333825944
2.73600 1.910786465083392
2.73700 1.9114845967841896
2.73800 1.9121827284849873
2.73900 1.9128808601857852
2.74000 1.9135789918865829
2.74100 1.9142771235873806
2.74200 1.9149752552881782
2.74300 1.9156733869889762
2.74400 1.9163715186897738
2.74500 1.9170696503905715
2.74600 1.9177677820913692
2.74700 1.9184659137921671
2.74800 1.9191640454929648
2.74900 1.9198621771937625
2.75000 1.92056030889456
2.75100 1.921258440595358
2.75200 1.9219565722961558
2.75300 1.9226547039969533
2.75400 1.923352835697751
2.75500 1.924050967398549
2.75600 1.9247490990993465
2.75700 1.9254472308001442
2.75800 1.926145362500942
2.75900 1.9268434942017398
2.76000 1.9275416259025375
2.76100 1.9282397576033352
2.76200 1.928937889304133
2.76300 1.9296360210049308
2.76400 1.9303341527057285
2.76500 1.9310322844065262
2.76600 1.9317304161073239
2.76700 1.9324285478081218
2.76800 1.9331266795089195
2.76900 1.9338248112097172
2.77000 1.9345229429105146
2.77100 1.9352210746113128
2.77200 1.9359192063121105
2.77300 1.936617338012908
2.77400 1.9373154697137056
2.77500 1.9380136014145035
2.77600 1.9387117331153012
2.77700 1.939409864816099
2.77800 1.9401079965168966
2.77900 1.9408061282176945
2.78000 1.9415042599184922
2.78100 1.9422023916192899
2.78200 1.9429005233200876
2.78300 1.9435986550208855
2.78400 1.9442967867216832
2.78500 1.9449949184224808
2.78600 1.9456930501232785
2.78700 1.9463911818240764
2.78800 1.9470893135248741
2.78900 1.9477874452256718
2.79000 1.9484855769264693
2.79100 1.9491837086272674
2.79200 1.949881840328065
2.79300 1.9505799720288626
2.79400 1.9512781037296603
2.79500 1.9519762354304582
2.79600 1.9526743671312559
2.79700 1.9533724988320535
2.79800 1.9540706305328512
2.79900 1.9547687622336491
2.80000 1.9554668939344468
2.80100 1.9561650256352445
2.80200 1.9568631573360422
2.80300 1.9575612890368401
2.80400 1.9582594207376378
2.80500 1.9589575524384355
2.80600 1.9596556841392332
2.80700 1.960353815840031
2.80800 1.9610519475408288
2.80900 1.9617500792416265
2.81000 1.962448210942424
2.81100 1.963146342643222
2.81200 1.9638444743440195
2.81300 1.9645426060448172
2.81400 1.965240737745615
2.81500 1.9659388694464126
2.81600 1.9666370011472105
2.81700 1.9673351328480082
2.81800 1.968033264548806
2.81900 1.9687313962496036
2.82000 1.9694295279504015
2.82100 1.9701276596511992
2.82200 1.9708257913519969
2.82300 1.9715239230527946
2.82400 1.9722220547535925
2.82500 1.9729201864543902
2.82600 1.9736183181551878
2.82700 1.9743164498559853
2.82800 1.9750145815567834
2.82900 1.975712713257581
2.83000 1.9764108449583786
2.83100 1.9771089766591763
2.83200 1.9778071083599742
2.83300 1.9785052400607719
2.83400 1.9792033717615696
2.83500 1.9799015034623673
2.83600 1.9805996351631652
2.83700 1.9812977668639629
2.83800 1.9819958985647605
2.83900 1.9826940302655582
2.84000 1.9833921619663561
2.84100 1.9840902936671538
2.84200 1.9847884253679515
2.84300 1.9854865570687492
2.84400 1.9861846887695471
2.84500 1.9868828204703448
2.84600 1.9875809521711425
2.84700 1.98827908387194
2.84800 1.988977215572738
2.84900 1.9896753472735356
2.85000 1.9903734789743333
2.85100 1.991071610675131
2.85200 1.9917697423759289
2.85300 1.9924678740767265
2.85400 1.9931660057775242
2.85500 1.993864137478322
2.85600 1.9945622691791198
2.85700 1.9952604008799175
2.85800 1.9959585325807152
2.85900 1.996656664281513
2.86000 1.9973547959823108
2.86100 1.9980529276831085
2.86200 1.9987510593839062
2.86300 1.9994491910847039
2.86400 2.0001473227855016
2.86500 2.0008454544862992
2.86600 2.001543586187097
2.86700 2.0022417178878946
2.86800 2.0029398495886928
2.86900 2.0036379812894904
2.87000 2.004336112990288
2.87100 2.005034244691086
2.87200 2.0057323763918835
2.87300 2.006430508092681
2.87400 2.007128639793479
2.87500 2.0078267714942766
2.87600 2.0085249031950747
2.87700 2.0092230348958724
2.87800 2.0099211665966696
2.87900 2.0106192982974673
2.88000 2.0113174299982655
2.88100 2.012015561699063
2.88200 2.012713693399861
2.88300 2.0134118251006585
2.88400 2.014109956801456
2.88500 2.014808088502254
2.88600 2.0155062202030516
2.88700 2.0162043519038493
2.88800 2.0169024836046474
2.88900 2.017600615305445
2.89000 2.018298747006243
2.89100 2.0189968787070405
2.89200 2.019695010407838
2.89300 2.020393142108636
2.89400 2.0210912738094335
2.89500 2.0217894055102312
2.89600 2.0224875372110294
2.89700 2.0231856689118266
2.89800 2.0238838006126243
2.89900 2.024581932313422
2.90000 2.02528006401422
2.90100 2.025978195715018
2.90200 2.0266763274158155
2.90300 2.027374459116613
2.90400 2.028072590817411
2.90500 2.0287707225182086
2.90600 2.0294688542190062
2.90700 2.030166985919804
2.90800 2.030865117620602
2.90900 2.0315632493213998
2.91000 2.0322613810221974
2.91100 2.032959512722995
2.91200 2.033657644423793
2.91300 2.0343557761245905
2.91400 2.035053907825388
2.91500 2.035752039526186
2.91600 2.036450171226984
2.91700 2.0371483029277813
2.91800 2.037846434628579
2.91900 2.0385445663293766
2.92000 2.0392426980301748
2.92100 2.0399408297309725
2.92200 2.04063896143177
2.92300 2.041337093132568
2.92400 2.0420352248333655
2.92500 2.042733356534163
2.92600 2.043431488234961
2.92700 2.0441296199357586
2.92800 2.0448277516365567
2.92900 2.0455258833373544
2.93000 2.046224015038152
2.93100 2.04692214673895
2.93200 2.0476202784397475
2.93300 2.048318410140545
2.93400 2.049016541841343
2.93500 2.0497146735421405
2.93600 2.0504128052429387
2.93700 2.051110936943736
2.93800 2.0518090686445336
2.93900 2.0525072003453313
2.94000 2.0532053320461294
2.94100 2.053903463746927
2.94200 2.054601595447725
2.94300 2.0552997271485225
2.94400 2.05599785884932
2.94500 2.056695990550118
2.94600 2.0573941222509156
2.94700 2.0580922539517132
2.94800 2.058790385652511
2.94900 2.059488517353309
2.95000 2.0601866490541068
2.95100 2.060884780754904
2.95200 2.0615829124557017
2.95300 2.0622810441565
2.95400 2.0629791758572975
2.95500 2.063677307558095
2.95600 2.064375439258893
2.95700 2.0650735709596906
2.95800 2.0657717026604883
2.95900 2.066469834361286
2.96000 2.0671679660620836
2.96100 2.0678660977628818
2.96200 2.0685642294636795
2.96300 2.069262361164477
2.96400 2.069960492865275
2.96500 2.0706586245660725
2.96600 2.07135675626687
2.96700 2.072054887967668
2.96800 2.0727530196684656
2.96900 2.0734511513692637
2.97000 2.0741492830700614
2.97100 2.0748474147708587
2.97200 2.0755455464716563
2.97300 2.0762436781724545
2.97400 2.076941809873252
2.97500 2.07763994157405
2.97600 2.0783380732748475
2.97700 2.0790362049756452
2.97800 2.079734336676443
2.97900 2.0804324683772406
2.98000 2.0811306000780383
2.98100 2.0818287317788364
2.98200 2.082526863479634
2.98300 2.083224995180432
2.98400 2.0839231268812295
2.98500 2.084621258582027
2.98600 2.085319390282825
2.98700 2.0860175219836226
2.98800 2.0867156536844202
2.98900 2.0874137853852184
2.99000 2.088111917086016
2.99100 2.0888100487868133
2.99200 2.089508180487611
2.99300 2.090206312188409
2.99400 2.090904443889207
2.99500 2.0916025755900045
2.99600 2.092300707290802
2.99700 2.0929988389916
2.99800 2.0936969706923976
2.99900 2.0943951023931953