0.00000 -1.4621636149761715e-10
0.00100 -1.1697308919805809e-09
0.00200 -3.947841760429249e-09
0.00300 -9.357847135799038e-09
0.00400 -1.827704518697054e-08
0.00500 -3.158273408265472e-08
0.00600 -5.015221199123832e-08
0.00700 -7.486277708055435e-08
0.00800 -1.0659172751756284e-07
0.00900 -1.4621636146792676e-07
0.01000 -1.9461397709546834e-07
0.01100 -2.5266187256149084e-07
0.01200 -3.2123734602395006e-07
0.01300 -4.012176956364614e-07
0.01400 -4.934802195471288e-07
0.01500 -5.989022158971768e-07
0.01600 -7.18360982819374e-07
0.01700 -8.527338184362333e-07
0.01800 -1.0028980208579702e-06
0.01900 -1.16973088818021e-06
0.02000 -1.354109718481422e-06
0.02100 -1.55691180982007e-06
0.02200 -1.7790144602314704e-06
0.02300 -2.0212949677243225e-06
0.02400 -2.284630630276922e-06
0.02500 -2.569898745833023e-06
0.02600 -2.8779766122973455e-06
0.02700 -3.2097415275307084e-06
0.02800 -3.566070789344766e-06
0.02900 -3.9478416954963485e-06
0.03000 -4.355931543681385e-06
0.03100 -4.7912176315283835e-06
0.03200 -5.254577256591467e-06
0.03300 -5.746887716342951e-06
0.03400 -6.269026308165429e-06
0.03500 -6.821870329343379e-06
0.03600 -7.406297077054246e-06
0.03700 -8.023183848359025e-06
0.03800 -8.673407940192267e-06
0.03900 -9.357846649351568e-06
0.04000 -1.007737727248647e-05
0.04100 -1.0832877106086787e-05
0.04200 -1.162522344647032e-05
0.04300 -1.2455293589769968e-05
0.04400 -1.3323964831920229e-05
0.04500 -1.4232114468643012e-05
0.04600 -1.5180619795432824e-05
0.04700 -1.6170358107541277e-05
0.04800 -1.7202206699960908e-05
0.04900 -1.8277042867408297e-05
0.05000 -1.939574390430644e-05
0.05100 -2.0559187104766455e-05
0.05200 -2.1768249762568435e-05
0.05300 -2.3023809171141668e-05
0.05400 -2.432674262354395e-05
0.05500 -2.5677927412440207e-05
0.05600 -2.707824083008023e-05
0.05700 -2.852856016827565e-05
0.05800 -3.002976271837604e-05
0.05900 -3.1582725771244166e-05
0.06000 -3.3188326617230394e-05
0.06100 -3.4847442546146186e-05
0.06200 -3.656095084723669e-05
0.06300 -3.8329728809152465e-05
0.06400 -4.015465371992024e-05
0.06500 -4.20366028669127e-05
0.06600 -4.397645353681743e-05
0.06700 -4.597508301560474e-05
0.06800 -4.803336858849462e-05
0.06900 -5.01521875399226e-05
0.07000 -5.233241715350467e-05
0.07100 -5.45749347120011e-05
0.07200 -5.688061749727928e-05
0.07300 -5.925034279027551e-05
0.07400 -6.16849878709555e-05
0.07500 -6.418543001827415e-05
0.07600 -6.675254651013379e-05
0.07700 -6.938721462334181e-05
0.07800 -7.209031163356658e-05
0.07900 -7.486271481529268e-05
0.08000 -7.770530144177471e-05
0.08100 -8.061894878499011e-05
0.08200 -8.360453411559044e-05
0.08300 -8.66629347028519e-05
0.08400 -8.979502781462433e-05
0.08500 -9.300169071727895e-05
0.08600 -9.628380067565502e-05
0.08700 -9.964223495300508e-05
0.08800 -0.00010307787081093915
0.08900 -0.00010659158550936709
0.09000 -0.00011018425630644027
0.09100 -0.00011385676045849147
0.09200 -0.0001176099752199738
0.09300 -0.00012144477784339776
0.09400 -0.00012536204557926745
0.09500 -0.00012936265567601505
0.09600 -0.00013344748537993402
0.09700 -0.00013761741193511079
0.09800 -0.00014187331258335516
0.09900 -0.00014621606456412923
0.10000 -0.0001506465451144746
0.10100 -0.00015516563146893836
0.10200 -0.0001597742008594977
0.10300 -0.00016447313051548245
0.10400 -0.00016926329766349675
0.10500 -0.00017414557952733905
0.10600 -0.00017912085332791986
0.10700 -0.0001841899962831789
0.10800 -0.0001893538856079999
0.10900 -0.0001946133985141247
0.11000 -0.00019996941221006438
0.11100 -0.00020542280390101019
0.11200 -0.0002109744507887419
0.11300 -0.0002166252300715346
0.11400 -0.00022237601894406448
0.11500 -0.0002282276945973119
0.11600 -0.0002341811342184638
0.11700 -0.00024023721499081332
0.11800 -0.0002463968140936588
0.11900 -0.00025266080870219997
0.12000 -0.00025903007598743335
0.12100 -0.0002655054931160452
0.12200 -0.00027208793725030255
0.12300 -0.000278778285547943
0.12400 -0.0002855774151620629
0.12500 -0.00029248620324100227
0.12600 -0.0002995055269282296
0.12700 -0.0003066362633622236
0.12800 -0.00031387928967635374
0.12900 -0.00032123548299875813
0.13000 -0.0003287057204522207
0.13100 -0.0003362908791540448
0.13200 -0.0003439918362159268
0.13300 -0.00035180946874382573
0.13400 -0.00035974465383783246
0.13500 -0.0003677982685920364
0.13600 -0.00037597119009438984
0.13700 -0.00038426429542657046
0.13800 -0.00039267846166384277
0.13900 -0.00040121456587491545
0.14000 -0.0004098734851217985
0.14100 -0.0004186560964596578
0.14200 -0.00042756327693666674
0.14300 -0.000436595903593857
0.14400 -0.0004457548534649663
0.14500 -0.0004550410035762847
0.14600 -0.0004644552309464977
0.14700 -0.00047399841258652874
0.14800 -0.00048367142549937724
0.14900 -0.0004934751466799573
0.15000 -0.000503410453114932
0.15100 -0.000513478221782546
0.15200 -0.0005236793296524566
0.15300 -0.0005340146536855613
0.15400 -0.0005444850708338244
0.15500 -0.0005550914580401003
0.15600 -0.0005658346922379554
0.15700 -0.0005767156503514867
0.15800 -0.0005877352092951387
0.15900 -0.0005988942459735176
0.16000 -0.0006101936372812035
0.16100 -0.0006216342601025605
0.16200 -0.0006332169913115433
0.16300 -0.0006449427077715021
0.16400 -0.0006568122863349852
0.16500 -0.0006688266038435394
0.16600 -0.0006809865371275067
0.16700 -0.0006932929630058196
0.16800 -0.0007057467582857944
0.16900 -0.0007183487997629209
0.17000 -0.0007310999642206486
0.17100 -0.0007440011284301743
0.17200 -0.0007570531691502224
0.17300 -0.0007702569631268263
0.17400 -0.0007836133870931047
0.17500 -0.0007971233177690365
0.17600 -0.0008107876318612348
0.17700 -0.0008246072060627131
0.17800 -0.0008385829170526552
0.17900 -0.0008527156414961779
0.18000 -0.0008670062560440934
0.18100 -0.0008814556373326678
0.18200 -0.0008960646619833769
0.18300 -0.0009108342066026611
0.18400 -0.0009257651477816751
0.18500 -0.0009408583620960364
0.18600 -0.0009561147261055696
0.18700 -0.0009715351163540512
0.18800 -0.0009871204093689473
0.18900 -0.001002871481661151
0.19000 -0.0010187892097247178
0.19100 -0.001034874470036595
0.19200 -0.0010511281390563519
0.19300 -0.0010675510932259041
0.19400 -0.0010841442089692373
0.19500 -0.001100908362692127
0.19600 -0.0011178444307818544
0.19700 -0.0011349532896069226
0.19800 -0.0011522358155167654
0.19900 -0.001169692884841457
0.20000 -0.001187325373891416
0.20100 -0.0012051341589571095
0.20200 -0.0012231201163087509
0.20300 -0.0012412841221959958
0.20400 -0.0012596270528476366
0.20500 -0.001278149784471292
0.20600 -0.0012968531932530938
0.20700 -0.0013157381553573723
0.20800 -0.001334805546926334
0.20900 -0.0013540562440797444
0.21000 -0.0013734911229146
0.21100 -0.0013931110595047978
0.21200 -0.0014129169299008093
0.21300 -0.00143290961012934
0.21400 -0.001453089976192996
0.21500 -0.0014734589040699415
0.21600 -0.001494017269713553
0.21700 -0.001514765949052075
0.21800 -0.0015357058179882672
0.21900 -0.0015568377523990501
0.22000 -0.0015781626281351515
0.22100 -0.0015996813210207403
0.22200 -0.0016213947068530693
0.22300 -0.0016433036614021015
0.22400 -0.0016654090604101464
0.22500 -0.0016877117795914807
0.22600 -0.0017102126946319754
0.22700 -0.0017329126811887136
0.22800 -0.0017558126148896052
0.22900 -0.0017789133713330036
0.23000 -0.0018022158260873123
0.23100 -0.0018257208546905903
0.23200 -0.001849429332650159
0.23300 -0.0018733421354421946
0.23400 -0.0018974601385113319
0.23500 -0.0019217842172702482
0.23600 -0.0019463152470992578
0.23700 -0.001971054103345895
0.23800 -0.0019960016613244963
0.23900 -0.002021158796315777
0.24000 -0.0020465263835664094
0.24100 -0.002072105298288589
0.24200 -0.002097896415659606
0.24300 -0.0021239006108214054
0.24400 -0.0021501187588801505
0.24500 -0.0021765517349057787
0.24600 -0.002203200413931551
0.24700 -0.0022300656709536076
0.24800 -0.0022571483809305064
0.24900 -0.002284449418782771
0.25000 -0.002311969659392425
0.25100 -0.002339709977602526
0.25200 -0.002367671248216701
0.25300 -0.002395854345998668
0.25400 -0.002424260145671762
0.25500 -0.002452889521918455
0.25600 -0.0024817433493798677
0.25700 -0.0025108225026552874
0.25800 -0.002540127856301669
0.25900 -0.002569660284833146
0.26000 -0.002599420662720526
0.26100 -0.0026294098643907886
0.26200 -0.0026596287642265777
0.26300 -0.0026900782365656913
0.26400 -0.0027207591557005654
0.26500 -0.002751672395877754
0.26600 -0.002782818831297406
0.26700 -0.0028141993361127417
0.26800 -0.0028458147844295143
0.26900 -0.0028776660503054834
0.27000 -0.0029097540077498694
0.27100 -0.0029420795307228144
0.27200 -0.0029746434931348315
0.27300 -0.003007446768846258
0.27400 -0.003040490231666696
0.27500 -0.0030737747553544552
0.27600 -0.003107301213615991
0.27700 -0.0031410704801053324
0.27800 -0.003175083428423515
0.27900 -0.0032093409321180023
0.28000 -0.0032438438646821078
0.28100 -0.00327859309955441
0.28200 -0.0033135895101181643
0.28300 -0.003348833969700709
0.28400 -0.0033843273515728723
0.28500 -0.003420070528948366
0.28600 -0.003456064374983187
0.28700 -0.003492309762775002
0.28800 -0.0035288075653625347
0.28900 -0.003565558655724958
0.29000 -0.003602563906781254
0.29100 -0.003639824191389598
0.29200 -0.003677340382346732
0.29300 -0.0037151133523873163
0.29400 -0.003753143974183304
0.29500 -0.003791433120343287
0.29600 -0.0038299816634118507
0.29700 -0.003868790475868924
0.29800 -0.003907860430129118
0.29900 -0.0039471923985410695
0.30000 -0.003986787253386767
0.30100 -0.004026645866880887
0.30200 -0.0040667691111701204
0.30300 -0.004107157858332484
0.30400 -0.004147812980376648
0.30500 -0.004188735349241238
0.30600 -0.004229925836794145
0.30700 -0.004271385314831832
0.30800 -0.0043131146550786275
0.30900 -0.004355114729186019
0.31000 -0.00439738640873194
0.31100 -0.004439930565220065
0.31200 -0.00448274807007907
0.31300 -0.004525839794661926
0.31400 -0.0045692066102451575
0.31500 -0.004612849388028112
0.31600 -0.004656768999132223
0.31700 -0.00470096631460026
0.31800 -0.004745442205395584
0.31900 -0.004790197542401401
0.32000 -0.004835233196419984
0.32100 -0.004880550038171935
0.32200 -0.0049261489382954
0.32300 -0.004972030767345301
0.32400 -0.005018196395792565
0.32500 -0.005064646694023332
0.32600 -0.005111382532338177
0.32700 -0.005158404780951312
0.32800 -0.005205714309989795
0.32900 -0.005253311989492726
0.33000 -0.005301198689410434
0.33100 -0.005349375279603684
0.33200 -0.005397842629842842
0.33300 -0.0054466016098070604
0.33400 -0.00549565308908346
0.33500 -0.005544997937166285
0.33600 -0.00559463702345608
0.33700 -0.005644571217258842
0.33800 -0.005694801387785178
0.33900 -0.005745328404149449
0.34000 -0.005796153135368919
0.34100 -0.005847276450362893
0.34200 -0.005898699217951853
0.34300 -0.00595042230685658
0.34400 -0.006002446585697285
0.34500 -0.0060547729229927265
0.34600 -0.0061074021871593215
0.34700 -0.006160335246510255
0.34800 -0.006213572969254583
0.34900 -0.00626711622349633
0.35000 -0.00632096587723359
0.35100 -0.006375122798357598
0.35200 -0.006429587854651835
0.35300 -0.0064843619137910785
0.35400 -0.006539445843340498
0.35500 -0.0065948405107547105
0.35600 -0.006650546783376839
0.35700 -0.0067065655284375865
0.35800 -0.006762897613054262
0.35900 -0.006819543904229843
0.36000 -0.006876505268852017
0.36100 -0.006933782573692205
0.36200 -0.006991376685404601
0.36300 -0.007049288470525189
0.36400 -0.007107518795470772
0.36500 -0.0071660685265379775
0.36600 -0.007224938529902266
0.36700 -0.007284129671616937
0.36800 -0.007343642817612126
0.36900 -0.007403478833693791
0.37000 -0.00746363858554271
0.37100 -0.007524122938713452
0.37200 -0.007584932758633352
0.37300 -0.007646068910601489
0.37400 -0.007707532259787646
0.37500 -0.007769323671231266
0.37600 -0.007831444009840411
0.37700 -0.007893894140390705
0.37800 -0.007956674927524275
0.37900 -0.008019787235748702
0.38000 -0.008083231929435927
0.38100 -0.008147009872821196
0.38200 -0.008211121930001975
0.38300 -0.008275568964936857
0.38400 -0.008340351841444481
0.38500 -0.008405471423202434
0.38600 -0.00847092857374613
0.38700 -0.008536724156467725
0.38800 -0.008602859034614989
0.38900 -0.008669334071290193
0.39000 -0.008736150129448979
0.39100 -0.00880330807189922
0.39200 -0.0088708087612999
0.39300 -0.00893865306015996
0.39400 -0.009006841830837149
0.39500 -0.009075375935536877
0.39600 -0.009144256236311035
0.39700 -0.00921348359505685
0.39800 -0.00928305887351571
0.39900 -0.009352982933271968
0.40000 -0.009423256635751772
0.40100 -0.00949388084222188
0.40200 -0.009564856413788443
0.40300 -0.00963618421139583
0.40400 -0.009707865095825398
0.40500 -0.009779899927694284
0.40600 -0.009852289567454193
0.40700 -0.009925034875390164
0.40800 -0.00999813671161934
0.40900 -0.010071595936089727
0.41000 -0.01014541340857896
0.41100 -0.010219589988693044
0.41200 -0.010294126535865093
0.41300 -0.010369023909354083
0.41400 -0.010444282968243575
0.41500 -0.010519904571440442
0.41600 -0.010595889577673575
0.41700 -0.01067223884549263
0.41800 -0.010748953233266698
0.41900 -0.010826033599183028
0.42000 -0.010903480801245721
0.42100 -0.010981295697274398
0.42200 -0.011059479144902917
0.42300 -0.011138032001578013
0.42400 -0.011216955124558003
0.42500 -0.011296249370911423
0.42600 -0.011375915597515685
0.42700 -0.011455954661055754
0.42800 -0.011536367418022773
0.42900 -0.011617154724712692
0.43000 -0.011698317437224933
0.43100 -0.011779856411460987
0.43200 -0.011861772503123038
0.43300 -0.011944066567712585
0.43400 -0.012026739460529056
0.43500 -0.012109792036668381
0.43600 -0.012193225151021614
0.43700 -0.0122770396582735
0.43800 -0.012361236412901077
0.43900 -0.012445816269172228
0.44000 -0.01253078008114427
0.44100 -0.012616128702662505
0.44200 -0.012701862987358769
0.44300 -0.012787983788649994
0.44400 -0.012874491959736752
0.44500 -0.012961388353601777
0.44600 -0.013048673823008497
0.44700 -0.013136349220499565
0.44800 -0.013224415398395379
0.44900 -0.013312873208792576
0.45000 -0.013401723503562538
0.45100 -0.013490967134349904
0.45200 -0.013580604952571036
0.45300 -0.013670637809412533
0.45400 -0.013761066555829676
0.45500 -0.01385189204254491
0.45600 -0.013943115120046317
0.45700 -0.014034736638586055
0.45800 -0.014126757448178826
0.45900 -0.014219178398600306
0.46000 -0.014312000339385577
0.46100 -0.014405224119827578
0.46200 -0.014498850588975501
0.46300 -0.014592880595633226
0.46400 -0.01468731498835773
0.46500 -0.014782154615457472
0.46600 -0.014877400324990813
0.46700 -0.014973052964764375
0.46800 -0.015069113382331455
0.46900 -0.01516558242499039
0.47000 -0.015262460939782898
0.47100 -0.015359749773492476
0.47200 -0.01545744977264274
0.47300 -0.01555556178349577
0.47400 -0.015654086652050453
0.47500 -0.015753025224040818
0.47600 -0.015852378344934363
0.47700 -0.015952146859930367
0.47800 -0.01605233161395821
0.47900 -0.016152933451675677
0.48000 -0.01625395321746727
0.48100 -0.016355391755442473
0.48200 -0.016457249909434056
0.48300 -0.01655952852299634
0.48400 -0.016662228439403494
0.48500 -0.01676535050164776
0.48600 -0.01686889555243774
0.48700 -0.016972864434196624
0.48800 -0.017077257989060454
0.48900 -0.01718207705887634
0.49000 -0.017287322485200714
0.49100 -0.017392995109297496
0.49200 -0.01749909577213638
0.49300 -0.017605625314390992
0.49400 -0.0177125845764371
0.49500 -0.0178199743983508
0.49600 -0.017927795619906733
0.49700 -0.018036049080576214
0.49800 -0.018144735619525443
0.49900 -0.018253856075613653
0.50000 -0.018363411287391246
0.50100 -0.018473402093097988
0.50200 -0.0185838293306611
0.50300 -0.01869469383769343
0.50400 -0.018805996451491565
0.50500 -0.018917738009033926
0.50600 -0.019029919346978952
0.50700 -0.019142541301663103
0.50800 -0.019255604709099053
0.50900 -0.019369110404973713
0.51000 -0.019483059224646354
0.51100 -0.019597452003146654
0.51200 -0.01971228957517279
0.51300 -0.019827572775089477
0.51400 -0.01994330243692604
0.51500 -0.02005947939437444
0.51600 -0.02017610448078732
0.51700 -0.020293178529176056
0.51800 -0.020410702372208732
0.51900 -0.02052867684220821
0.52000 -0.020647102771150092
0.52100 -0.020765980990660744
0.52200 -0.020885312332015304
0.52300 -0.021005097626135626
0.52400 -0.02112533770358828
0.52500 -0.021246033394582534
0.52600 -0.02136718552896829
0.52700 -0.021488794936234068
0.52800 -0.02161086244550492
0.52900 -0.021733388885540404
0.53000 -0.021856375084732482
0.53100 -0.021979821871103467
0.53200 -0.02210373007230394
0.53300 -0.022228100515610645
0.53400 -0.0223529340279244
0.53500 -0.022478231435767992
0.53600 -0.022603993565284038
0.53700 -0.02273022124223291
0.53800 -0.02285691529199056
0.53900 -0.022984076539546403
0.54000 -0.02311170580950118
0.54100 -0.023239803926064773
0.54200 -0.023368371713054087
0.54300 -0.023497409993890845
0.54400 -0.02362691959159943
0.54500 -0.02375690132880469
0.54600 -0.02388735602772975
0.54700 -0.024018284510193836
0.54800 -0.024149687597610003
0.54900 -0.024281566110983
0.55000 -0.024413920870906977
0.55100 -0.024546752697563297
0.55200 -0.02468006241071829
0.55300 -0.024813850829720957
0.55400 -0.024948118773500796
0.55500 -0.025082867060565475
0.55600 -0.02521809650899859
0.55700 -0.025353807936457376
0.55800 -0.02549000216017041
0.55900 -0.02562667999693534
0.56000 -0.02576384226311656
0.56100 -0.025901489774642895
0.56200 -0.026039623347005318
0.56300 -0.026178243795254564
0.56400 -0.026317351933998864
0.56500 -0.026456948577401516
0.56600 -0.02659703453917861
0.56700 -0.02673761063259665
0.56800 -0.02687867767047013
0.56900 -0.02702023646515925
0.57000 -0.027162287828567437
0.57100 -0.027304832572139035
0.57200 -0.02744787150685685
0.57300 -0.027591405443239757
0.57400 -0.02773543519134027
0.57500 -0.027879961560742163
0.57600 -0.02802498536055797
0.57700 -0.02817050739942662
0.57800 -0.028316528485510896
0.57900 -0.028463049426495045
0.58000 -0.028610071029582285
0.58100 -0.02875759410149234
0.58200 -0.028905619448458944
0.58300 -0.029054147876227374
0.58400 -0.029203180190051914
0.58500 -0.02935271719469338
0.58600 -0.029502759694416583
0.58700 -0.0296533084929878
0.58800 -0.02980436439367229
0.58900 -0.029955928199231666
0.59000 -0.03010800071192142
0.59100 -0.030260582733488344
0.59200 -0.03041367506516794
0.59300 -0.030567278507681865
0.59400 -0.030721393861235353
0.59500 -0.03087602192551461
0.59600 -0.031031163499684215
0.59700 -0.031186819382384517
0.59800 -0.031342990371729024
0.59900 -0.03149967726530175
0.60000 -0.031656880860154606
0.60100 -0.03181460195280475
0.60200 -0.03197284133923193
0.60300 -0.03213159981487585
0.60400 -0.03229087817463347
0.60500 -0.03245067721285631
0.60600 -0.032610997723347857
0.60700 -0.03277184049936075
0.60800 -0.032933206333594145
0.60900 -0.033095096018191036
0.61000 -0.033257510344735446
0.61100 -0.03342045010424977
0.61200 -0.03358391608719202
0.61300 -0.03374790908345305
0.61400 -0.033912429882353844
0.61500 -0.03407747927264272
0.61600 -0.03424305804249257
0.61700 -0.03440916697949812
0.61800 -0.034575806870673055
0.61900 -0.03474297850244729
0.62000 -0.03491068266066414
0.62100 -0.0350789201305775
0.62200 -0.03524769169684906
0.62300 -0.03541699814354539
0.62400 -0.035586840254135194
0.62500 -0.035757218811486385
0.62600 -0.035928134597863266
0.62700 -0.03609958839492367
0.62800 -0.03627158098371604
0.62900 -0.03644411314467658
0.63000 -0.036617185657626346
0.63100 -0.036790799301768366
0.63200 -0.03696495485568469
0.63300 -0.03713965309733348
0.63400 -0.03731489480404613
0.63500 -0.03749068075252424
0.63600 -0.03766701171883674
0.63700 -0.037843888478416916
0.63800 -0.03802131180605943
0.63900 -0.038199282475917355
0.64000 -0.038377801261499186
0.64100 -0.03855686893566586
0.64200 -0.03873648627062776
0.64300 -0.03891665403794167
0.64400 -0.03909737300850782
0.64500 -0.03927864395256676
0.64600 -0.03946046763969644
0.64700 -0.039642844838809095
0.64800 -0.03982577631814821
0.64900 -0.04000926284528538
0.65000 -0.04019330518711741
0.65100 -0.040377904109863076
0.65200 -0.04056306037906009
0.65300 -0.040748774759562005
0.65400 -0.040935048015535096
0.65500 -0.041121880910455266
0.65600 -0.04130927420710487
0.65700 -0.04149722866756964
0.65800 -0.041685745053235496
0.65900 -0.0418748241247854
0.66000 -0.0420644666421962
0.66100 -0.042254673364735464
0.66200 -0.04244544505095829
0.66300 -0.042636782458704094
0.66400 -0.04282868634509345
0.66500 -0.04302115746652489
0.66600 -0.0432141965786716
0.66700 -0.0434078044364783
0.66800 -0.04360198179415792
0.66900 -0.043796729405188424
0.67000 -0.04399204802230953
0.67100 -0.04418793839751942
0.67200 -0.0443844012820715
0.67300 -0.04458143742647108
0.67400 -0.04477904758047215
0.67500 -0.04497723249307401
0.67600 -0.045175992912518
0.67700 -0.04537532958628413
0.67800 -0.04557524326108784
0.67900 -0.04577573468287659
0.68000 -0.04597680459682651
0.68100 -0.046178453747339095
0.68200 -0.0463806828780378
0.68300 -0.04658349273176468
0.68400 -0.04678688405057701
0.68500 -0.04699085757574385
0.68600 -0.0471954140477427
0.68700 -0.04740055420625605
0.68800 -0.04760627879016797
0.68900 -0.04781258853756068
0.69000 -0.04801948418571112
0.69100 -0.04822696647108748
0.69200 -0.048435036129345715
0.69300 -0.04864369389532614
0.69400 -0.048852940503049946
0.69500 -0.049062776685715626
0.69600 -0.04927320317569557
0.69700 -0.04948422070453255
0.69800 -0.04969583000293612
0.69900 -0.049908031800779226
0.70000 -0.05012082682709453
0.70100 -0.05033421581007099
0.70200 -0.050548199477050214
0.70300 -0.05076277855452289
0.70400 -0.050977953768125375
0.70500 -0.0511937258426359
0.70600 -0.05141009550197106
0.70700 -0.05162706346918228
0.70800 -0.051844630466452116
0.70900 -0.052062797215090675
0.71000 -0.05228156443553197
0.71100 -0.05250093284733027
0.71200 -0.0527209031691565
0.71300 -0.05294147611879455
0.71400 -0.053162652413137584
0.71500 -0.053384432768184414
0.71600 -0.05360681789903572
0.71700 -0.05382980851989052
0.71800 -0.05405340534404226
0.71900 -0.05427760908387526
0.72000 -0.05450242045086092
0.72100 -0.05472784015555398
0.72200 -0.054953868907588785
0.72300 -0.05518050741567554
0.72400 -0.05540775638759654
0.72500 -0.05563561653020241
0.72600 -0.05586408854940824
0.72700 -0.05609317315018998
0.72800 -0.05632287103658039
0.72900 -0.056553182911665424
0.73000 -0.05678410947758034
0.73100 -0.05701565143550581
0.73200 -0.057247809485664214
0.73300 -0.057480584327315634
0.73400 -0.0577139766587541
0.73500 -0.05794798717730372
0.73600 -0.05818261657931472
0.73700 -0.05841786556015961
0.73800 -0.05865373481422931
0.73900 -0.05889022503492913
0.74000 -0.059127336914675054
0.74100 -0.05936507114488953
0.74200 -0.05960342841599782
0.74300 -0.05984240941742385
0.74400 -0.060082014837586316
0.74500 -0.06032224536389475
0.74600 -0.06056310168274548
0.74700 -0.0608045844795177
0.74800 -0.06104669443856944
0.74900 -0.06128943224323355
0.75000 -0.061532798575813744
0.75100 -0.06177679411758044
0.75200 -0.062021419548766915
0.75300 -0.0622666755485651
0.75400 -0.06251256279512156
0.75500 -0.0627590819655335
0.75600 -0.06300623373584457
0.75700 -0.06325401878104091
0.75800 -0.06350243777504701
0.75900 -0.06375149139072145
0.76000 -0.0640011802998531
0.76100 -0.06425150517315666
0.76200 -0.06450246668026874
0.76300 -0.06475406548974372
0.76400 -0.0650063022690494
0.76500 -0.06525917768456309
0.76600 -0.06551269240156721
0.76700 -0.06576684708424528
0.76800 -0.06602164239567763
0.76900 -0.06627707899783719
0.77000 -0.06653315755158536
0.77100 -0.06678987871666768
0.77200 -0.06704724315170965
0.77300 -0.06730525151421256
0.77400 -0.06756390446054902
0.77500 -0.067823202645959
0.77600 -0.06808314672454521
0.77700 -0.06834373734926917
0.77800 -0.06860497517194668
0.77900 -0.06886686084324353
0.78000 -0.06912939501267132
0.78100 -0.06939257832858299
0.78200 -0.06965641143816859
0.78300 -0.06992089498745092
0.78400 -0.07018602962128109
0.78500 -0.0704518159833343
0.78600 -0.07071825471610532
0.78700 -0.07098534646090424
0.78800 -0.07125309185785197
0.78900 -0.07152149154587586
0.79000 -0.0717905461627054
0.79100 -0.07206025634486762
0.79200 -0.07233062272768277
0.79300 -0.07260164594525986
0.79400 -0.07287332663049217
0.79500 -0.07314566541505287
0.79600 -0.07341866292939041
0.79700 -0.07369231980272416
0.79800 -0.07396663666303992
0.79900 -0.07424161413708526
0.80000 -0.07451725285036521
0.80100 -0.07479355342713763
0.80200 -0.07507051649040866
0.80300 -0.07534814266192827
0.80400 -0.07562643256218557
0.80500 -0.07590538681040435
0.80600 -0.07618500602453852
0.80700 -0.07646529082126745
0.80800 -0.0767462418159914
0.80900 -0.07702785962282697
0.81000 -0.07731014485460239
0.81100 -0.07759309812285303
0.81200 -0.07787672003781665
0.81300 -0.07816101120842875
0.81400 -0.07844597224231803
0.81500 -0.07873160374580165
0.81600 -0.07901790632388055
0.81700 -0.07930488058023474
0.81800 -0.07959252711721874
0.81900 -0.07988084653585674
0.82000 -0.08016983943583786
0.82100 -0.0804595064155116
0.82200 -0.08074984807188294
0.82300 -0.0810408650006077
0.82400 -0.08133255779598773
0.82500 -0.08162492705096608
0.82600 -0.08191797335712248
0.82700 -0.08221169730466815
0.82800 -0.08250609948244148
0.82900 -0.08280118047790275
0.83000 -0.08309694087712972
0.83100 -0.08339338126481256
0.83200 -0.08369050222424901
0.83300 -0.08398830433733982
0.83400 -0.08428678818458349
0.83500 -0.08458595434507168
0.83600 -0.08488580339648422
0.83700 -0.08518633591508429
0.83800 -0.0854875524757135
0.83900 -0.08578945365178697
0.84000 -0.08609204001528845
0.84100 -0.08639531213676525
0.84200 -0.08669927058532358
0.84300 -0.08700391592862335
0.84400 -0.08730924873287332
0.84500 -0.08761526956282618
0.84600 -0.08792197898177347
0.84700 -0.08822937755154057
0.84800 -0.08853746583248197
0.84900 -0.08884624438347587
0.85000 -0.0891557137619195
0.85100 -0.08946587452372383
0.85200 -0.08977672722330873
0.85300 -0.09008827241359793
0.85400 -0.09040051064601372
0.85500 -0.09071344247047214
0.85600 -0.09102706843537782
0.85700 -0.09134138908761887
0.85800 -0.09165640497256176
0.85900 -0.09197211663404627
0.86000 -0.0922885246143804
0.86100 -0.09260562945433509
0.86200 -0.0929234316931393
0.86300 -0.09324193186847465
0.86400 -0.09356113051647041
0.86500 -0.09388102817169829
0.86600 -0.09420162536716721
0.86700 -0.09452292263431823
0.86800 -0.09484492050301922
0.86900 -0.09516761950155965
0.87000 -0.0954910201566456
0.87100 -0.09581512299339416
0.87200 -0.09613992853532859
0.87300 -0.09646543730437274
0.87400 -0.09679164982084595
0.87500 -0.09711856660345781
0.87600 -0.0974461881693028
0.87700 -0.097774515033855
0.87800 -0.09810354771096284
0.87900 -0.09843328671284379
0.88000 -0.09876373255007909
0.88100 -0.09909488573160816
0.88200 -0.09942674676472359
0.88300 -0.09975931615506574
0.88400 -0.10009259440661707
0.88500 -0.1004265820216972
0.88600 -0.10076127950095726
0.88700 -0.1010966873433745
0.88800 -0.10143280604624708
0.88900 -0.10176963610518842
0.89000 -0.10210717801412202
0.89100 -0.1024454322652758
0.89200 -0.10278439934917687
0.89300 -0.10312407975464594
0.89400 -0.10346447396879181
0.89500 -0.10380558247700614
0.89600 -0.10414740576295782
0.89700 -0.10448994430858732
0.89800 -0.10483319859410159
0.89900 -0.10517716909796804
0.90000 -0.1055218562969095
0.90100 -0.10586726066589847
0.90200 -0.10621338267815152
0.90300 -0.10656022280512381
0.90400 -0.10690778151650362
0.90500 -0.10725605928020666
0.90600 -0.1076050565623705
0.90700 -0.10795477382734901
0.90800 -0.10830521153770682
0.90900 -0.10865637015421356
0.91000 -0.10900825013583838
0.91100 -0.1093608519397443
0.91200 -0.10971417602128249
0.91300 -0.11006822283398666
0.91400 -0.11042299282956748
0.91500 -0.11077848645790678
0.91600 -0.11113470416705203
0.91700 -0.1114916464032104
0.91800 -0.11184931361074338
0.91900 -0.11220770623216078
0.92000 -0.1125668247081152
0.92100 -0.1129266694773963
0.92200 -0.11328724097692489
0.92300 -0.11364853964174733
0.92400 -0.11401056590502981
0.92500 -0.11437332019805242
0.92600 -0.11473680295020348
0.92700 -0.11510101458897377
0.92800 -0.11546595553995068
0.92900 -0.11583162622681241
0.93000 -0.11619802707132217
0.93100 -0.11656515849332232
0.93200 -0.11693302091072856
0.93300 -0.11730161473952413
0.93400 -0.11767094039375388
0.93500 -0.11804099828551834
0.93600 -0.11841178882496811
0.93700 -0.1187833124202976
0.93800 -0.1191555694777395
0.93900 -0.11952856040155858
0.94000 -0.11990228559404592
0.94100 -0.12027674545551306
0.94200 -0.12065194038428585
0.94300 -0.12102787077669867
0.94400 -0.12140453702708845
0.94500 -0.12178193952778864
0.94600 -0.12216007866912336
0.94700 -0.12253895483940119
0.94800 -0.12291856842490949
0.94900 -0.12329891980990816
0.95000 -0.12368000937662366
0.95100 -0.12406183750524312
0.95200 -0.12444440457390815
0.95300 -0.12482771095870882
0.95400 -0.12521175703367776
0.95500 -0.12559654317078392
0.95600 -0.1259820697399266
0.95700 -0.12636833710892934
0.95800 -0.12675534564353375
0.95900 -0.1271430957073936
0.96000 -0.1275315876620686
0.96100 -0.12792082186701823
0.96200 -0.12831079867959558
0.96300 -0.12870151845504155
0.96400 -0.12909298154647816
0.96500 -0.12948518830490288
0.96600 -0.12987813907918214
0.96700 -0.13027183421604538
0.96800 -0.13066627406007872
0.96900 -0.13106145895371882
0.97000 -0.13145738923724662
0.97100 -0.1318540652487812
0.97200 -0.13225148732427355
0.97300 -0.1326496557975003
0.97400 -0.13304857100005738
0.97500 -0.1334482332613541
0.97600 -0.1338486429086065
0.97700 -0.13424980026683125
0.97800 -0.1346517056588395
0.97900 -0.13505435940523017
0.98000 -0.1354577618243843
0.98100 -0.1358619132324581
0.98200 -0.13626681394337709
0.98300 -0.13667246426882942
0.98400 -0.13707886451825982
0.98500 -0.13748601499886315
0.98600 -0.137893916015578
0.98700 -0.13830256787108022
0.98800 -0.138711970865777
0.98900 -0.13912212529779985
0.99000 -0.13953303146299872
0.99100 -0.13994468965493537
0.99200 -0.14035710016487693
0.99300 -0.14077026328178965
0.99400 -0.14118417929233226
0.99500 -0.1415988484808497
0.99600 -0.14201427112936657
0.99700 -0.14243044751758074
0.99800 -0.14284737792285687
0.99900 -0.14326506262021985
1.00000 -0.1436835018823485
1.00100 -0.1441026959795687
1.00200 -0.14452264517984761
1.00300 -0.14494334974878617
1.00400 -0.14536480994961348
1.00500 -0.14578702604317967
1.00600 -0.14620999828794978
1.00700 -0.1466337269399968
1.00800 -0.14705821225299553
1.00900 -0.14748345447821556
1.01000 -0.1479094538645153
1.01100 -0.14833621065833463
1.01200 -0.1487637251036891
1.01300 -0.14919199744216255
1.01400 -0.1496210279129013
1.01500 -0.15005081675260679
1.01600 -0.15048136419552952
1.01700 -0.1509126704734619
1.01800 -0.15134473581573227
1.01900 -0.15177756044919735
1.02000 -0.15221114459823662
1.02100 -0.15264548848474455
1.02200 -0.15308059232812493
1.02300 -0.15351645634528335
1.02400 -0.1539530807506211
1.02500 -0.1543904657560283
1.02600 -0.15482861157087677
1.02700 -0.15526751840201394
1.02800 -0.15570718645375564
1.02900 -0.15614761592787968
1.03000 -0.15658880702361871
1.03100 -0.15703075993765406
1.03200 -0.1574734748641081
1.03300 -0.15791695199453856
1.03400 -0.15836119151793068
1.03500 -0.1588061936206911
1.03600 -0.15925195848664067
1.03700 -0.1596984862970081
1.03800 -0.16014577723042248
1.03900 -0.16059383146290715
1.04000 -0.16104264916787217
1.04100 -0.16149223051610814
1.04200 -0.16194257567577872
1.04300 -0.1623936848124145
1.04400 -0.1628455580889052
1.04500 -0.16329819566549375
1.04600 -0.1637515976997685
1.04700 -0.16420576434665712
1.04800 -0.16466069575841905
1.04900 -0.16511639208463907
1.05000 -0.16557285347222012
1.05100 -0.1660300800653764
1.05200 -0.1664880720056263
1.05300 -0.16694682943178593
1.05400 -0.16740635247996152
1.05500 -0.16786664128354298
1.05600 -0.16832769597319655
1.05700 -0.16878951667685813
1.05800 -0.16925210351972603
1.05900 -0.16971545662425416
1.06000 -0.1701795761101448
1.06100 -0.17064446209434203
1.06200 -0.17111011469102408
1.06300 -0.17157653401159695
1.06400 -0.17204372016468664
1.06500 -0.172511673256133
1.06600 -0.17298039338898177
1.06700 -0.1734498806634782
1.06800 -0.1739201351770596
1.06900 -0.17439115702434843
1.07000 -0.17486294629714508
1.07100 -0.17533550308442108
1.07200 -0.17580882747231127
1.07300 -0.17628291954410794
1.07400 -0.1767577793802522
1.07500 -0.1772334070583282
1.07600 -0.17770980265305508
1.07700 -0.17818696623628033
1.07800 -0.17866489787697226
1.07900 -0.17914359764121338
1.08000 -0.17962306559219257
1.08100 -0.1801033017901986
1.08200 -0.18058430629261213
1.08300 -0.18106607915389955
1.08400 -0.18154862042560468
1.08500 -0.18203193015634253
1.08600 -0.18251600839179136
1.08700 -0.18300085517468606
1.08800 -0.18348647054481027
1.08900 -0.18397285453898987
1.09000 -0.18446000719108507
1.09100 -0.1849479285319838
1.09200 -0.1854366185895937
1.09300 -0.18592607738883576
1.09400 -0.18641630495163608
1.09500 -0.18690730129691951
1.09600 -0.1873990664406015
1.09700 -0.18789160039558173
1.09800 -0.18838490317173587
1.09900 -0.18887897477590906
1.10000 -0.18937381521190783
1.10100 -0.18986942448049388
1.10200 -0.19036580257937533
1.10300 -0.1908629495032006
1.10400 -0.19136086524355045
1.10500 -0.1918595497889308
1.10600 -0.1923590031247652
1.10700 -0.19285922523338792
1.10800 -0.1933602160940359
1.10900 -0.19386197568284202
1.11000 -0.19436450397282715
1.11100 -0.19486780093389347
1.11200 -0.19537186653281616
1.11300 -0.19587670073323687
1.11400 -0.19638230349565547
1.11500 -0.1968886747774236
1.11600 -0.1973958145327361
1.11700 -0.1979037227126248
1.11800 -0.1984123992649499
1.11900 -0.19892184413439362
1.12000 -0.1994320572624516
1.12100 -0.19994303858742676
1.12200 -0.20045478804442035
1.12300 -0.200967305565326
1.12400 -0.20148059107882074
1.12500 -0.20199464451035898
1.12600 -0.20250946578216367
1.12700 -0.2030250548132198
1.12800 -0.20354141151926627
1.12900 -0.20405853581278904
1.13000 -0.2045764276030125
1.13100 -0.20509508679589328
1.13200 -0.20561451329411162
1.13300 -0.20613470699706465
1.13400 -0.20665566780085803
1.13500 -0.20717739559829934
1.13600 -0.20769989027888952
1.13700 -0.20822315172881625
1.13800 -0.2087471798309455
1.13900 -0.2092719744648149
1.14000 -0.20979753550662497
1.14100 -0.21032386282923302
1.14200 -0.2108509563021439
1.14300 -0.21137881579150397
1.14400 -0.21190744116009214
1.14500 -0.2124368322673134
1.14600 -0.2129669889691902
1.14700 -0.21349791111835575
1.14800 -0.2140295985640455
1.14900 -0.2145620511520905
1.15000 -0.2150952687249085
1.15100 -0.2156292511214976
1.15200 -0.21616399817742765
1.15300 -0.21669950972483293
1.15400 -0.21723578559240492
1.15500 -0.2177728256053835
1.15600 -0.21831062958555064
1.15700 -0.2188491973512215
1.15800 -0.21938852871723777
1.15900 -0.21992862349495904
1.16000 -0.22046948149225598
1.16100 -0.22101110251350173
1.16200 -0.2215534863595653
1.16300 -0.2220966328278025
1.16400 -0.22264054171204958
1.16500 -0.22318521280261439
1.16600 -0.22373064588626956
1.16700 -0.22427684074624374
1.16800 -0.22482379716221515
1.16900 -0.22537151491030252
1.17000 -0.22591999376305844
1.17100 -0.22646923348946058
1.17200 -0.22701923385490497
1.17300 -0.22756999462119726
1.17400 -0.22812151554654592
1.17500 -0.2286737963855532
1.17600 -0.22922683688920914
1.17700 -0.22978063680488162
1.17800 -0.2303351958763105
1.17900 -0.23089051384359854
1.18000 -0.2314465904432044
1.18100 -0.2320034254079341
1.18200 -0.23256101846693408
1.18300 -0.2331193693456824
1.18400 -0.2336784777659819
1.18500 -0.23423834344595157
1.18600 -0.2347989661000192
1.18700 -0.23536034543891335
1.18800 -0.2359224811696557
1.18900 -0.23648537299555264
1.19000 -0.23704902061618852
1.19100 -0.23761342372741645
1.19200 -0.23817858202135167
1.19300 -0.23874449518636257
1.19400 -0.23931116290706397
1.19500 -0.2398785848643083
1.19600 -0.24044676073517832
1.19700 -0.2410156901929787
1.19800 -0.2415853729072289
1.19900 -0.24215580854365437
1.20000 -0.2427269967641796
1.20100 -0.24329893722691934
1.20200 -0.2438716295861714
1.20300 -0.24444507349240835
1.20400 -0.2450192685922698
1.20500 -0.24559421452855426
1.20600 -0.24616991094021187
1.20700 -0.24674635746233517
1.20800 -0.24732355372615283
1.20900 -0.24790149935902042
1.21000 -0.24848019398441323
1.21100 -0.24905963722191782
1.21200 -0.24963982868722467
1.21300 -0.2502207679921195
1.21400 -0.2508024547444764
1.21500 -0.25138488854824836
1.21600 -0.25196806900346086
1.21700 -0.25255199570620296
1.21800 -0.2531366682486199
1.21900 -0.2537220862189044
1.22000 -0.25430824920128964
1.22100 -0.25489515677604047
1.22200 -0.2554828085194461
1.22300 -0.25607120400381156
1.22400 -0.2566603427974503
1.22500 -0.25725022446467544
1.22600 -0.25784084856579287
1.22700 -0.25843221465709215
1.22800 -0.25902432229083927
1.22900 -0.25961717101526816
1.23000 -0.26021076037457347
1.23100 -0.26080508990890144
1.23200 -0.2614001591543431
1.23300 -0.2619959676429251
1.23400 -0.26259251490260305
1.23500 -0.2631898004572519
1.23600 -0.26378782382665966
1.23700 -0.2643865845265178
1.23800 -0.2649860820684146
1.23900 -0.2655863159598261
1.24000 -0.2661872857041086
1.24100 -0.2667889908004904
1.24200 -0.2673914307440644
1.24300 -0.2679946050257788
1.24400 -0.26859851313243077
1.24500 -0.26920315454665683
1.24600 -0.26980852874692585
1.24700 -0.27041463520753034
1.24800 -0.27102147339857935
1.24900 -0.2716290427859892
1.25000 -0.27223734283147655
1.25100 -0.27284637299254955
1.25200 -0.2734561327225005
1.25300 -0.27406662147039706
1.25400 -0.274677838681075
1.25500 -0.27528978379512936
1.25600 -0.27590245624890725
1.25700 -0.2765158554744988
1.25800 -0.27712998089973034
1.25900 -0.27774483194815497
1.26000 -0.2783604080390457
1.26100 -0.27897670858738666
1.26200 -0.27959373300386553
1.26300 -0.28021148069486485
1.26400 -0.2808299510624549
1.26500 -0.2814491435043845
1.26600 -0.2820690574140741
1.26700 -0.28268969218060674
1.26800 -0.2833110471887208
1.26900 -0.28393312181880115
1.27000 -0.28455591544687187
1.27100 -0.2851794274445876
1.27200 -0.28580365717922573
1.27300 -0.2864286040136782
1.27400 -0.28705426730644396
1.27500 -0.2876806464116198
1.27600 -0.28830774067889364
1.27700 -0.28893554945353506
1.27800 -0.28956407207638885
1.27900 -0.29019330788386505
1.28000 -0.2908232562079325
1.28100 -0.29145391637611023
1.28200 -0.2920852877114588
1.28300 -0.29271736953257343
1.28400 -0.29335016115357443
1.28500 -0.2939836618841007
1.28600 -0.29461787102930026
1.28700 -0.29525278788982345
1.28800 -0.29588841176181374
1.28900 -0.29652474193690054
1.29000 -0.29716177770219027
1.29100 -0.29779951834025953
1.29200 -0.29843796312914544
1.29300 -0.299077111342339
1.29400 -0.2997169622487761
1.29500 -0.30035751511283026
1.29600 -0.30099876919430335
1.29700 -0.30164072374841916
1.29800 -0.30228337802581356
1.29900 -0.3029267312725281
1.30000 -0.3035707827300005
1.30100 -0.30421553163505793
1.30200 -0.3048609772199076
1.30300 -0.30550711871213015
1.30400 -0.30615395533467
1.30500 -0.3068014863058288
1.30600 -0.30744971083925615
1.30700 -0.3080986281439427
1.30800 -0.30874823742421065
1.30900 -0.3093985378797076
1.31000 -0.3100495287053963
1.31100 -0.31070120909154886
1.31200 -0.3113535782237363
1.31300 -0.31200663528282313
1.31400 -0.3126603794449568
1.31500 -0.31331480988156163
1.31600 -0.3139699257593294
1.31700 -0.3146257262402123
1.31800 -0.3152822104814139
1.31900 -0.3159393776353825
1.32000 -0.3165972268498012
1.32100 -0.31725575726758204
1.32200 -0.3179149680268558
1.32300 -0.318574858260966
1.32400 -0.3192354270984592
1.32500 -0.31989667366307817
1.32600 -0.3205585970737529
1.32700 -0.3212211964445936
1.32800 -0.32188447088488165
1.32900 -0.32254841949906266
1.33000 -0.3232130413867374
1.33100 -0.3238783356426544
1.33200 -0.32454430135670187
1.33300 -0.3252109376139
1.33400 -0.32587824349439193
1.33500 -0.32654621807343714
1.33600 -0.3272148604214021
1.33700 -0.32788416960375355
1.33800 -0.32855414468104943
1.33900 -0.32922478470893174
1.34000 -0.3298960887381179
1.34100 -0.3305680558143933
1.34200 -0.3312406849786029
1.34300 -0.3319139752666436
1.34400 -0.3325879257094559
1.34500 -0.3332625353330166
1.34600 -0.3339378031583297
1.34700 -0.33461372820142
1.34800 -0.33529030947332333
1.34900 -0.33596754598008066
1.35000 -0.336645436722728
1.35100 -0.33732398069729036
1.35200 -0.3380031768947724
1.35300 -0.3386830243011513
1.35400 -0.3393635218973686
1.35500 -0.3400446686593224
1.35600 -0.340726463557859
1.35700 -0.34140890555876585
1.35800 -0.3420919936227621
1.35900 -0.34277572670549306
1.36000 -0.3434601037575197
1.36100 -0.3441451237243127
1.36200 -0.3448307855462435
1.36300 -0.3455170881585771
1.36400 -0.34620403049146337
1.36500 -0.34689161146993003
1.36600 -0.34757983001387405
1.36700 -0.3482686850380545
1.36800 -0.34895817545208385
1.36900 -0.34964830016042103
1.37000 -0.35033905806236265
1.37100 -0.35103044805203615
1.37200 -0.35172246901839077
1.37300 -0.3524151198451911
1.37400 -0.35310839941100775
1.37500 -0.35380230658921097
1.37600 -0.35449684024796163
1.37700 -0.3551919992502045
1.37800 -0.3558877824536593
1.37900 -0.356584188710814
1.38000 -0.3572812168689159
1.38100 -0.35797886576996496
1.38200 -0.35867713425070535
1.38300 -0.3593760211426178
1.38400 -0.3600755252719118
1.38500 -0.36077564545951796
1.38600 -0.3614763805210801
1.38700 -0.3621777292669478
1.38800 -0.3628796905021681
1.38900 -0.36358226302647856
1.39000 -0.3642854456342984
1.39100 -0.36498923711472214
1.39200 -0.36569363625151086
1.39300 -0.3663986418230848
1.39400 -0.36710425260251556
1.39500 -0.367810467357519
1.39600 -0.3685172848504463
1.39700 -0.3692247038382781
1.39800 -0.36993272307261466
1.39900 -0.37064134129967014
1.40000 -0.3713505572602635
1.40100 -0.372060369689812
1.40200 -0.3727707773183226
1.40300 -0.373481778870385
1.40400 -0.3741933730651635
1.40500 -0.3749055586163899
1.40600 -0.37561833423235513
1.40700 -0.37633169861590293
1.40800 -0.3770456504644209
1.40900 -0.3777601884698333
1.41000 -0.37847531131859413
1.41100 -0.3791910176916785
1.41200 -0.3799073062645765
1.41300 -0.3806241757072835
1.41400 -0.38134162468429533
1.41500 -0.38205965185459795
1.41600 -0.3827782558716622
1.41700 -0.3834974353834347
1.41800 -0.3842171890323317
1.41900 -0.38493751545523
1.42000 -0.38565841328346095
1.42100 -0.386379881142802
1.42200 -0.38710191765346974
1.42300 -0.3878245214301121
1.42400 -0.3885476910818012
1.42500 -0.38927142521202546
1.42600 -0.389995722418683
1.42700 -0.3907205812940729
1.42800 -0.39144600042488925
1.42900 -0.3921719783922123
1.43000 -0.3928985137715027
1.43100 -0.3936256051325923
1.43200 -0.39435325103967844
1.43300 -0.39508145005131495
1.43400 -0.39581020072040696
1.43500 -0.3965395015942007
1.43600 -0.39726935121427887
1.43700 -0.39799974811655164
1.43800 -0.39873069083125023
1.43900 -0.3994621778829184
1.44000 -0.4001942077904073
1.44100 -0.4009267790668655
1.44200 -0.40165989021973403
1.44300 -0.4023935397507378
1.44400 -0.40312772615587883
1.44500 -0.4038624479254286
1.44600 -0.40459770354392155
1.44700 -0.405333491490147
1.44800 -0.40606981023714306
1.44900 -0.4068066582521877
1.45000 -0.40754403399679373
1.45100 -0.40828193592669965
1.45200 -0.4090203624918639
1.45300 -0.4097593121364568
1.45400 -0.41049878329885425
1.45500 -0.4112387744116295
1.45600 -0.4119792839015472
1.45700 -0.4127203101895553
1.45800 -0.4134618516907791
1.45900 -0.4142039068145128
1.46000 -0.41494647396421386
1.46100 -0.4156895515374944
1.46200 -0.4164331379261157
1.46300 -0.41717723151598
1.46400 -0.4179218306871246
1.46500 -0.4186669338137133
1.46600 -0.419412539264031
1.46700 -0.420158645400476
1.46800 -0.42090525057955286
1.46900 -0.42165235315186594
1.47000 -0.42239995146211207
1.47100 -0.4231480438490736
1.47200 -0.42389662864561223
1.47300 -0.42464570417866077
1.47400 -0.42539526876921796
1.47500 -0.4261453207323396
1.47600 -0.426895858377134
1.47700 -0.42764688000675294
1.47800 -0.42839838391838636
1.47900 -0.4291503684032548
1.48000 -0.42990283174660326
1.48100 -0.4306557722276932
1.48200 -0.43140918811979717
1.48300 -0.4321630776901912
1.48400 -0.43291743920014875
1.48500 -0.4336722709049326
1.48600 -0.4344275710537903
1.48700 -0.4351833378899453
1.48800 -0.4359395696505917
1.48900 -0.43669626456688687
1.49000 -0.43745342086394556
1.49100 -0.43821103676083195
1.49200 -0.43896911047055454
1.49300 -0.4397276402000585
1.49400 -0.4404866241502198
1.49500 -0.44124606051583765
1.49600 -0.4420059474856292
1.49700 -0.44276628324222195
1.49800 -0.44352706596214786
1.49900 -0.4442882938158365
1.50000 -0.4450499649676091
1.50100 -0.44581207757567076
1.50200 -0.4465746297921059
1.50300 -0.44733761976286995
1.50400 -0.44810104562778474
1.50500 -0.4488649055205299
1.50600 -0.44962919756863906
1.50700 -0.45039391989349087
1.50800 -0.45115907061030486
1.50900 -0.45192464782813346
1.51000 -0.4526906496498569
1.51100 -0.4534570741721757
1.51200 -0.4542239194856054
1.51300 -0.45499118367447006
1.51400 -0.45575886481689554
1.51500 -0.45652696098480355
1.51600 -0.457295470243906
1.51700 -0.4580643906536973
1.51800 -0.45883372026745006
1.51900 -0.45960345713220735
1.52000 -0.46037359928877775
1.52100 -0.46114414477172794
1.52200 -0.461915091609378
1.52300 -0.4626864378237941
1.52400 -0.4634581814307835
1.52500 -0.4642303204398871
1.52600 -0.4650028528543753
1.52700 -0.4657757766712401
1.52800 -0.46654908988119026
1.52900 -0.4673227904686447
1.53000 -0.46809687641172754
1.53100 -0.4688713456822605
1.53200 -0.4696461962457585
1.53300 -0.47042142606142284
1.53400 -0.47119703308213623
1.53500 -0.47197301525445534
1.53600 -0.472749370518607
1.53700 -0.47352609680848085
1.53800 -0.4743031920516236
1.53900 -0.4750806541692344
1.54000 -0.47585848107615786
1.54100 -0.4766366706808791
1.54200 -0.47741522088551713
1.54300 -0.47819412958582036
1.54400 -0.47897339467115985
1.54500 -0.47975301402452414
1.54600 -0.4805329855225137
1.54700 -0.4813133070353352
1.54800 -0.4820939764267951
1.54900 -0.4828749915542959
1.55000 -0.48365635026882864
1.55100 -0.4844380504149689
1.55200 -0.4852200898308697
1.55300 -0.4860024663482582
1.55400 -0.4867851777924275
1.55500 -0.4875682219822337
1.55600 -0.4883515967300889
1.55700 -0.48913529984195653
1.55800 -0.48991932911734526
1.55900 -0.4907036823493048
1.56000 -0.49148835732441915
1.56100 -0.4922733518228026
1.56200 -0.4930586636180931
1.56300 -0.49384429047744877
1.56400 -0.4946302301615403
1.56500 -0.495416480424548
1.56600 -0.49620303901415513
1.56700 -0.49698990367154344
1.56800 -0.4977770721313874
1.56900 -0.49856454212184986
1.57000 -0.49935231136457603
1.57100 -0.5001403775746892
1.57200 -0.5009287384607852
1.57300 -0.5017173917249278
1.57400 -0.5025063350626428
1.57500 -0.5032955661629139
1.57600 -0.5040850827081774
1.57700 -0.5048748823743178
1.57800 -0.5056649628306611
1.57900 -0.5064553217399728
1.58000 -0.5072459567584502
1.58100 -0.5080368655357193
1.58200 -0.5088280457148289
1.58300 -0.5096194949322473
1.58400 -0.5104112108178556
1.58500 -0.5112031909949443
1.58600 -0.511995433080208
1.58700 -0.5127879346837414
1.58800 -0.5135806934090333
1.58900 -0.5143737068529635
1.59000 -0.5151669726057968
1.59100 -0.5159604882511796
1.59200 -0.5167542513661343
1.59300 -0.5175482595210555
1.59400 -0.518342510279705
1.59500 -0.5191370011992078
1.59600 -0.519931729830047
1.59700 -0.52072669371606
1.59800 -0.5215218903944332
1.59900 -0.5223173173956991
1.60000 -0.5231129722437299
1.60100 -0.5239088524557354
1.60200 -0.524704955542257
1.60300 -0.5255012790071641
1.60400 -0.5262978203476495
1.60500 -0.5270945770542259
1.60600 -0.5278915466107209
1.60700 -0.5286887264942735
1.60800 -0.5294861141753286
1.60900 -0.5302837071176355
1.61000 -0.5310815027782407
1.61100 -0.5318794986074865
1.61200 -0.5326776920490046
1.61300 -0.5334760805397147
1.61400 -0.5342746615098181
1.61500 -0.5350734323827949
1.61600 -0.5358723905754003
1.61700 -0.5366715334976604
1.61800 -0.5374708585528677
1.61900 -0.5382703631375791
1.62000 -0.5390700446416092
1.62100 -0.5398699004480296
1.62200 -0.540669927933163
1.62300 -0.5414701244665808
1.62400 -0.5422704874110982
1.62500 -0.5430710141227716
1.62600 -0.5438717019508944
1.62700 -0.544672548237994
1.62800 -0.5454735503198271
1.62900 -0.5462747055253776
1.63000 -0.5470760111768516
1.63100 -0.5478774645896751
1.63200 -0.5486790630724904
1.63300 -0.5494808039271522
1.63400 -0.5502826844487239
1.63500 -0.5510847019254754
1.63600 -0.5518868536388792
1.63700 -0.552689136863607
1.63800 -0.5534915488675258
1.63900 -0.5542940869116967
1.64000 -0.555096748250369
1.64100 -0.5558995301309795
1.64200 -0.5567024297941474
1.64300 -0.557505444473673
1.64400 -0.5583085713965328
1.64500 -0.559111807782878
1.64600 -0.5599151508460305
1.64700 -0.5607185977924807
1.64800 -0.5615221458218831
1.64900 -0.562325792127056
1.65000 -0.5631295338939758
1.65100 -0.5639333683017761
1.65200 -0.5647372925227435
1.65300 -0.5655413037223164
1.65400 -0.5663453990590807
1.65500 -0.567149575684768
1.65600 -0.5679538307442524
1.65700 -0.5687581613755491
1.65800 -0.5695625647098094
1.65900 -0.5703670378713207
1.66000 -0.5711715779775021
1.66100 -0.571976182138903
1.66200 -0.5727808474592
1.66300 -0.573585571035195
1.66400 -0.5743903499568118
1.66500 -0.575195181307095
1.66600 -0.5760000621622071
1.66700 -0.5768049895914257
1.66800 -0.5776099606571419
1.66900 -0.5784149724148576
1.67000 -0.5792200219131844
1.67100 -0.5800251061938396
1.67200 -0.5808302222916455
1.67300 -0.5816353672345268
1.67400 -0.5824405380435088
1.67500 -0.5832457317327148
1.67600 -0.5840509453093651
1.67700 -0.5848561757737736
1.67800 -0.5856614201193476
1.67900 -0.5864666753325846
1.68000 -0.5872719383930711
1.68100 -0.5880772062734804
1.68200 -0.5888824759395715
1.68300 -0.5896877443501863
1.68400 -0.5904930084572493
1.68500 -0.5912982652057641
1.68600 -0.5921035115338144
1.68700 -0.5929087443725592
1.68800 -0.5937139606462343
1.68900 -0.5945191572721485
1.69000 -0.5953243311606838
1.69100 -0.5961294792152922
1.69200 -0.5969345983324967
1.69300 -0.5977396854018874
1.69400 -0.5985447373061222
1.69500 -0.5993497509209237
1.69600 -0.60015472311508
1.69700 -0.6009596507504418
1.69800 -0.6017645306819221
1.69900 -0.6025693597574948
1.70000 -0.6033741348181939
1.70100 -0.6041788526981116
1.70200 -0.6049835102243984
1.70300 -0.6057881042172618
1.70400 -0.6065926314899649
1.70500 -0.6073970888488255
1.70600 -0.6082014730932166
1.70700 -0.6090057810155635
1.70800 -0.6098100094013448
1.70900 -0.6106141550290906
1.71000 -0.6114182146703826
1.71100 -0.6122221850898525
1.71200 -0.6130260630451823
1.71300 -0.6138298452871032
1.71400 -0.6146335285593953
1.71500 -0.6154371095988871
1.71600 -0.6162405851354551
1.71700 -0.6170439518920229
1.71800 -0.6178472065845617
1.71900 -0.6186503459220892
1.72000 -0.6194533666066703
1.72100 -0.6202562653334152
1.72200 -0.6210590387904807
1.72300 -0.6218616836590699
1.72400 -0.6226641966134313
1.72500 -0.6234665743208592
1.72600 -0.6242688134416943
1.72700 -0.6250709106293219
1.72800 -0.625872862530174
1.72900 -0.6266746657837287
1.73000 -0.6274763170225095
1.73100 -0.6282778128720865
1.73200 -0.6290791499510764
1.73300 -0.6298803248711424
1.73400 -0.6306813342369954
1.73500 -0.6314821746463926
1.73600 -0.6322828426901406
1.73700 -0.6330833349520928
1.73800 -0.6338836480091524
1.73900 -0.6346837784312717
1.74000 -0.6354837227814526
1.74100 -0.6362834776157481
1.74200 -0.6370830394832617
1.74300 -0.6378824049261497
1.74400 -0.6386815704796205
1.74500 -0.6394805326719359
1.74600 -0.6402792880244128
1.74700 -0.6410778330514222
1.74800 -0.6418761642603921
1.74900 -0.6426742781518078
1.75000 -0.6434721712192124
1.75100 -0.6442698399492078
1.75200 -0.6450672808214575
1.75300 -0.6458644903086856
1.75400 -0.6466614648766795
1.75500 -0.6474582009842904
1.75600 -0.6482546950834347
1.75700 -0.6490509436190958
1.75800 -0.6498469430293254
1.75900 -0.650642689745244
1.76000 -0.6514381801910443
1.76100 -0.65223341078399
1.76200 -0.6530283779344207
1.76300 -0.6538230780457506
1.76400 -0.6546175075144721
1.76500 -0.6554116627301562
1.76600 -0.656205540075456
1.76700 -0.6569991359261058
1.76800 -0.6577924466509261
1.76900 -0.6585854686118233
1.77000 -0.6593781981637931
1.77100 -0.6601706316549203
1.77200 -0.6609627654263844
1.77300 -0.6617545958124582
1.77400 -0.6625461191405123
1.77500 -0.6633373317310161
1.77600 -0.6641282298975407
1.77700 -0.664918809946761
1.77800 -0.6657090681784577
1.77900 -0.6664990008855202
1.78000 -0.6672886043539497
1.78100 -0.6680778748628593
1.78200 -0.6688668086844801
1.78300 -0.6696554020841601
1.78400 -0.67044365132037
1.78500 -0.671231552644704
1.78600 -0.6720191023018836
1.78700 -0.6728062965297589
1.78800 -0.6735931315593138
1.78900 -0.6743796036146669
1.79000 -0.6751657089130755
1.79100 -0.675951443664938
1.79200 -0.6767368040737979
1.79300 -0.6775217863363457
1.79400 -0.6783063866424232
1.79500 -0.6790906011750256
1.79600 -0.6798744261103059
1.79700 -0.6806578576175777
1.79800 -0.6814408918593183
1.79900 -0.6822235249911728
1.80000 -0.6830057531619567
1.80100 -0.6837875725136606
1.80200 -0.684568979181453
1.80300 -0.6853499692936835
1.80400 -0.6861305389718877
1.80500 -0.6869106843307903
1.80600 -0.6876904014783084
1.80700 -0.6884696865155571
1.80800 -0.6892485355368503
1.80900 -0.6900269446297087
1.81000 -0.6908049098748599
1.81100 -0.6915824273462454
1.81200 -0.6923594931110232
1.81300 -0.6931361032295723
1.81400 -0.693912253755497
1.81500 -0.6946879407356314
1.81600 -0.6954631602100434
1.81700 -0.696237908212039
1.81800 -0.6970121807681672
1.81900 -0.6977859738982247
1.82000 -0.6985592836152591
1.82100 -0.6993321059255752
1.82200 -0.7001044368287388
1.82300 -0.7008762723175815
1.82400 -0.7016476083782054
1.82500 -0.7024184409899884
1.82600 -0.7031887661255886
1.82700 -0.7039585797509497
1.82800 -0.704727877825305
1.82900 -0.7054966563011847
1.83000 -0.7062649111244179
1.83100 -0.7070326382341404
1.83200 -0.7077998335627987
1.83300 -0.7085664930361559
1.83400 -0.7093326125732959
1.83500 -0.7100981880866304
1.83600 -0.710863215481903
1.83700 -0.7116276906581961
1.83800 -0.7123916095079345
1.83900 -0.7131549679168935
1.84000 -0.7139177617642022
1.84100 -0.7146799869223512
1.84200 -0.7154416392571972
1.84300 -0.7162027146279694
1.84400 -0.7169632088872748
1.84500 -0.7177231178811055
1.84600 -0.7184824374488433
1.84700 -0.7192411634232667
1.84800 -0.7199992916305562
1.84900 -0.7207568178903025
1.85000 -0.7215137380155098
1.85100 -0.7222700478126046
1.85200 -0.7230257430814411
1.85300 -0.7237808196153079
1.85400 -0.7245352732009344
1.85500 -0.7252890996184966
1.85600 -0.7260422946416262
1.85700 -0.7267948540374143
1.85800 -0.7275467735664196
1.85900 -0.7282980489826762
1.86000 -0.7290486760336979
1.86100 -0.7297986504604883
1.86200 -0.7305479679975445
1.86300 -0.7312966243728676
1.86400 -0.7320446153079663
1.86500 -0.732791936517867
1.86600 -0.7335385837111197
1.86700 -0.7342845525898056
1.86800 -0.7350298388495439
1.86900 -0.7357744381795004
1.87000 -0.7365183462623938
1.87100 -0.7372615587745042
1.87200 -0.7380040713856799
1.87300 -0.7387458797593464
1.87400 -0.7394869795525119
1.87500 -0.7402273664157775
1.87600 -0.7409670359933436
1.87700 -0.7417059839230188
1.87800 -0.7424442058362266
1.87900 -0.743181697358015
1.88000 -0.7439184541070631
1.88100 -0.7446544716956907
1.88200 -0.7453897457298659
1.88300 -0.7461242718092134
1.88400 -0.7468580455270221
1.88500 -0.7475910624702556
1.88600 -0.7483233182195589
1.88700 -0.7490548083492674
1.88800 -0.7497855284274161
1.88900 -0.7505154740157478
1.89000 -0.7512446406697216
1.89100 -0.7519730239385225
1.89200 -0.7527006193650698
1.89300 -0.7534274224860265
1.89400 -0.7541534288318071
1.89500 -0.7548786339265888
1.89600 -0.7556030332883181
1.89700 -0.7563266224287231
1.89800 -0.7570493968533193
1.89900 -0.7577713520614222
1.90000 -0.7584924835461542
1.90100 -0.7592127867944558
1.90200 -0.7599322572870942
1.90300 -0.7606508904986737
1.90400 -0.7613686818976444
1.90500 -0.7620856269463127
1.90600 -0.762801721100851
1.90700 -0.7635169598113073
1.90800 -0.7642313385216155
1.90900 -0.7649448526696059
1.91000 -0.7656574976870133
1.91100 -0.7663692689994901
1.91200 -0.7670801620266138
1.91300 -0.7677901721818993
1.91400 -0.7684992948728078
1.91500 -0.7692075255007585
1.91600 -0.7699148594611381
1.91700 -0.7706212921433119
1.91800 -0.7713268189306343
1.91900 -0.7720314352004595
1.92000 -0.7727351363241522
1.92100 -0.7734379176670987
1.92200 -0.7741397745887176
1.92300 -0.7748407024424707
1.92400 -0.7755406965758745
1.92500 -0.7762397523305107
1.92600 -0.776937865042038
1.92700 -0.7776350300402026
1.92800 -0.7783312426488505
1.92900 -0.7790264981859383
1.93000 -0.7797207919635447
1.93100 -0.780414119287882
1.93200 -0.781106475459308
1.93300 -0.7817978557723376
1.93400 -0.7824882555156544
1.93500 -0.7831776699721226
1.93600 -0.7838660944187988
1.93700 -0.7845535241269442
1.93800 -0.7852399543620368
1.93900 -0.7859253803837825
1.94000 -0.7866097974461286
1.94100 -0.787293200797275
1.94200 -0.787975585679688
1.94300 -0.78865694733011
1.94400 -0.7893372809795756
1.94500 -0.7900165818534203
1.94600 -0.7906948451712964
1.94700 -0.7913720661471838
1.94800 -0.792048239989403
1.94900 -0.7927233619006286
1.95000 -0.793397427077902
1.95100 -0.7940704307126429
1.95200 -0.7947423679906654
1.95300 -0.7954132340921879
1.95400 -0.7960830241918487
1.95500 -0.7967517334587176
1.95600 -0.7974193570563107
1.95700 -0.798085890142602
1.95800 -0.7987513278700388
1.95900 -0.7994156653855544
1.96000 -0.8000788978305817
1.96100 -0.8007410203410661
1.96200 -0.8014020280474818
1.96300 -0.8020619160748425
1.96400 -0.8027206795427178
1.96500 -0.8033783135652457
1.96600 -0.8040348132511479
1.96700 -0.8046901737037427
1.96800 -0.8053443900209601
1.96900 -0.8059974572953558
1.97000 -0.8066493706141259
1.97100 -0.8073001250591204
1.97200 -0.8079497157068599
1.97300 -0.8085981376285469
1.97400 -0.8092453858900838
1.97500 -0.8098914555520855
1.97600 -0.8105363416698952
1.97700 -0.8111800392935989
1.97800 -0.811822543468041
1.97900 -0.812463849232838
1.98000 -0.8131039516223959
1.98100 -0.8137428456659228
1.98200 -0.8143805263874466
1.98300 -0.8150169888058282
1.98400 -0.8156522279347792
1.98500 -0.8162862387828752
1.98600 -0.8169190163535732
1.98700 -0.8175505556452258
1.98800 -0.8181808516510988
1.98900 -0.818809899359385
1.99000 -0.8194376937532215
1.99100 -0.8200642298107046
1.99200 -0.8206895025049081
1.99300 -0.821313506803896
1.99400 -0.821936237670742
1.99500 -0.8225576900635436
1.99600 -0.8231778589354402
1.99700 -0.8237967392346273
1.99800 -0.8244143259043758
1.99900 -0.8250306138830463
2.00000 -0.8256455981041075
2.00100 -0.8262592734961516
2.00200 -0.8268716349829122
2.00300 -0.82748267748328
2.00400 -0.8280923959113219
2.00500 -0.8287007851762961
2.00600 -0.8293078401826698
2.00700 -0.8299135558301369
2.00800 -0.8305179270136356
2.00900 -0.8311209486233648
2.01000 -0.8317226155448021
2.01100 -0.8323229226587209
2.01200 -0.8329218648412098
2.01300 -0.8335194369636884
2.01400 -0.8341156338929254
2.01500 -0.8347104504910575
2.01600 -0.8353038816156064
2.01700 -0.8358959221194978
2.01800 -0.8364865668510781
2.01900 -0.8370758106541342
2.02000 -0.8376636483679105
2.02100 -0.8382500748271291
2.02200 -0.8388350848620051
2.02300 -0.8394186732982688
2.02400 -0.8400008349571818
2.02500 -0.8405815646555568
2.02600 -0.8411608572057757
2.02700 -0.8417387074158098
2.02800 -0.8423151100892368
2.02900 -0.8428900600252616
2.03000 -0.8434635520187341
2.03100 -0.8440355808601699
2.03200 -0.8446061413357678
2.03300 -0.8451752282274306
2.03400 -0.8457428363127836
2.03500 -0.8463089603651949
2.03600 -0.8468735951537945
2.03700 -0.8474367354434943
2.03800 -0.8479983759950073
2.03900 -0.8485585115648682
2.04000 -0.8491171369054533
2.04100 -0.8496742467650001
2.04200 -0.8502298358876272
2.04300 -0.8507838990133554
2.04400 -0.8513364308781272
2.04500 -0.8518874262138276
2.04600 -0.8524368797483041
2.04700 -0.8529847862053878
2.04800 -0.8535311403049136
2.04900 -0.8540759367627413
2.05000 -0.8546191702907759
2.05100 -0.8551608355969885
2.05200 -0.8557009273854379
2.05300 -0.8562394403562907
2.05400 -0.8567763692058435
2.05500 -0.8573117086265428
2.05600 -0.8578454533070076
2.05700 -0.8583775979320499
2.05800 -0.8589081371826969
2.05900 -0.8594370657362111
2.06000 -0.8599643782661142
2.06100 -0.8604900694422066
2.06200 -0.8610141339305909
2.06300 -0.8615365663936921
2.06400 -0.8620573614902817
2.06500 -0.8625765138754975
2.06600 -0.8630940182008682
2.06700 -0.8636098691143321
2.06800 -0.8641240612602641
2.06900 -0.8646365892794937
2.07000 -0.8651474478093305
2.07100 -0.8656566314835852
2.07200 -0.8661641349325926
2.07300 -0.8666699527832349
2.07400 -0.8671740796589641
2.07500 -0.8676765101798243
2.07600 -0.868177238962476
2.07700 -0.8686762606202185
2.07800 -0.8691735697630132
2.07900 -0.8696691609975061
2.08000 -0.8701630289270528
2.08100 -0.8706551681517406
2.08200 -0.8711455732684124
2.08300 -0.8716342388706902
2.08400 -0.8721211595489996
2.08500 -0.8726063298905922
2.08600 -0.8730897444795713
2.08700 -0.8735713978969132
2.08800 -0.8740512847204948
2.08900 -0.8745293995251141
2.09000 -0.8750057368825177
2.09100 -0.8754802913614224
2.09200 -0.875953057527541
2.09300 -0.8764240299436072
2.09400 -0.8768932031693993
2.09500 -0.8773605717617647
2.09600 -0.8778261302746456
2.09700 -0.8782898732591032
2.09800 -0.8787517952633432
2.09900 -0.87921189083274
2.10000 -0.879670154509862
2.10100 -0.8801265808344975
2.10200 -0.8805811643436801
2.10300 -0.8810338995717122
2.10400 -0.8814847810501927
2.10500 -0.8819338033080418
2.10600 -0.8823809608715264
2.10700 -0.882826248264285
2.10800 -0.8832696600073563
2.10900 -0.8837111906192018
2.11000 -0.8841508346157341
2.11100 -0.8845885865103419
2.11200 -0.8850244408139165
2.11300 -0.8854583920348785
2.11400 -0.8858904346792036
2.11500 -0.8863205632504486
2.11600 -0.8867487722497795
2.11700 -0.8871750561759967
2.11800 -0.8875994095255622
2.11900 -0.8880218267926265
2.12000 -0.8884423024690555
2.12100 -0.8888608310444575
2.12200 -0.8892774070062106
2.12300 -0.8896920248394886
2.12400 -0.8901046790272896
2.12500 -0.8905153640504633
2.12600 -0.8909240743877384
2.12700 -0.8913308045157481
2.12800 -0.8917355489090613
2.12900 -0.8921383020402079
2.13000 -0.8925390583797072
2.13100 -0.8929378123960953
2.13200 -0.8933345585559541
2.13300 -0.8937292913239391
2.13400 -0.8941220051628069
2.13500 -0.894512694533444
2.13600 -0.8949013538948952
2.13700 -0.895287977704392
2.13800 -0.8956725604173811
2.13900 -0.8960550964875523
2.14000 -0.896435580366869
2.14100 -0.8968140065055951
2.14200 -0.8971903693523257
2.14300 -0.8975646633540139
2.14400 -0.8979368829560017
2.14500 -0.8983070226020491
2.14600 -0.8986750767343625
2.14700 -0.8990410397936242
2.14800 -0.8994049062190222
2.14900 -0.89976667044828
2.15000 -0.9001263269176856
2.15100 -0.9004838700621214
2.15200 -0.9008392943150947
2.15300 -0.9011925941087664
2.15400 -0.9015437638739824
2.15500 -0.901892798040302
2.15600 -0.90223969103603
2.15700 -0.9025844372882453
2.15800 -0.9029270312228331
2.15900 -0.9032674672645129
2.16000 -0.9036057398368714
2.16100 -0.9039418433623916
2.16200 -0.9042757722624855
2.16300 -0.9046075209575213
2.16400 -0.9049370838668586
2.16500 -0.9052644554088765
2.16600 -0.9055896300010063
2.16700 -0.9059126020597613
2.16800 -0.9062333660007693
2.16900 -0.9065519162388034
2.17000 -0.9068682471878142
2.17100 -0.9071823532609598
2.17200 -0.9074942288706394
2.17300 -0.9078038684285237
2.17400 -0.9081112663455875
2.17500 -0.908416417032141
2.17600 -0.9087193148978626
2.17700 -0.9090199543518303
2.17800 -0.9093183298025546
2.17900 -0.9096144356580105
2.18000 -0.9099082663256695
2.18100 -0.9101998162125327
2.18200 -0.9104890797251636
2.18300 -0.91077605126972
2.18400 -0.9110607252519876
2.18500 -0.9113430960774116
2.18600 -0.9116231581511317
2.18700 -0.9119009058780134
2.18800 -0.9121763336626818
2.18900 -0.9124494359095549
2.19000 -0.9127202070228768
2.19100 -0.9129886414067516
2.19200 -0.9132547334651762
2.19300 -0.9135184776020743
2.19400 -0.91377986822133
2.19500 -0.9140388997268223
2.19600 -0.9142955665224576
2.19700 -0.9145498630122051
2.19800 -0.9148017836001301
2.19900 -0.9150513226904289
2.20000 -0.9152984746874614
2.20100 -0.9155432339957876
2.20200 -0.915785595020201
2.20300 -0.9160255521657635
2.20400 -0.916263099837839
2.20500 -0.9164982324421297
2.20600 -0.9167309443847101
2.20700 -0.9169612300720622
2.20800 -0.9171890839111096
2.20900 -0.9174145003092542
2.21000 -0.9176374736744108
2.21100 -0.9178579984150415
2.21200 -0.9180760689401921
2.21300 -0.9182916796595275
2.21400 -0.918504824983367
2.21500 -0.9187154993227203
2.21600 -0.9189236970893228
2.21700 -0.9191294126956714
2.21800 -0.9193326405550616
2.21900 -0.9195333750816228
2.22000 -0.9197316106903533
2.22100 -0.9199273417971588
2.22200 -0.9201205628188871
2.22300 -0.920311268173365
2.22400 -0.9204994522794351
2.22500 -0.920685109556992
2.22600 -0.920868234427019
2.22700 -0.9210488213116258
2.22800 -0.9212268646340834
2.22900 -0.9214023588188638
2.23000 -0.9215752982916746
2.23100 -0.9217456774794981
2.23200 -0.9219134908106266
2.23300 -0.922078732714702
2.23400 -0.9222413976227515
2.23500 -0.922401479967226
2.23600 -0.9225589741820375
2.23700 -0.9227138747025965
2.23800 -0.9228661759658509
2.23900 -0.9230158724103231
2.24000 -0.9231629584761473
2.24100 -0.9233074286051097
2.24200 -0.9234492772406844
2.24300 -0.9235884988280735
2.24400 -0.9237250878142441
2.24500 -0.9238590386479683
2.24600 -0.92399034577986
2.24700 -0.9241190036624153
2.24800 -0.9242450067500497
2.24900 -0.9243683494991382
2.25000 -0.9244890263680537
2.25100 -0.9246070318172062
2.25200 -0.9247223603090813
2.25300 -0.9248350063082806
2.25400 -0.9249449642815604
2.25500 -0.9250522286978705
2.25600 -0.9251567940283947
2.25700 -0.9252586547465901
2.25800 -0.9253578053282266
2.25900 -0.925454240251427
2.26000 -0.9255479539967063
2.26100 -0.9256389410470123
2.26200 -0.9257271958877654
2.26300 -0.9258127130068985
2.26400 -0.9258954868948984
2.26500 -0.9259755120448439
2.26600 -0.9260527829524486
2.26700 -0.9261272941161004
2.26800 -0.9261990400369015
2.26900 -0.9262680152187105
2.27000 -0.9263342141681817
2.27100 -0.9263976313948077
2.27200 -0.9264582614109587
2.27300 -0.9265160987319242
2.27400 -0.9265711378759552
2.27500 -0.9266233733643039
2.27600 -0.9266727997212658
2.27700 -0.926719411474221
2.27800 -0.926763203153676
2.27900 -0.9268041692933053
2.28000 -0.9268423044299924
2.28100 -0.9268776031038727
2.28200 -0.9269100598583747
2.28300 -0.9269396692402624
2.28400 -0.9269664257996768
2.28500 -0.9269903240901787
2.28600 -0.9270113586687907
2.28700 -0.9270295240960394
2.28800 -0.9270448149359987
2.28900 -0.927057225756331
2.29000 -0.927066751128331
2.29100 -0.9270733856269675
2.29200 -0.9270771238309272
2.29300 -0.9270779603226569
2.29400 -0.9270758896884065
2.29500 -0.9270709065182728
2.29600 -0.9270630054062415
2.29700 -0.927052180950232
2.29800 -0.927038427752139
2.29900 -0.9270217404178774
2.30000 -0.9270021135574258
2.30100 -0.9269795417848685
2.30200 -0.9269540197184415
2.30300 -0.9269255419805742
2.30400 -0.9268941031979353
2.30500 -0.9268596980014752
2.30600 -0.9268223210264707
2.30700 -0.9267819669125693
2.30800 -0.9267386303038333
2.30900 -0.9266923058487844
2.31000 -0.9266429882004478
2.31100 -0.9265906720163964
2.31200 -0.9265353519587968
2.31300 -0.9264770226944523
2.31400 -0.9264156788948491
2.31500 -0.9263513152362
2.31600 -0.9262839263994904
2.31700 -0.9262135070705232
2.31800 -0.9261400519399631
2.31900 -0.9260635557033826
2.32000 -0.9259840130613075
2.32100 -0.9259014187192619
2.32200 -0.9258157673878136
2.32300 -0.9257270537826202
2.32400 -0.9256352726244743
2.32500 -0.9255404186393498
2.32600 -0.925442486558447
2.32700 -0.9253414711182393
2.32800 -0.9252373670605193
2.32900 -0.9251301691324436
2.33000 -0.9250198720865811
2.33100 -0.9249064706809577
2.33200 -0.9247899596791029
2.33300 -0.9246703338500971
2.33400 -0.9245475879686171
2.33500 -0.924421716814984
2.33600 -0.9242927151752085
2.33700 -0.9241605778410389
2.33800 -0.9240252996100076
2.33900 -0.9238868752854775
2.34000 -0.9237452996766903
2.34100 -0.9236005675988126
2.34200 -0.9234526738729839
2.34300 -0.9233016133263633
2.34400 -0.9231473807921774
2.34500 -0.9229899711097678
2.34600 -0.9228293791246384
2.34700 -0.922665599688503
2.34800 -0.9224986276593338
2.34900 -0.9223284579014087
2.35000 -0.922155085285359
2.35100 -0.9219785046882181
2.35200 -0.9217987109934688
2.35300 -0.9216156990910924
2.35400 -0.9214294638776167
2.35500 -0.9212400002561635
2.35600 -0.9210473031364983
2.35700 -0.920851367435078
2.35800 -0.9206521880751003
2.35900 -0.9204497599865512
2.36000 -0.9202440781062546
2.36100 -0.9200351373779218
2.36200 -0.919822932752199
2.36300 -0.9196074591867169
2.36400 -0.9193887116461407
2.36500 -0.9191666851022182
2.36600 -0.9189413745338292
2.36700 -0.9187127749270354
2.36800 -0.9184808812751293
2.36900 -0.9182456885786845
2.37000 -0.9180071918456041
2.37100 -0.9177653860911719
2.37200 -0.9175202663381008
2.37300 -0.9172718276165832
2.37400 -0.9170200649643417
2.37500 -0.9167649734266777
2.37600 -0.9165065480565222
2.37700 -0.9162447839144865
2.37800 -0.9159796760689114
2.37900 -0.9157112195959184
2.38000 -0.9154394095794601
2.38100 -0.9151642411113698
2.38200 -0.9148857092914133
2.38300 -0.9146038092273386
2.38400 -0.914318536034927
2.38500 -0.9140298848380441
2.38600 -0.9137378507686912
2.38700 -0.9134424289670546
2.38800 -0.9131436145815579
2.38900 -0.9128414027689139
2.39000 -0.9125357886941734
2.39100 -0.9122267675307794
2.39200 -0.911914334460616
2.39300 -0.9115984846740617
2.39400 -0.9112792133700396
2.39500 -0.91095651575607
2.39600 -0.9106303870483204
2.39700 -0.910300822471661
2.39800 -0.9099678172597114
2.39900 -0.9096313666548971
2.40000 -0.9092914659084982
2.40100 -0.9089481102807037
2.40200 -0.9086012950406629
2.40300 -0.908251015466537
2.40400 -0.9078972668455518
2.40500 -0.907540044474051
2.40600 -0.9071793436575474
2.40700 -0.9068151597107754
2.40800 -0.9064474879577453
2.40900 -0.9060763237317939
2.41000 -0.9057016623756381
2.41100 -0.9053234992414283
2.41200 -0.9049418296908004
2.41300 -0.9045566490949289
2.41400 -0.9041679528345814
2.41500 -0.9037757363001688
2.41600 -0.9033799948918014
2.41700 -0.9029807240193406
2.41800 -0.9025779191024529
2.41900 -0.9021715755706627
2.42000 -0.9017616888634061
2.42100 -0.9013482544300856
2.42200 -0.9009312677301208
2.42300 -0.9005107242330055
2.42400 -0.9000866194183588
2.42500 -0.8996589487759814
2.42600 -0.899227707805907
2.42700 -0.898792892018458
2.42800 -0.898354496934299
2.42900 -0.897912518084491
2.43000 -0.8974669510105456
2.43100 -0.8970177912644791
2.43200 -0.8965650344088677
2.43300 -0.8961086760168998
2.43400 -0.8956487116724332
2.43500 -0.8951851369700484
2.43600 -0.8947179475151019
2.43700 -0.894247138923783
2.43800 -0.8937727068231683
2.43900 -0.893294646851275
2.44000 -0.8928129546571172
2.44100 -0.8923276259007596
2.44200 -0.891838656253375
2.44300 -0.8913460413972959
2.44400 -0.8908497770260725
2.44500 -0.8903498588445267
2.44600 -0.8898462825688074
2.44700 -0.8893390439264466
2.44800 -0.8888281386564134
2.44900 -0.8883135625091712
2.45000 -0.8877953112467319
2.45100 -0.8872733806427126
2.45200 -0.88674776648239
2.45300 -0.886218464562757
2.45400 -0.8856854706925793
2.45500 -0.8851487806924494
2.45600 -0.884608390394844
2.45700 -0.884064295644179
2.45800 -0.8835164922968667
2.45900 -0.882964976221371
2.46000 -0.882409743298264
2.46100 -0.8818507894202818
2.46200 -0.8812881104923822
2.46300 -0.8807217024317988
2.46400 -0.8801515611680997
2.46500 -0.879577682643242
2.46600 -0.8790000628116303
2.46700 -0.8784186976401719
2.46800 -0.8778335831083341
2.46900 -0.8772447152082004
2.47000 -0.8766520899445288
2.47100 -0.8760557033348062
2.47200 -0.8754555514093078
2.47300 -0.8748516302111512
2.47400 -0.8742439357963584
2.47500 -0.8736324642339063
2.47600 -0.873017211605789
2.47700 -0.8723981740070731
2.47800 -0.8717753475459548
2.47900 -0.8711487283438178
2.48000 -0.8705183125352904
2.48100 -0.8698840962683022
2.48200 -0.8692460757041439
2.48300 -0.8686042470175218
2.48400 -0.8679586063966175
2.48500 -0.8673091500431449
2.48600 -0.8666558741724085
2.48700 -0.8659987750133593
2.48800 -0.8653378488086555
2.48900 -0.8646730918147171
2.49000 -0.8640045003017875
2.49100 -0.8633320705539879
2.49200 -0.8626557988693782
2.49300 -0.8619756815600124
2.49400 -0.8612917149519996
2.49500 -0.86060389538556
2.49600 -0.8599122192150841
2.49700 -0.8592166828091907
2.49800 -0.8585172825507855
2.49900 -0.8578140148371193
2.50000 -0.8571068760798461
2.50100 -0.8563958627050823
2.50200 -0.8556809711534646
2.50300 -0.85496219788021
2.50400 -0.8542395393551716
2.50500 -0.8535129920629003
2.50600 -0.8527825525027016
2.50700 -0.8520482171886954
2.50800 -0.851309982649874
2.50900 -0.8505678454301617
2.51000 -0.8498218020884735
2.51100 -0.8490718491987742
2.51200 -0.8483179833501368
2.51300 -0.8475602011468013
2.51400 -0.8467984992082369
2.51500 -0.8460328741691958
2.51600 -0.8452633226797776
2.51700 -0.8444898414054841
2.51800 -0.8437124270272832
2.51900 -0.8429310762416643
2.52000 -0.842145785760699
2.52100 -0.8413565523121008
2.52200 -0.8405633726392855
2.52300 -0.8397662435014275
2.52400 -0.8389651616735229
2.52500 -0.8381601239464472
2.52600 -0.8373511271270155
2.52700 -0.836538168038042
2.52800 -0.8357212435183986
2.52900 -0.8349003504230769
2.53000 -0.834075485623246
2.53100 -0.8332466460063137
2.53200 -0.8324138284759851
2.53300 -0.8315770299523229
2.53400 -0.8307362473718087
2.53500 -0.8298914776874001
2.53600 -0.8290427178685942
2.53700 -0.8281899649014838
2.53800 -0.8273332157888215
2.53900 -0.8264724675500756
2.54000 -0.8256077172214945
2.54100 -0.8247389618561634
2.54200 -0.8238661985240664
2.54300 -0.8229894243121458
2.54400 -0.8221086363243643
2.54500 -0.8212238316817608
2.54600 -0.8203350075225171
2.54700 -0.8194421610020131
2.54800 -0.8185452892928887
2.54900 -0.8176443895851053
2.55000 -0.8167394590860062
2.55100 -0.8158304950203754
2.55200 -0.8149174946304988
2.55300 -0.8140004551762254
2.55400 -0.8130793739350292
2.55500 -0.812154248202066
2.55600 -0.8112250752902369
2.55700 -0.810291852530248
2.55800 -0.8093545772706735
2.55900 -0.8084132468780114
2.56000 -0.8074678587367492
2.56100 -0.8065184102494213
2.56200 -0.8055648988366716
2.56300 -0.8046073219373149
2.56400 -0.8036456770083954
2.56500 -0.8026799615252496
2.56600 -0.8017101729815652
2.56700 -0.800736308889446
2.56800 -0.7997583667794679
2.56900 -0.7987763442007424
2.57000 -0.7977902387209779
2.57100 -0.7968000479265402
2.57200 -0.7958057694225134
2.57300 -0.7948074008327605
2.57400 -0.7938049397999849
2.57500 -0.792798383985793
2.57600 -0.7917877310707527
2.57700 -0.7907729787544557
2.57800 -0.7897541247555782
2.57900 -0.7887311668119446
2.58000 -0.787704102680585
2.58100 -0.7866729301377982
2.58200 -0.7856376469792123
2.58300 -0.7845982510198477
2.58400 -0.7835547400941767
2.58500 -0.7825071120561837
2.58600 -0.7814553647794295
2.58700 -0.7803994961571104
2.58800 -0.7793395041021196
2.58900 -0.7782753865471098
2.59000 -0.7772071414445524
2.59100 -0.7761347667668032
2.59200 -0.7750582605061566
2.59300 -0.7739776206749144
2.59400 -0.7728928453054414
2.59500 -0.7718039324502315
2.59600 -0.7707108801819654
2.59700 -0.7696136865935742
2.59800 -0.7685123497982987
2.59900 -0.7674068679297545
2.60000 -0.7662972391419892
2.60100 -0.7651834616095464
2.60200 -0.7640655335275264
2.60300 -0.7629434531116479
2.60400 -0.7618172185983098
2.60500 -0.760686828244651
2.60600 -0.7595522803286134
2.60700 -0.758413573149004
2.60800 -0.7572707050255545
2.60900 -0.7561236742989835
2.61000 -0.7549724793310576
2.61100 -0.7538171185046563
2.61200 -0.7526575902238268
2.61300 -0.7514938929138517
2.61400 -0.7503260250213065
2.61500 -0.7491539850141247
2.61600 -0.7479777713816551
2.61700 -0.7467973826347265
2.61800 -0.7456128173057075
2.61900 -0.7444240739485695
2.62000 -0.7432311511389466
2.62100 -0.7420340474741969
2.62200 -0.7408327615734658
2.62300 -0.7396272920777465
2.62400 -0.7384176376499415
2.62500 -0.7372037969749226
2.62600 -0.7359857687595945
2.62700 -0.7347635517329559
2.62800 -0.73353714464616
2.62900 -0.7323065462725769
2.63000 -0.7310717554078519
2.63100 -0.7298327708699737
2.63200 -0.7285895914993284
2.63300 -0.7273422161587648
2.63400 -0.7260906437336557
2.63500 -0.7248348731319586
2.63600 -0.7235749032842758
2.63700 -0.7223107331439184
2.63800 -0.721042361686965
2.63900 -0.7197697879123256
2.64000 -0.7184930108418006
2.64100 -0.7172120295201434
2.64200 -0.7159268430151204
2.64300 -0.7146374504175751
2.64400 -0.7133438508414855
2.64500 -0.7120460434240289
2.64600 -0.7107440273256382
2.64700 -0.7094378017300705
2.64800 -0.7081273658444617
2.64900 -0.7068127188993899
2.65000 -0.7054938601489372
2.65100 -0.7041707888707512
2.65200 -0.7028435043661033
2.65300 -0.7015120059599526
2.65400 -0.7001762930010054
2.65500 -0.6988363648617785
2.65600 -0.6974922209386561
2.65700 -0.6961438606519543
2.65800 -0.6947912834459811
2.65900 -0.6934344887890967
2.66000 -0.692073476173775
2.66100 -0.6907082451166643
2.66200 -0.6893387951586478
2.66300 -0.6879651258649054
2.66400 -0.6865872368249736
2.66500 -0.6852051276528061
2.66600 -0.6838187979868344
2.66700 -0.6824282474900315
2.66800 -0.6810334758499672
2.66900 -0.6796344827788736
2.67000 -0.6782312680137019
2.67100 -0.6768238313161875
2.67200 -0.6754121724729059
2.67300 -0.6739962912953348
2.67400 -0.6725761876199163
2.67500 -0.6711518613081157
2.67600 -0.6697233122464815
2.67700 -0.668290540346707
2.67800 -0.6668535455456898
2.67900 -0.6654123278055932
2.68000 -0.663966887113905
2.68100 -0.6625172234834973
2.68200 -0.661063336952689
2.68300 -0.6596052275853056
2.68400 -0.6581428954707361
2.68500 -0.6566763407239966
2.68600 -0.6552055634857881
2.68700 -0.6537305639225598
2.68800 -0.6522513422265642
2.68900 -0.6507678986159193
2.69000 -0.6492802333346692
2.69100 -0.647788346652844
2.69200 -0.6462922388665187
2.69300 -0.6447919102978715
2.69400 -0.6432873612952462
2.69500 -0.6417785922332089
2.69600 -0.6402656035126121
2.69700 -0.6387483955606482
2.69800 -0.6372269688309145
2.69900 -0.635701323803468
2.70000 -0.634171460984889
2.70100 -0.632637380908336
2.70200 -0.6310990841336095
2.70300 -0.6295565712472068
2.70400 -0.6280098428623854
2.70500 -0.6264588996192184
2.70600 -0.6249037421846562
2.70700 -0.6233443712525829
2.70800 -0.6217807875438783
2.70900 -0.6202129918064744
2.71000 -0.6186409848154151
2.71100 -0.6170647673729135
2.71200 -0.6154843403084151
2.71300 -0.6138997044786502
2.71400 -0.6123108607676969
2.71500 -0.6107178100870364
2.71600 -0.6091205533756167
2.71700 -0.6075190915999049
2.71800 -0.6059134257539478
2.71900 -0.6043035568594309
2.72000 -0.6026894859657386
2.72100 -0.6010712141500067
2.72200 -0.5994487425171844
2.72300 -0.5978220722000911
2.72400 -0.5961912043594777
2.72500 -0.5945561401840782
2.72600 -0.5929168808906715
2.72700 -0.5912734277241379
2.72800 -0.5896257819575201
2.72900 -0.5879739448920746
2.73000 -0.5863179178573333
2.73100 -0.58465770221116
2.73200 -0.5829932993398099
2.73300 -0.5813247106579816
2.73400 -0.5796519376088801
2.73500 -0.5779749816642694
2.73600 -0.5762938443245329
2.73700 -0.5746085271187283
2.73800 -0.5729190316046457
2.73900 -0.5712253593688621
2.74000 -0.5695275120268029
2.74100 -0.5678254912227935
2.74200 -0.5661192986301173
2.74300 -0.5644089359510742
2.74400 -0.562694404917036
2.74500 -0.5609757072885012
2.74600 -0.5592528448551525
2.74700 -0.5575258194359127
2.74800 -0.5557946328790029
2.74900 -0.5540592870619938
2.75000 -0.5523197838918655
2.75100 -0.5505761253050621
2.75200 -0.5488283132675484
2.75300 -0.5470763497748625
2.75400 -0.545320236852175
2.75500 -0.543559976554342
2.75600 -0.5417955709659623
2.75700 -0.5400270222014314
2.75800 -0.5382543324049963
2.75900 -0.5364775037508116
2.76000 -0.5346965384429948
2.76100 -0.5329114387156797
2.76200 -0.5311222068330738
2.76300 -0.5293288450895071
2.76400 -0.5275313558094964
2.76500 -0.5257297413477904
2.76600 -0.5239240040894302
2.76700 -0.5221141464497981
2.76800 -0.5203001708746796
2.76900 -0.5184820798403098
2.77000 -0.5166598758534321
2.77100 -0.5148335614513488
2.77200 -0.5130031392019794
2.77300 -0.5111686117039105
2.77400 -0.5093299815864489
2.77500 -0.5074872515096787
2.77600 -0.5056404241645116
2.77700 -0.5037895022727423
2.77800 -0.5019344885870992
2.77900 -0.5000753858912992
2.78000 -0.4982121970001017
2.78100 -0.49634492475935815
2.78200 -0.4944735720460676
2.78300 -0.4925981417684265
2.78400 -0.4907186368658871
2.78500 -0.48883506030920143
2.78600 -0.4869474151004812
2.78700 -0.48505570427324257
2.78800 -0.48315993089246767
2.78900 -0.48126009805464637
2.79000 -0.47935620888783553
2.79100 -0.47744826655170586
2.79200 -0.4755362742375983
2.79300 -0.47362023516857077
2.79400 -0.4717001525994516
2.79500 -0.4697760298168899
2.79600 -0.4678478701394098
2.79700 -0.46591567691745717
2.79800 -0.46397945353345177
2.79900 -0.4620392034018379
2.80000 -0.46009492996913853
2.80100 -0.45814663671399947
2.80200 -0.45619432714724445
2.80300 -0.454238004811922
2.80400 -0.45227767328335977
2.80500 -0.4503133361692112
2.80600 -0.44834499710950404
2.80700 -0.44637265977669355
2.80800 -0.4443963278757115
2.80900 -0.44241600514401336
2.81000 -0.4404316953516292
2.81100 -0.4384434023012102
2.81200 -0.4364511298280847
2.81300 -0.43445488180029823
2.81400 -0.4324546621186671
2.81500 -0.4304504747168272
2.81600 -0.4284423235612786
2.81700 -0.4264302126514414
2.81800 -0.42441414601969496
2.81900 -0.42239412773143137
2.82000 -0.4203701618851018
2.82100 -0.4183422526122656
2.82200 -0.41631040407763586
2.82300 -0.4142746204791275
2.82400 -0.41223490604790464
2.82500 -0.4101912650484293
2.82600 -0.4081437017785063
2.82700 -0.4060922205693302
2.82800 -0.40403682578553246
2.82900 -0.40197752182523067
2.83000 -0.39991431312007
2.83100 -0.3978472041352735
2.83200 -0.3957761993696838
2.83300 -0.3937013033558162
2.83400 -0.3916225206598976
2.83500 -0.38953985588191453
2.83600 -0.3874533136556584
2.83700 -0.38536289864877366
2.83800 -0.38326861556279945
2.83900 -0.3811704691332141
2.84000 -0.3790684641294826
2.84100 -0.37696260535510184
2.84200 -0.37485289764764135
2.84300 -0.37273934587879065
2.84400 -0.3706219549544027
2.84500 -0.36850072981453763
2.84600 -0.36637567543350796
2.84700 -0.3642467968199198
2.84800 -0.3621140990167179
2.84900 -0.35997758710123096
2.85000 -0.35783726618520967
2.85100 -0.3556931414148762
2.85200 -0.35354521797095895
2.85300 -0.35139350106874706
2.85400 -0.34923799595812005
2.85500 -0.3470787079235984
2.85600 -0.34491564228438076
2.85700 -0.3427488043943932
2.85800 -0.34057819964232317
2.85900 -0.3384038334516645
2.86000 -0.33622571128075773
2.86100 -0.33404383862283754
2.86200 -0.3318582210060615
2.86300 -0.32966886399356254
2.86400 -0.3274757731834845
2.86500 -0.3252789542090233
2.86600 -0.3230784127384683
2.86700 -0.32087415447524187
2.86800 -0.3186661851579352
2.86900 -0.31645451056035945
2.87000 -0.31423913649157287
2.87100 -0.3120200687959274
2.87200 -0.3097973133531046
2.87300 -0.3075708760781593
2.87400 -0.30534076292155266
2.87500 -0.303106979869194
2.87600 -0.3008695329424806
2.87700 -0.29862842819833274
2.87800 -0.2963836717292346
2.87900 -0.2941352696632699
2.88000 -0.29188322816416107
2.88100 -0.28962755343130747
2.88200 -0.2873682516998218
2.88300 -0.2851053292405642
2.88400 -0.28283879236018566
2.88500 -0.2805686474011605
2.88600 -0.27829490074182334
2.88700 -0.2760175587964046
2.88800 -0.2737366280150697
2.88900 -0.27145211488395327
2.89000 -0.2691640259251919
2.89100 -0.26687236769696665
2.89200 -0.26457714679352995
2.89300 -0.2622783698452494
2.89400 -0.25997604351863585
2.89500 -0.25767017451637864
2.89600 -0.25536076957738413
2.89700 -0.25304783547681003
2.89800 -0.2507313790260941
2.89900 -0.24841140707299075
2.90000 -0.2460879265016063
2.90100 -0.2437609442324326
2.90200 -0.2414304672223763
2.90300 -0.23909650246479525
2.90400 -0.2367590569895305
2.90500 -0.2344181378629387
2.90600 -0.23207375218792484
2.90700 -0.22972590710397361
2.90800 -0.22737460978717958
2.90900 -0.2250198674502854
2.91000 -0.22266168734270597
2.91100 -0.22030007675056237
2.91200 -0.21793504299671249
2.91300 -0.2155665934407854
2.91400 -0.21319473547920684
2.91500 -0.2108194765452297
2.91600 -0.20844082410896728
2.91700 -0.20605878567742406
2.91800 -0.20367336879452078
2.91900 -0.20128458104112593
2.92000 -0.19889243003508467
2.92100 -0.19649692343125133
2.92200 -0.19409806892151185
2.92300 -0.19169587423481702
2.92400 -0.1892903471372075
2.92500 -0.18688149543184493
2.92600 -0.18446932695903828
2.92700 -0.18205384959627066
2.92800 -0.17963507125822556
2.92900 -0.17721299989681932
2.93000 -0.1747876435012209
2.93100 -0.17235901009788274
2.93200 -0.16992710775056544
2.93300 -0.1674919445603667
2.93400 -0.16505352866574127
2.93500 -0.16261186824253365
2.93600 -0.160166971503996
2.93700 -0.15771884670082115
2.93800 -0.1552675021211599
2.93900 -0.15281294609065213
2.94000 -0.15035518697244382
2.94100 -0.14789423316722122
2.94200 -0.14543009311322405
2.94300 -0.14296277528627546
2.94400 -0.14049228819980364
2.94500 -0.13801864040486403
2.94600 -0.13554184049016688
2.94700 -0.13306189708209093
2.94800 -0.13057881884471426
2.94900 -0.12809261447983045
2.95000 -0.12560329272697507
2.95100 -0.1231108623634436
2.95200 -0.12061533220431353
2.95300 -0.11811671110246512
2.95400 -0.1156150079486065
2.95500 -0.11311023167128555
2.95600 -0.11060239123691816
2.95700 -0.10809149564980206
2.95800 -0.10557755395214327
2.95900 -0.10306057522406868
2.96000 -0.10054056858364807
2.96100 -0.09801754318691179
2.96200 -0.09549150822787532
2.96300 -0.09296247293854776
2.96400 -0.09043044658895703
2.96500 -0.08789543848716308
2.96600 -0.0853574579792816
2.96700 -0.08281651444949448
2.96800 -0.08027261732006896
2.96900 -0.07772577605137547
2.97000 -0.07517600014190656
2.97100 -0.07262329912828547
2.97200 -0.07006768258528845
2.97300 -0.06750916012585538
2.97400 -0.06494774140111255
2.97500 -0.06238343610037955
2.97600 -0.059816253951187774
2.97700 -0.05724620471929191
2.97800 -0.05467329820869135
2.97900 -0.05209754426163563
2.98000 -0.04951895275864133
2.98100 -0.046937533618504675
2.98200 -0.04435329679831898
2.98300 -0.04176625229347839
2.98400 -0.03917641013769913
2.98500 -0.03658378040302322
2.98600 -0.03398837319984025
2.98700 -0.031390198676889414
2.98800 -0.028789267021276235
2.98900 -0.026185588458479552
2.99000 -0.023579173252368208
2.99100 -0.020970031705204124
2.99200 -0.01835817415765729
2.99300 -0.01574361098881095
2.99400 -0.01312635261617937
2.99500 -0.010506409495706876
2.99600 -0.00788379212178109
2.99700 -0.005258511027242494
2.99800 -0.0026305767833931636
2.99900 -1.5389365549774318e-16