0.00000 -1.4621636146792676e-06
0.00100 -1.16973088818021e-05
0.00200 -3.94784169549635e-05
0.00300 -9.357846649351568e-05
0.00400 -0.00018277042867408298
0.00500 -0.00031582725771244174
0.00600 -0.0005015218753992261
0.00700 -0.0007486271481529267
0.00800 -0.0010659158550936716
0.00900 -0.0014621606456412925
0.01000 -0.001946133985141247
0.01100 -0.0025266080870220003
0.01200 -0.003212354829987583
0.01300 -0.004012145658749155
0.01400 -0.004934751466799575
0.01500 -0.005988942459735176
0.01600 -0.007183487997629209
0.01700 -0.008527156414961783
0.01800 -0.010028714816611514
0.01900 -0.011696928848414572
0.02000 -0.013540562440797453
0.02100 -0.015568377523990502
0.02200 -0.017789133713330033
0.02300 -0.02021158796315778
0.02400 -0.022844494187827722
0.02500 -0.02569660284833147
0.02600 -0.028776660503054836
0.02700 -0.03209340932118002
0.02800 -0.0356555865572496
0.02900 -0.0394719239854107
0.03000 -0.0435511472918602
0.03100 -0.047901975424014004
0.03200 -0.05253311989492726
0.03300 -0.057453284041494496
0.03400 -0.06267116223496332
0.03500 -0.06819543904229848
0.03600 -0.07403478833693793
0.03700 -0.08019787235748704
0.03800 -0.08669334071290195
0.03900 -0.09352982933271968
0.04000 -0.1007159593608973
0.04100 -0.10826033599183035
0.04200 -0.11617154724712699
0.04300 -0.12445816269172229
0.04400 -0.13312873208792575
0.04500 -0.14219178398600305
0.04600 -0.1516558242499039
0.04700 -0.16152933451675683
0.04800 -0.1718207705887635
0.04900 -0.18253856075613661
0.05000 -0.19369110404973722
0.05100 -0.20528676842208218
0.05200 -0.21733388885540403
0.05300 -0.22984076539546403
0.05400 -0.24281566110983
0.05500 -0.2562667999693535
0.05600 -0.2702023646515924
0.05700 -0.2846304942649506
0.05800 -0.2995592819923168
0.05900 -0.3149967726530176
0.06000 -0.3309509601819105
0.06100 -0.34742978502447297
0.06200 -0.3644411314467658
0.06300 -0.38199282475917357
0.06400 -0.4000926284528539
0.06500 -0.4187482412478541
0.06600 -0.43796729405188434
0.06700 -0.4577573468287659
0.06800 -0.4781258853756069
0.06900 -0.49908031800779235
0.07000 -0.5206279721509071
0.07100 -0.5427760908387529
0.07200 -0.5655318291166544
0.07300 -0.5889022503492914
0.07400 -0.6128943224323355
0.07500 -0.6375149139072148
0.07600 -0.6627707899783721
0.07700 -0.6886686084324354
0.07800 -0.7152149154587587
0.07900 -0.7424161413708527
0.08000 -0.7702785962282697
0.08100 -0.7988084653585674
0.08200 -0.8280118047790278
0.08300 -0.8578945365178703
0.08400 -0.8884624438347594
0.08500 -0.9197211663404633
0.08600 -0.9516761950155971
0.08700 -0.9843328671284379
0.08800 -1.017696361051884
0.08900 -1.0517716909796804
0.09000 -1.0865637015421357
0.09100 -1.1220770623216074
0.09200 -1.1583162622681242
0.09300 -1.195285604015586
0.09400 -1.2329891980990817
0.09500 -1.2714309570739364
0.09600 -1.3106145895371886
0.09700 -1.3505435940523023
0.09800 -1.3912212529779988
0.09900 -1.4326506262021992
0.10000 -1.4748345447821563
0.10100 -1.5177756044919744
0.10200 -1.5614761592787971
0.10300 -1.605938314629072
0.10400 -1.6511639208463909
0.10500 -1.6971545662425416
0.10600 -1.7439115702434844
0.10700 -1.791435976412134
0.10800 -1.8397285453898984
0.10900 -1.8887897477590905
0.11000 -1.93861975682842
0.11100 -1.9892184413439362
0.11200 -2.04058535812789
0.11300 -2.0927197446481483
0.11400 -2.1456205115209053
0.11500 -2.199286234949591
0.11600 -2.2537151491030265
0.11700 -2.3089051384359864
0.11800 -2.3648537299555277
0.11900 -2.4215580854365446
0.12000 -2.4790149935902046
0.12100 -2.537220862189045
0.12200 -2.5961717101526824
0.12300 -2.6558631595982614
0.12400 -2.7162904278598927
0.12500 -2.77744831948155
0.12600 -2.8393312181880117
0.12700 -2.9019330788386504
0.12800 -2.9652474193690055
0.12900 -3.0292673127252816
0.13000 -3.093985378797077
0.13100 -3.159393776353825
0.13200 -3.225484194990628
0.13300 -3.292247847089318
0.13400 -3.359675459800807
0.13500 -3.427757267054931
0.13600 -3.4964830016042114
0.13700 -3.5658418871081405
0.13800 -3.6358226302647867
0.13900 -3.706413412996702
0.14000 -3.7776018846983344
0.14100 -3.849375154552302
0.14200 -3.921719783922126
0.14300 -3.994621778829187
0.14400 -4.068066582521878
0.14500 -4.142039068145129
0.14600 -4.216523531518661
0.14700 -4.2915036840325484
0.14800 -4.3669626456688695
0.14900 -4.442882938158366
0.15000 -4.519246478281335
0.15100 -4.596034571322074
0.15200 -4.673227904686447
0.15300 -4.750806541692345
0.15400 -4.828749915542959
0.15500 -4.907036823493049
0.15600 -4.985645421218499
0.15700 -5.0645532173997285
0.15800 -5.143737068529635
0.15900 -5.223173173956991
0.16000 -5.302837071176356
0.16100 -5.382703631375792
0.16200 -5.462747055253776
0.16300 -5.542940869116968
0.16400 -5.623257921270561
0.16500 -5.703670378713208
0.16600 -5.7841497241485795
0.16700 -5.8646667533258485
0.16800 -5.9451915727214875
0.16900 -6.025693597574951
0.17000 -6.106141550290909
0.17100 -6.186503459220897
0.17200 -6.266746657837288
0.17300 -6.3468377843127195
0.17400 -6.42674278151808
0.17500 -6.506426897452439
0.17600 -6.585854686118234
0.17700 -6.664990008855201
0.17800 -6.7437960361466684
0.17900 -6.822235249911728
0.18000 -6.900269446297087
0.18100 -6.9778597389822465
0.18200 -7.054966563011847
0.18300 -7.131549679168934
0.18400 -7.207568178903026
0.18500 -7.2829804898267625
0.18600 -7.357744381795004
0.18700 -7.43181697358015
0.18800 -7.505154740157479
0.18900 -7.577713520614222
0.19000 -7.649448526696059
0.19100 -7.720314352004596
0.19200 -7.7902649818593845
0.19300 -7.8592538038378255
0.19400 -7.927233619006288
0.19500 -7.994156653855547
0.19600 -8.059974572953559
0.19700 -8.124638492328382
0.19800 -8.18809899359385
0.19900 -8.250306138830465
0.20000 -8.311209486233649
0.20100 -8.370758106541343
0.20200 -8.428900600252616
0.20300 -8.485585115648684
0.20400 -8.540759367627416
0.20500 -8.594370657362113
0.20600 -8.64636589279494
0.20700 -8.696691609975062
0.20800 -8.745293995251142
0.20900 -8.7921189083274
0.21000 -8.83711190619202
0.21100 -8.880218267926265
0.21200 -8.92138302040208
0.21300 -8.960550964875523
0.21400 -8.997666704482802
0.21500 -9.032674672645129
0.21600 -9.065519162388034
0.21700 -9.096144356580105
0.21800 -9.12449435909555
0.21900 -9.15051322690429
0.22000 -9.174145003092544
0.22100 -9.195333750816229
0.22200 -9.214023588188638
0.22300 -9.230158724103232
0.22400 -9.243683494991382
0.22500 -9.254542402514272
0.22600 -9.262680152187103
0.22700 -9.268041692933053
0.22800 -9.27057225756331
0.22900 -9.270217404178776
0.23000 -9.266923058487844
0.23100 -9.260635557033826
0.23200 -9.251301691324436
0.23300 -9.238868752854776
0.23400 -9.223284579014086
0.23500 -9.20449759986551
0.23600 -9.182456885786843
0.23700 -9.157112195959186
0.23800 -9.128414027689136
0.23900 -9.096313666548971
0.24000 -9.06076323731794
0.24100 -9.021715755706628
0.24200 -8.97912518084491
0.24300 -8.93294646851275
0.24400 -8.883135625091715
0.24500 -8.829649762213707
0.24600 -8.772447152082004
0.24700 -8.71148728343818
0.24800 -8.646730918147172
0.24900 -8.57814014837119
0.25000 -8.505678454301616
0.25100 -8.429310762416643
0.25200 -8.349003504230769
0.25300 -8.264724675500757
0.25400 -8.176443895851056
0.25500 -8.084132468780114
0.25600 -7.987763442007424
0.25700 -7.887311668119446
0.25800 -7.782753865471093
0.25900 -7.674068679297543
0.26000 -7.561236742989831
0.26100 -7.444240739485692
0.26200 -7.323065462725762
0.26300 -7.197697879123252
0.26400 -7.068127188993894
0.26500 -6.934344887890962
0.26600 -6.796344827788734
0.26700 -6.654123278055932
0.26800 -6.507678986159187
0.26900 -6.357013238034681
0.27000 -6.202129918064739
0.27100 -6.043035568594309
0.27200 -5.879739448920738
0.27300 -5.712253593688618
0.27400 -5.5405928706199346
0.27500 -5.364775037508112
0.27600 -5.18482079840309
0.27700 -5.000753858912988
0.27800 -4.812600980546455
0.27900 -4.620392034018375
0.28000 -4.424160051440129
0.28100 -4.223941277314306
0.28200 -4.019775218252297
0.28300 -3.8117046913321264
0.28400 -3.599775871012299
0.28500 -3.3840383345166316
0.28600 -3.164545105603585
0.28700 -2.9413526966326904
0.28800 -2.7145211488395327
0.28900 -2.484114070729908
0.29000 -2.250198674502859
0.29100 -2.0128458104112545
0.29200 -1.7721299989681931
0.29300 -1.5281294609065217
0.29400 -1.28092614479831
0.29500 -1.030605752240687
0.29600 -0.77725776051376
0.29700 -0.5209754426163564
0.29800 -0.2618558845848011
0.29900 -1.538936554977432e-15