0.00000 0.01759748072787205
0.00100 0.0351949614557441
0.00200 0.03406600572787205
0.00300 0.03293705
0.00400 0.0318081
0.00500 0.03067915
0.00600 0.026782775
0.00700 0.0228864
0.00800 0.014653625
0.00900 0.006420849999999999
0.01000 -0.0021766499999999996
0.01100 -0.01077415
0.01200 -0.020080475
0.01300 -0.0293868
0.01400 -0.039156425
0.01500 -0.04892605
0.01600 -0.058554274999999996
0.01700 -0.0681825
0.01800 -0.077231
0.01900 -0.0862795
0.02000 -0.09517924999999999
0.02100 -0.104079
0.02200 -0.113373
0.02300 -0.122667
0.02400 -0.13259425
0.02500 -0.1425215
0.02600 -0.15244575
0.02700 -0.16237
0.02800 -0.17153
0.02900 -0.18069
0.03000 -0.18933824999999999
0.03100 -0.1979865
0.03200 -0.20677175
0.03300 -0.215557
0.03400 -0.2249175
0.03500 -0.234278
0.03600 -0.24378975
0.03700 -0.2533015
0.03800 -0.26231175
0.03900 -0.271322
0.04000 -0.279508
0.04100 -0.287694
0.04200 -0.29583000000000004
0.04300 -0.303966
0.04400 -0.3123365
0.04500 -0.320707
0.04600 -0.32923800000000003
0.04700 -0.337769
0.04800 -0.34608174999999997
0.04900 -0.3543945
0.05000 -0.36176600000000003
0.05100 -0.3691375
0.05200 -0.376255
0.05300 -0.3833725
0.05400 -0.3905055
0.05500 -0.3976385
0.05600 -0.40479750000000003
0.05700 -0.4119565
0.05800 -0.41907725
0.05900 -0.426198
0.06000 -0.43265200000000004
0.06100 -0.439106
0.06200 -0.44509275000000004
0.06300 -0.4510795
0.06400 -0.457043
0.06500 -0.4630065
0.06600 -0.46886925
0.06700 -0.474732
0.06800 -0.48056699999999997
0.06900 -0.486402
0.07000 -0.49201925
0.07100 -0.4976365
0.07200 -0.50287825
0.07300 -0.50812
0.07400 -0.5133125000000001
0.07500 -0.518505
0.07600 -0.52339
0.07700 -0.528275
0.07800 -0.5329375000000001
0.07900 -0.5376
0.08000 -0.5422925000000001
0.08100 -0.546985
0.08200 -0.5518225000000001
0.08300 -0.55666
0.08400 -0.561535
0.08500 -0.56641
0.08600 -0.571125
0.08700 -0.57584
0.08800 -0.5802674999999999
0.08900 -0.584695
0.09000 -0.589135
0.09100 -0.593575
0.09200 -0.5986674999999999
0.09300 -0.60376
0.09400 -0.6093275
0.09500 -0.614895
0.09600 -0.62056
0.09700 -0.626225
0.09800 -0.6323225
0.09900 -0.63842
0.10000 -0.6446449999999999
0.10100 -0.65087
0.10200 -0.6576
0.10300 -0.66433
0.10400 -0.67197
0.10500 -0.67961
0.10600 -0.687335
0.10700 -0.69506
0.10800 -0.7027825000000001
0.10900 -0.710505
0.11000 -0.7182225
0.11100 -0.72594
0.11200 -0.7338675
0.11300 -0.741795
0.11400 -0.75072
0.11500 -0.759645
0.11600 -0.7688625
0.11700 -0.77808
0.11800 -0.7870775
0.11900 -0.796075
0.12000 -0.804655
0.12100 -0.813235
0.12200 -0.821815
0.12300 -0.830395
0.12400 -0.83971
0.12500 -0.849025
0.12600 -0.8589074999999999
0.12700 -0.86879
0.12800 -0.878535
0.12900 -0.88828
0.13000 -0.8973325
0.13100 -0.906385
0.13200 -0.9152275
0.13300 -0.92407
0.13400 -0.9334374999999999
0.13500 -0.942805
0.13600 -0.953165
0.13700 -0.963525
0.13800 -0.9739599999999999
0.13900 -0.984395
0.14000 -0.994235
0.14100 -1.004075
0.14200 -1.0134500000000002
0.14300 -1.022825
0.14400 -1.0327725
0.14500 -1.04272
0.14600 -1.0555575
0.14700 -1.068395
0.14800 -1.0821375
0.14900 -1.09588
0.15000 -1.1097899999999998
0.15100 -1.1237
0.15200 -1.1379424999999999
0.15300 -1.152185
0.15400 -1.16649
0.15500 -1.180795
0.15600 -1.19569
0.15700 -1.210585
0.15800 -1.2259575
0.15900 -1.24133
0.16000 -1.256985
0.16100 -1.27264
0.16200 -1.2897325
0.16300 -1.306825
0.16400 -1.3243800000000001
0.16500 -1.341935
0.16600 -1.3592625
0.16700 -1.37659
0.16800 -1.393475
0.16900 -1.41036
0.17000 -1.4272550000000002
0.17100 -1.44415
0.17200 -1.4624625
0.17300 -1.480775
0.17400 -1.5002475
0.17500 -1.51972
0.17600 -1.5390125000000001
0.17700 -1.558305
0.17800 -1.5765875
0.17900 -1.59487
0.18000 -1.612825
0.18100 -1.63078
0.18200 -1.6495175
0.18300 -1.668255
0.18400 -1.688585
0.18500 -1.708915
0.18600 -1.729375
0.18700 -1.749835
0.18800 -1.7691275
0.18900 -1.78842
0.19000 -1.806735
0.19100 -1.82505
0.19200 -1.8437175
0.19300 -1.862385
0.19400 -1.8830125
0.19500 -1.90364
0.19600 -1.9249275
0.19700 -1.946215
0.19800 -1.9668649999999999
0.19900 -1.987515
0.20000 -2.0068475
0.20100 -2.02618
0.20200 -2.0454075
0.20300 -2.064635
0.20400 -2.0851224999999998
0.20500 -2.10561
0.20600 -2.1271775
0.20700 -2.148745
0.20800 -2.1700225
0.20900 -2.1913
0.21000 -2.210885
0.21100 -2.23047
0.21200 -2.2494725
0.21300 -2.268475
0.21400 -2.2879725
0.21500 -2.30747
0.21600 -2.3280125
0.21700 -2.348555
0.21800 -2.369185
0.21900 -2.389815
0.22000 -2.4094125
0.22100 -2.42901
0.22200 -2.4477
0.22300 -2.46639
0.22400 -2.484985
0.22500 -2.50358
0.22600 -2.52168
0.22700 -2.53978
0.22800 -2.5577025
0.22900 -2.575625
0.23000 -2.5935275
0.23100 -2.61143
0.23200 -2.62928
0.23300 -2.64713
0.23400 -2.6648975000000004
0.23500 -2.682665
0.23600 -2.69802
0.23700 -2.713375
0.23800 -2.726575
0.23900 -2.739775
0.24000 -2.753065
0.24100 -2.766355
0.24200 -2.7803475
0.24300 -2.79434
0.24400 -2.808585
0.24500 -2.82283
0.24600 -2.836135
0.24700 -2.84944
0.24800 -2.86066
0.24900 -2.87188
0.25000 -2.882845
0.25100 -2.89381
0.25200 -2.9050275
0.25300 -2.916245
0.25400 -2.927695
0.25500 -2.939145
0.25600 -2.95031
0.25700 -2.961475
0.25800 -2.9708875
0.25900 -2.9803
0.26000 -2.989065
0.26100 -2.99783
0.26200 -3.0065524999999997
0.26300 -3.015275
0.26400 -3.0238924999999997
0.26500 -3.03251
0.26600 -3.041085
0.26700 -3.04966
0.26800 -3.0571349999999997
0.26900 -3.06461
0.27000 -3.0710625
0.27100 -3.077515
0.27200 -3.0838275
0.27300 -3.09014
0.27400 -3.0956725
0.27500 -3.101205
0.27600 -3.106445
0.27700 -3.111685
0.27800 -3.1164475
0.27900 -3.12121
0.28000 -3.12486
0.28100 -3.12851
0.28200 -3.1319774999999996
0.28300 -3.135445
0.28400 -3.1374674999999996
0.28500 -3.13949
0.28600 -3.1401424999999996
0.28700 -3.140795
0.28800 -3.1413075
0.28900 -3.14182
0.29000 -3.1415875
0.29100 -3.141355
0.29200 -3.1408375
0.29300 -3.14032
0.29400 -3.138555
0.29500 -3.13679
0.29600 -3.1320425
0.29700 -3.127295
0.29800 -3.1221225
0.29900 -3.11695
0.30000 -3.1113
0.30100 -3.10565
0.30200 -3.0995324999999996
0.30300 -3.093415
0.30400 -3.0869875
0.30500 -3.08056
0.30600 -3.0721075
0.30700 -3.063655
0.30800 -3.0544000000000002
0.30900 -3.045145
0.31000 -3.0354525
0.31100 -3.02576
0.31200 -3.0149999999999997
0.31300 -3.00424
0.31400 -2.9933125
0.31500 -2.982385
0.31600 -2.9709325
0.31700 -2.95948
0.31800 -2.947505
0.31900 -2.93553
0.32000 -2.923305
0.32100 -2.91108
0.32200 -2.8972225
0.32300 -2.883365
0.32400 -2.8688475
0.32500 -2.85433
0.32600 -2.839785
0.32700 -2.82524
0.32800 -2.81062
0.32900 -2.796
0.33000 -2.78134
0.33100 -2.76668
0.33200 -2.7504375000000003
0.33300 -2.734195
0.33400 -2.716345
0.33500 -2.698495
0.33600 -2.68066
0.33700 -2.662825
0.33800 -2.645345
0.33900 -2.627865
0.34000 -2.610535
0.34100 -2.593205
0.34200 -2.574635
0.34300 -2.556065
0.34400 -2.5343225
0.34500 -2.51258
0.34600 -2.4903625
0.34700 -2.468145
0.34800 -2.4462675
0.34900 -2.42439
0.35000 -2.40287
0.35100 -2.38135
0.35200 -2.3594125
0.35300 -2.337475
0.35400 -2.3124374999999997
0.35500 -2.2874
0.35600 -2.2610475
0.35700 -2.234695
0.35800 -2.208885
0.35900 -2.183075
0.36000 -2.1586925
0.36100 -2.13431
0.36200 -2.1101150000000004
0.36300 -2.08592
0.36400 -2.05962
0.36500 -2.03332
0.36600 -2.0047825
0.36700 -1.976245
0.36800 -1.9478650000000002
0.36900 -1.919485
0.37000 -1.892725
0.37100 -1.865965
0.37200 -1.8399100000000002
0.37300 -1.813855
0.37400 -1.787115
0.37500 -1.760375
0.37600 -1.731795
0.37700 -1.703215
0.37800 -1.67434
0.37900 -1.645465
0.38000 -1.61638
0.38100 -1.587295
0.38200 -1.55799
0.38300 -1.528685
0.38400 -1.4997
0.38500 -1.470715
0.38600 -1.4442724999999998
0.38700 -1.41783
0.38800 -1.39252
0.38900 -1.36721
0.39000 -1.3410275
0.39100 -1.314845
0.39200 -1.28628
0.39300 -1.257715
0.39400 -1.22877
0.39500 -1.199825
0.39600 -1.17207
0.39700 -1.144315
0.39800 -1.1178825
0.39900 -1.09145
0.40000 -1.06479
0.40100 -1.03813
0.40200 -1.0092875000000001
0.40300 -0.980445
0.40400 -0.950615
0.40500 -0.920785
0.40600 -0.8917824999999999
0.40700 -0.86278
0.40800 -0.8361025
0.40900 -0.809425
0.41000 -0.78313
0.41100 -0.756835
0.41200 -0.7292675
0.41300 -0.7017
0.41400 -0.6726975
0.41500 -0.643695
0.41600 -0.61495
0.41700 -0.586205
0.41800 -0.5600125
0.41900 -0.53382
0.42000 -0.50881675
0.42100 -0.4838135
0.42200 -0.458468
0.42300 -0.4331225
0.42400 -0.406793
0.42500 -0.3804635
0.42600 -0.35398050000000003
0.42700 -0.3274975
0.42800 -0.30289575
0.42900 -0.278294
0.43000 -0.25586725
0.43100 -0.2334405
0.43200 -0.211086
0.43300 -0.1887315
0.43400 -0.166327
0.43500 -0.1439225
0.43600 -0.12149425
0.43700 -0.099066
0.43800 -0.07744575000000001
0.43900 -0.0558255
0.44000 -0.036588325
0.44100 -0.017351149999999996
0.44200 0.001467775000000001
0.44300 0.0202867
0.44400 0.040401599999999996
0.44500 0.0605165
0.44600 0.0821625
0.44700 0.1038085
0.44800 0.12544375
0.44900 0.147079
0.45000 0.16809675
0.45100 0.1891145
0.45200 0.20983125
0.45300 0.230548
0.45400 0.251239
0.45500 0.27193
0.45600 0.29254250000000004
0.45700 0.313155
0.45800 0.33375775
0.45900 0.3543605
0.46000 0.37555175
0.46100 0.396743
0.46200 0.4186455
0.46300 0.440548
0.46400 0.46226575000000003
0.46500 0.4839835
0.46600 0.5037342499999999
0.46700 0.523485
0.46800 0.5422549999999999
0.46900 0.561025
0.47000 0.580185
0.47100 0.599345
0.47200 0.61972
0.47300 0.640095
0.47400 0.66069
0.47500 0.681285
0.47600 0.70025
0.47700 0.719215
0.47800 0.7361725
0.47900 0.75313
0.48000 0.7700525
0.48100 0.786975
0.48200 0.8043750000000001
0.48300 0.821775
0.48400 0.8394225
0.48500 0.85707
0.48600 0.8739125
0.48700 0.890755
0.48800 0.905045
0.48900 0.919335
0.49000 0.9331275
0.49100 0.94692
0.49200 0.961175
0.49300 0.97543
0.49400 0.9902675
0.49500 1.005105
0.49600 1.019825
0.49700 1.034545
0.49800 1.0478425
0.49900 1.06114
0.50000 1.0736925
0.50100 1.086245
0.50200 1.0991274999999998
0.50300 1.11201
0.50400 1.125975
0.50500 1.13994
0.50600 1.1541175
0.50700 1.168295
0.50800 1.1817625
0.50900 1.19523
0.51000 1.2077875
0.51100 1.220345
0.51200 1.2329625
0.51300 1.24558
0.51400 1.2592824999999999
0.51500 1.272985
0.51600 1.287265
0.51700 1.301545
0.51800 1.3154975
0.51900 1.32945
0.52000 1.34232
0.52100 1.35519
0.52200 1.36782
0.52300 1.38045
0.52400 1.388485
0.52500 1.39652
0.52600 1.3984999999999999
0.52700 1.40048
0.52800 1.40215
0.52900 1.40382
