0.00000 -0.00288411776319208
0.00100 -0.00576823552638416
0.00200 -0.00865235328957624
0.00300 -0.01153647105276832
0.00400 -0.0144205888159604
0.00500 -0.01364744705276832
0.00600 -0.01287430528957624
0.00700 -0.01210116352638416
0.00800 -0.01132802176319208
0.00900 -0.010554879999999999
0.01000 -0.00978174
0.01100 -0.0090086
0.01200 -0.00823546
0.01300 -0.00746232
0.01400 -0.00668918
0.01500 -0.0040208399999999995
0.01600 -0.0013524999999999995
0.01700 0.0013158400000000015
0.01800 0.003984180000000001
0.01900 0.00665252
0.02000 0.012290536000000001
0.02100 0.017928552
0.02200 0.023566568
0.02300 0.029204584
0.02400 0.0348426
0.02500 0.04072816
0.02600 0.046613720000000004
0.02700 0.05249928
0.02800 0.05838484000000001
0.02900 0.0642704
0.03000 0.07060868000000001
0.03100 0.07694696000000001
0.03200 0.08328524000000001
0.03300 0.08962352
0.03400 0.0959618
0.03500 0.10259608
0.03600 0.10923036
0.03700 0.11586463999999999
0.03800 0.12249892
0.03900 0.1291332
0.04000 0.13564504
0.04100 0.14215687999999999
0.04200 0.14866872
0.04300 0.15518056
0.04400 0.16169240000000001
0.04500 0.16770288
0.04600 0.17371335999999998
0.04700 0.17972384
0.04800 0.18573432
0.04900 0.1917448
0.05000 0.19762664000000002
0.05100 0.20350848
0.05200 0.20939031999999996
0.05300 0.21527216
0.05400 0.221154
0.05500 0.2272796
0.05600 0.23340519999999998
0.05700 0.2395308
0.05800 0.24565639999999997
0.05900 0.251782
0.06000 0.25829840000000004
0.06100 0.2648148
0.06200 0.2713312
0.06300 0.2778476
0.06400 0.284364
0.06500 0.290874
0.06600 0.297384
0.06700 0.303894
0.06800 0.310404
0.06900 0.31691400000000003
0.07000 0.3228784
0.07100 0.3288428
0.07200 0.3348072
0.07300 0.3407716
0.07400 0.34673600000000004
0.07500 0.3523352
0.07600 0.35793440000000004
0.07700 0.3635336
0.07800 0.36913280000000004
0.07900 0.374732
0.08000 0.380406
0.08100 0.38608000000000003
0.08200 0.391754
0.08300 0.397428
0.08400 0.40310199999999996
0.08500 0.4090908
0.08600 0.4150796
0.08700 0.42106840000000006
0.08800 0.4270572
0.08900 0.43304600000000004
0.09000 0.43911760000000005
0.09100 0.4451892
0.09200 0.4512608
0.09300 0.4573324
0.09400 0.463404
0.09500 0.46912319999999996
0.09600 0.4748424
0.09700 0.4805616
0.09800 0.4862808
0.09900 0.492
0.10000 0.49714
0.10100 0.5022800000000001
0.10200 0.50742
0.10300 0.5125599999999999
0.10400 0.5176999999999999
0.10500 0.5227888
0.10600 0.5278776
0.10700 0.5329664000000001
0.10800 0.5380552
0.10900 0.5431440000000001
0.11000 0.5481492
0.11100 0.5531544
0.11200 0.5581596
0.11300 0.5631648
0.11400 0.5681700000000001
0.11500 0.573118
0.11600 0.578066
0.11700 0.583014
0.11800 0.587962
0.11900 0.59291
0.12000 0.5976892
0.12100 0.6024684
0.12200 0.6072476
0.12300 0.6120268
0.12400 0.616806
0.12500 0.6208564
0.12600 0.6249068
0.12700 0.6289572
0.12800 0.6330076
0.12900 0.637058
0.13000 0.640912
0.13100 0.644766
0.13200 0.64862
0.13300 0.652474
0.13400 0.656328
0.13500 0.6599896000000001
0.13600 0.6636512
0.13700 0.6673128
0.13800 0.6709744
0.13900 0.674636
0.14000 0.6779748
0.14100 0.6813136
0.14200 0.6846523999999999
0.14300 0.6879912
0.14400 0.69133
0.14500 0.6946152
0.14600 0.6979004
0.14700 0.7011856
0.14800 0.7044708
0.14900 0.707756
0.15000 0.7105964
0.15100 0.7134368
0.15200 0.7162772
0.15300 0.7191175999999999
0.15400 0.721958
0.15500 0.724486
0.15600 0.7270139999999999
0.15700 0.729542
0.15800 0.73207
0.15900 0.734598
0.16000 0.7370344
0.16100 0.7394708000000001
0.16200 0.7419072
0.16300 0.7443436
0.16400 0.74678
0.16500 0.7488112
0.16600 0.7508424
0.16700 0.7528736
0.16800 0.7549048
0.16900 0.7569359999999999
0.17000 0.7588552
0.17100 0.7607744000000001
0.17200 0.7626936
0.17300 0.7646128
0.17400 0.766532
0.17500 0.7683244
0.17600 0.7701168
0.17700 0.7719092000000001
0.17800 0.7737016000000001
0.17900 0.775494
0.18000 0.7770672000000001
0.18100 0.7786404
0.18200 0.7802136
0.18300 0.7817868
0.18400 0.78336
0.18500 0.7848944
0.18600 0.7864287999999999
0.18700 0.7879632
0.18800 0.7894976
0.18900 0.791032
0.19000 0.7922172
0.19100 0.7934024
0.19200 0.7945876
0.19300 0.7957728
0.19400 0.7969579999999999
0.19500 0.7978919999999999
0.19600 0.7988259999999999
0.19700 0.79976
0.19800 0.800694
0.19900 0.801628
0.20000 0.802554
0.20100 0.8034800000000001
0.20200 0.804406
0.20300 0.8053320000000002
0.20400 0.806258
0.20500 0.8071476000000001
0.20600 0.8080372
0.20700 0.8089268000000001
0.20800 0.8098164000000001
0.20900 0.810706
0.21000 0.8115848
0.21100 0.8124636000000001
0.21200 0.8133424
0.21300 0.8142212000000001
0.21400 0.8150999999999999
0.21500 0.8158695999999999
0.21600 0.8166392
0.21700 0.8174087999999999
0.21800 0.8181784000000001
0.21900 0.818948
0.22000 0.8195235999999999
0.22100 0.8200991999999999
0.22200 0.8206748000000001
0.22300 0.8212504
0.22400 0.8218260000000001
0.22500 0.8223940000000001
0.22600 0.8229620000000001
0.22700 0.8235300000000001
0.22800 0.824098
0.22900 0.824666
0.23000 0.8254056000000001
0.23100 0.8261452
0.23200 0.8268848
0.23300 0.8276244
0.23400 0.828364
0.23500 0.8292284000000001
0.23600 0.8300928000000001
0.23700 0.8309572
0.23800 0.8318215999999999
0.23900 0.832686
0.24000 0.8336112
0.24100 0.8345364
0.24200 0.8354616
0.24300 0.8363868
0.24400 0.8373120000000001
0.24500 0.8385148000000001
0.24600 0.8397176
0.24700 0.8409204000000001
0.24800 0.8421232
0.24900 0.843326
0.25000 0.8446100000000001
0.25100 0.845894
0.25200 0.8471780000000001
0.25300 0.8484619999999999
0.25400 0.849746
0.25500 0.8511976000000001
0.25600 0.8526492000000001
0.25700 0.8541008
0.25800 0.8555524
0.25900 0.8570040000000001
0.26000 0.8587592000000001
0.26100 0.8605144000000001
0.26200 0.8622696
0.26300 0.8640247999999999
0.26400 0.86578
0.26500 0.8675696
0.26600 0.8693592000000001
0.26700 0.8711488
0.26800 0.8729384
0.26900 0.874728
0.27000 0.876644
0.27100 0.87856
0.27200 0.880476
0.27300 0.8823920000000001
0.27400 0.8843080000000001
0.27500 0.8863192
0.27600 0.8883304000000001
0.27700 0.8903416
0.27800 0.8923528000000001
0.27900 0.894364
0.28000 0.8964460000000001
0.28100 0.898528
0.28200 0.90061
0.28300 0.9026919999999998
0.28400 0.904774
0.28500 0.9071919999999999
0.28600 0.90961
0.28700 0.912028
0.28800 0.9144460000000001
0.28900 0.916864
0.29000 0.919382
0.29100 0.9218999999999999
0.29200 0.924418
0.29300 0.9269359999999999
0.29400 0.929454
0.29500 0.9319404
0.29600 0.9344268
0.29700 0.9369132
0.29800 0.9393996
0.29900 0.941886
0.30000 0.9443148000000001
0.30100 0.9467436000000001
0.30200 0.9491723999999999
0.30300 0.9516012
0.30400 0.95403
0.30500 0.9564652
0.30600 0.9589004000000001
0.30700 0.9613356
0.30800 0.9637708
0.30900 0.966206
0.31000 0.9688855999999999
0.31100 0.9715652
0.31200 0.9742447999999999
0.31300 0.9769244
0.31400 0.9796039999999999
0.31500 0.9824719999999999
0.31600 0.9853399999999999
0.31700 0.988208
0.31800 0.991076
0.31900 0.9939439999999999
0.32000 0.9967756
0.32100 0.9996072
0.32200 1.0024388
0.32300 1.0052704000000001
0.32400 1.008102
0.32500 1.0107544000000002
0.32600 1.0134068
0.32700 1.0160592
0.32800 1.0187116
0.32900 1.021364
0.33000 1.023962
0.33100 1.0265600000000001
0.33200 1.029158
0.33300 1.0317560000000001
0.33400 1.034354
0.33500 1.037198
0.33600 1.0400420000000001
0.33700 1.042886
0.33800 1.04573
0.33900 1.048574
0.34000 1.0518836
0.34100 1.0551932000000002
0.34200 1.0585027999999999
0.34300 1.0618124
0.34400 1.0651220000000001
0.34500 1.0684708
0.34600 1.0718196
0.34700 1.0751684
0.34800 1.0785171999999998
0.34900 1.081866
0.35000 1.0850684
0.35100 1.0882707999999999
0.35200 1.0914732
0.35300 1.0946756
0.35400 1.0978780000000001
0.35500 1.1009652
0.35600 1.1040524
0.35700 1.1071396
0.35800 1.1102268
0.35900 1.113314
0.36000 1.1167231999999998
0.36100 1.1201324
0.36200 1.1235415999999998
0.36300 1.1269508
0.36400 1.13036
0.36500 1.1353963999999999
0.36600 1.1404328
0.36700 1.1454692
0.36800 1.1505056
0.36900 1.155542
0.37000 1.1610868
0.37100 1.1666316
0.37200 1.1721764000000001
0.37300 1.1777212000000001
0.37400 1.1832660000000002
0.37500 1.1889456
0.37600 1.1946252000000002
0.37700 1.2003048
0.37800 1.2059844
0.37900 1.211664
0.38000 1.2176056000000002
0.38100 1.2235472
0.38200 1.2294888
0.38300 1.2354303999999998
0.38400 1.241372
0.38500 1.2473672
0.38600 1.2533623999999999
0.38700 1.2593576
0.38800 1.2653528
0.38900 1.2713480000000001
0.39000 1.2779528
0.39100 1.2845576
0.39200 1.2911624
0.39300 1.2977672
0.39400 1.304372
0.39500 1.3114656
0.39600 1.3185592
0.39700 1.3256528
0.39800 1.3327464
0.39900 1.3398400000000001
0.40000 1.3470852
0.40100 1.3543304
0.40200 1.3615755999999999
0.40300 1.3688208
0.40400 1.376066
0.40500 1.3840831999999998
0.40600 1.3921004
0.40700 1.4001176
0.40800 1.4081348
0.40900 1.4161519999999999
0.41000 1.4244156000000001
0.41100 1.4326792
0.41200 1.4409428
0.41300 1.4492064
0.41400 1.45747
0.41500 1.4657728
0.41600 1.4740756
0.41700 1.4823784
0.41800 1.4906811999999998
0.41900 1.4989839999999999
0.42000 1.5073648
0.42100 1.5157456
0.42200 1.5241263999999999
0.42300 1.5325072
0.42400 1.540888
0.42500 1.5493116
0.42600 1.5577352
0.42700 1.5661588
0.42800 1.5745824
0.42900 1.583006
0.43000 1.592264
0.43100 1.601522
0.43200 1.61078
0.43300 1.6200379999999999
0.43400 1.629296
0.43500 1.6392372000000002
0.43600 1.6491783999999998
0.43700 1.6591196
0.43800 1.6690607999999998
0.43900 1.6790019999999999
0.44000 1.6889024
0.44100 1.6988028
0.44200 1.7087031999999998
0.44300 1.7186035999999998
0.44400 1.7285039999999998
0.44500 1.7381632
0.44600 1.7478224
0.44700 1.7574815999999998
0.44800 1.7671408
0.44900 1.7768000000000002
0.45000 1.78638
0.45100 1.7959600000000002
0.45200 1.80554
0.45300 1.8151199999999998
0.45400 1.8247
0.45500 1.8348128
0.45600 1.8449255999999998
0.45700 1.8550384000000002
0.45800 1.8651512000000001
0.45900 1.875264
0.46000 1.8864595999999998
0.46100 1.8976551999999998
0.46200 1.9088508000000002
0.46300 1.9200464
0.46400 1.931242
0.46500 1.94254
0.46600 1.953838
0.46700 1.965136
0.46800 1.976434
0.46900 1.987732
0.47000 1.9985976
0.47100 2.0094632
0.47200 2.0203288
0.47300 2.0311944
0.47400 2.04206
0.47500 2.052564
0.47600 2.063068
0.47700 2.073572
0.47800 2.084076
0.47900 2.0945799999999997
0.48000 2.1053439999999997
0.48100 2.1161079999999997
0.48200 2.126872
0.48300 2.137636
0.48400 2.1484
0.48500 2.160612
0.48600 2.172824
0.48700 2.185036
0.48800 2.197248
0.48900 2.20946
0.49000 2.222152
0.49100 2.234844
0.49200 2.2475359999999998
0.49300 2.260228
0.49400 2.27292
0.49500 2.285332
0.49600 2.297744
0.49700 2.310156
0.49800 2.3225679999999995
0.49900 2.33498
0.50000 2.3468
0.50100 2.3586199999999997
0.50200 2.37044
0.50300 2.3822599999999996
0.50400 2.3940799999999998
0.50500 2.405876
0.50600 2.417672
0.50700 2.429468
0.50800 2.441264
0.50900 2.45306
0.51000 2.46586
0.51100 2.47866
0.51200 2.49146
0.51300 2.50426
0.51400 2.51706
0.51500 2.530724
0.51600 2.544388
0.51700 2.558052
0.51800 2.571716
0.51900 2.58538
0.52000 2.5988800000000003
0.52100 2.61238
0.52200 2.62588
0.52300 2.63938
0.52400 2.65288
0.52500 2.665432
0.52600 2.677984
0.52700 2.6905360000000003
0.52800 2.703088
0.52900 2.71564
0.53000 2.7278640000000003
0.53100 2.740088
0.53200 2.7523120000000003
0.53300 2.764536
0.53400 2.7767600000000003
0.53500 2.789428
0.53600 2.802096
0.53700 2.814764
0.53800 2.827432
0.53900 2.8401
0.54000 2.8537
0.54100 2.8672999999999997
0.54200 2.8809
0.54300 2.8945
0.54400 2.9081
0.54500 2.9217880000000003
0.54600 2.935476
0.54700 2.949164
0.54800 2.962852
0.54900 2.97654
0.55000 2.989604
0.55100 3.002668
0.55200 3.0157320000000003
0.55300 3.0287960000000003
0.55400 3.0418600000000002
0.55500 3.05438
0.55600 3.0669
0.55700 3.07942
0.55800 3.09194
0.55900 3.10446
0.56000 3.116968
0.56100 3.129476
0.56200 3.141984
0.56300 3.1544920000000003
0.56400 3.1670000000000003
0.56500 3.179492
0.56600 3.191984
0.56700 3.2044760000000005
0.56800 3.216968
0.56900 3.2294600000000004
0.57000 3.241952
0.57100 3.2544440000000003
0.57200 3.266936
0.57300 3.2794280000000002
0.57400 3.2919199999999997
0.57500 3.3044639999999994
0.57600 3.317008
0.57700 3.3295519999999996
0.57800 3.342096
0.57900 3.35464
0.58000 3.3673
0.58100 3.3799599999999996
0.58200 3.39262
0.58300 3.40528
0.58400 3.41794
0.58500 3.43058
0.58600 3.44322
0.58700 3.45586
0.58800 3.4685
0.58900 3.48114
0.59000 3.4925759999999997
0.59100 3.5040120000000003
0.59200 3.515448
0.59300 3.5268840000000004
0.59400 3.53832
0.59500 3.5486760000000004
0.59600 3.5590320000000006
0.59700 3.569388
0.59800 3.5797440000000003
0.59900 3.5901000000000005
0.60000 3.600632
0.60100 3.611164
0.60200 3.621696
0.60300 3.632228
0.60400 3.64276
0.60500 3.6544119999999998
0.60600 3.666064
0.60700 3.6777159999999993
0.60800 3.6893679999999995
0.60900 3.7010199999999998
0.61000 3.713068
0.61100 3.725116
0.61200 3.737164
0.61300 3.749212
0.61400 3.76126
0.61500 3.773144
0.61600 3.7850279999999996
0.61700 3.7969120000000003
0.61800 3.808796
0.61900 3.8206800000000003
0.62000 3.8321960000000006
0.62100 3.843712
0.62200 3.8552280000000003
0.62300 3.8667439999999997
0.62400 3.87826
0.62500 3.8897559999999998
0.62600 3.9012520000000004
0.62700 3.9127479999999997
0.62800 3.9242440000000003
0.62900 3.93574
0.63000 3.9481960000000003
0.63100 3.9606520000000005
0.63200 3.973108
0.63300 3.985564
0.63400 3.9980200000000004
0.63500 4.011344
0.63600 4.024668
0.63700 4.037992
0.63800 4.051316
0.63900 4.06464
0.64000 4.0778680000000005
0.64100 4.091096
0.64200 4.104324
0.64300 4.117552
0.64400 4.13078
0.64500 4.143324
0.64600 4.155868
0.64700 4.168412
0.64800 4.180956
0.64900 4.1935
0.65000 4.205788
0.65100 4.218076
0.65200 4.230364
0.65300 4.242652
0.65400 4.2549399999999995
0.65500 4.267708
0.65600 4.280476
0.65700 4.293244
0.65800 4.306012000000001
0.65900 4.31878
0.66000 4.33264
0.66100 4.346500000000001
0.66200 4.36036
0.66300 4.37422
0.66400 4.38808
0.66500 4.4020600000000005
0.66600 4.416040000000001
0.66700 4.43002
0.66800 4.444
0.66900 4.45798
0.67000 4.471172
0.67100 4.484364
0.67200 4.497556
0.67300 4.510748
0.67400 4.5239400000000005
0.67500 4.5364
0.67600 4.54886
0.67700 4.56132
0.67800 4.57378
0.67900 4.58624
0.68000 4.598824
0.68100 4.611408
0.68200 4.623991999999999
0.68300 4.636576
0.68400 4.64916
0.68500 4.66258
0.68600 4.676
0.68700 4.68942
0.68800 4.70284
0.68900 4.71626
0.69000 4.729996
0.69100 4.743732
0.69200 4.757468
0.69300 4.771204
0.69400 4.784940000000001
0.69500 4.798184000000001
0.69600 4.811428
0.69700 4.8246720000000005
0.69800 4.837916
0.69900 4.85116
0.70000 4.863252
0.70100 4.875344
0.70200 4.887436
0.70300 4.899528
0.70400 4.91162
0.70500 4.923568
0.70600 4.935516
0.70700 4.947464
0.70800 4.9594119999999995
0.70900 4.97136
0.71000 4.983636
0.71100 4.995912
0.71200 5.008188
0.71300 5.020464
0.71400 5.0327399999999995
0.71500 5.045324
0.71600 5.057907999999999
0.71700 5.070492
0.71800 5.083076
0.71900 5.0956600000000005
0.72000 5.108072
0.72100 5.120483999999999
0.72200 5.132896000000001
0.72300 5.145308
0.72400 5.157719999999999
0.72500 5.168984
0.72600 5.180248
0.72700 5.191512
0.72800 5.202776
0.72900 5.21404
0.73000 5.224864
0.73100 5.235688000000001
0.73200 5.246512
0.73300 5.2573360000000005
0.73400 5.26816
0.73500 5.279348000000001
0.73600 5.290536
0.73700 5.301724
0.73800 5.312912
0.73900 5.3241
0.74000 5.3361600000000005
0.74100 5.3482199999999995
0.74200 5.36028
0.74300 5.3723399999999994
0.74400 5.3844
0.74500 5.3965760000000005
0.74600 5.408752000000001
0.74700 5.420928
0.74800 5.433104
0.74900 5.44528
0.75000 5.457228
0.75100 5.469176
0.75200 5.481123999999999
0.75300 5.493072
0.75400 5.50502
0.75500 5.516748
0.75600 5.5284759999999995
0.75700 5.540204
0.75800 5.551932
0.75900 5.5636600000000005
0.76000 5.5752880000000005
0.76100 5.586916
0.76200 5.598544
0.76300 5.610172
0.76400 5.6218
0.76500 5.632808
0.76600 5.643816
0.76700 5.654824
0.76800 5.665832
0.76900 5.67684
0.77000 5.6876
0.77100 5.698359999999999
0.77200 5.70912
0.77300 5.71988
0.77400 5.730639999999999
0.77500 5.741612
0.77600 5.752584
0.77700 5.7635559999999995
0.77800 5.774527999999999
0.77900 5.7855
0.78000 5.796976
0.78100 5.808452
0.78200 5.819928
0.78300 5.831404
0.78400 5.84288
0.78500 5.854408
0.78600 5.865936
0.78700 5.877464000000001
0.78800 5.888992
0.78900 5.90052
0.79000 5.911092
0.79100 5.921664
0.79200 5.9322360000000005
0.79300 5.942808
0.79400 5.95338
0.79500 5.9629959999999995
0.79600 5.972612
0.79700 5.982228
0.79800 5.991844
0.79900 6.00146
0.80000 6.011132
0.80100 6.020804
0.80200 6.030476
0.80300 6.040148
0.80400 6.0498199999999995
0.80500 6.060024
0.80600 6.070228
0.80700 6.080432
0.80800 6.090636
0.80900 6.10084
0.81000 6.111252
0.81100 6.121664000000001
0.81200 6.132076
0.81300 6.142488
0.81400 6.152900000000001
0.81500 6.16278
0.81600 6.1726600000000005
0.81700 6.18254
0.81800 6.19242
0.81900 6.2023
0.82000 6.21084
0.82100 6.21938
0.82200 6.22792
0.82300 6.23646
0.82400 6.245
0.82500 6.253344
0.82600 6.261688
0.82700 6.270032
0.82800 6.278376
0.82900 6.28672
0.83000 6.29512
0.83100 6.30352
0.83200 6.31192
0.83300 6.32032
0.83400 6.32872
0.83500 6.337168
0.83600 6.345616
0.83700 6.354064
0.83800 6.362512000000001
0.83900 6.37096
0.84000 6.37922
0.84100 6.38748
0.84200 6.395740000000001
0.84300 6.404000000000001
0.84400 6.412260000000001
0.84500 6.419144
0.84600 6.4260280000000005
0.84700 6.432912
0.84800 6.439796000000001
0.84900 6.446680000000001
0.85000 6.452992
0.85100 6.459304
0.85200 6.465616
0.85300 6.471928
0.85400 6.4782399999999996
0.85500 6.48446
0.85600 6.49068
0.85700 6.496899999999999
0.85800 6.50312
0.85900 6.50934
0.86000 6.515316
0.86100 6.521292
0.86200 6.527268000000001
0.86300 6.533244000000001
0.86400 6.53922
0.86500 6.5451440000000005
0.86600 6.551068000000001
0.86700 6.556991999999999
0.86800 6.5629159999999995
0.86900 6.56884
0.87000 6.574008000000001
0.87100 6.5791759999999995
0.87200 6.584344
0.87300 6.589511999999999
0.87400 6.594679999999999
0.87500 6.599068
0.87600 6.6034559999999995
0.87700 6.607844
0.87800 6.6122320000000006
0.87900 6.61662
0.88000 6.6209240000000005
0.88100 6.625228
0.88200 6.629532
0.88300 6.633836
0.88400 6.63814
0.88500 6.64194
0.88600 6.645739999999999
0.88700 6.64954
0.88800 6.65334
0.88900 6.65714
0.89000 6.660728000000001
0.89100 6.6643159999999995
0.89200 6.667904
0.89300 6.671491999999999
0.89400 6.6750799999999995
0.89500 6.678416
0.89600 6.681752
0.89700 6.685087999999999
0.89800 6.6884239999999995
0.89900 6.6917599999999995
0.90000 6.694431999999999
0.90100 6.697103999999999
0.90200 6.699776
0.90300 6.7024479999999995
0.90400 6.705119999999999
0.90500 6.707679999999999
0.90600 6.710239999999999
0.90700 6.7128
0.90800 6.7153599999999996
0.90900 6.7179199999999994
0.91000 6.719928
0.91100 6.7219359999999995
0.91200 6.723944
0.91300 6.7259519999999995
0.91400 6.72796
0.91500 6.729372000000001
0.91600 6.730784
0.91700 6.732196
0.91800 6.733607999999999
0.91900 6.7350200000000005
0.92000 6.736376
0.92100 6.737731999999999
0.92200 6.739088000000001
0.92300 6.740444000000001
0.92400 6.7418000000000005
0.92500 6.742800000000001
0.92600 6.7438
0.92700 6.744800000000001
0.92800 6.7458
0.92900 6.7468
0.93000 6.747648000000001
0.93100 6.748496
0.93200 6.749344000000001
0.93300 6.750192
0.93400 6.751040000000001
0.93500 6.7514400000000006
0.93600 6.75184
0.93700 6.7522400000000005
0.93800 6.7526399999999995
0.93900 6.75304
0.94000 6.752252
0.94100 6.751464
0.94200 6.750676
0.94300 6.749888
0.94400 6.7491
0.94500 6.748112000000001
0.94600 6.7471239999999995
0.94700 6.746136
0.94800 6.745147999999999
0.94900 6.744159999999999
0.95000 6.742915999999999
0.95100 6.741671999999999
0.95200 6.740428
0.95300 6.739184
0.95400 6.73794
0.95500 6.736412
0.95600 6.734883999999999
0.95700 6.733356000000001
0.95800 6.731828
0.95900 6.7303
0.96000 6.728636
0.96100 6.726972000000001
0.96200 6.725308
0.96300 6.723644
0.96400 6.72198
0.96500 6.719292
0.96600 6.716604000000001
0.96700 6.713916
0.96800 6.711228000000001
0.96900 6.708540000000001
0.97000 6.7054
0.97100 6.70226
0.97200 6.699120000000001
0.97300 6.6959800000000005
0.97400 6.6928399999999995
0.97500 6.6895240000000005
0.97600 6.686208000000001
0.97700 6.682892
0.97800 6.679576
0.97900 6.676260000000001
0.98000 6.672464000000001
0.98100 6.668668000000001
0.98200 6.664872
0.98300 6.6610759999999996
0.98400 6.65728
0.98500 6.6534
0.98600 6.64952
0.98700 6.64564
0.98800 6.64176
0.98900 6.63788
0.99000 6.633812000000001
0.99100 6.629744
0.99200 6.625676
0.99300 6.621607999999999
0.99400 6.61754
0.99500 6.613268
0.99600 6.608995999999999
0.99700 6.604724
0.99800 6.600452
0.99900 6.5961799999999995
1.00000 6.5918399999999995
1.00100 6.5875
1.00200 6.5831599999999995
1.00300 6.57882
1.00400 6.574479999999999
1.00500 6.569647999999999
1.00600 6.564816
1.00700 6.559984
1.00800 6.555152000000001
1.00900 6.550320000000001
1.01000 6.545264
1.01100 6.540208
1.01200 6.535152000000001
1.01300 6.530096
1.01400 6.52504
1.01500 6.52004
1.01600 6.515040000000001
1.01700 6.510039999999999
1.01800 6.505039999999999
1.01900 6.50004
1.02000 6.495220000000001
1.02100 6.490399999999999
1.02200 6.485580000000001
1.02300 6.480759999999999
1.02400 6.47594
1.02500 6.47114
1.02600 6.46634
1.02700 6.461540000000001
1.02800 6.456740000000001
1.02900 6.4519400000000005
1.03000 6.446752000000001
1.03100 6.441564000000001
1.03200 6.436376
1.03300 6.431188000000001
1.03400 6.426
1.03500 6.420372
1.03600 6.414744000000001
1.03700 6.409116
1.03800 6.403488
1.03900 6.39786
1.04000 6.392252
1.04100 6.3866439999999995
1.04200 6.381036
1.04300 6.375428
1.04400 6.36982
1.04500 6.3645000000000005
1.04600 6.35918
1.04700 6.35386
1.04800 6.34854
1.04900 6.3432200000000005
1.05000 6.338032
1.05100 6.332844
1.05200 6.327656
1.05300 6.322468
1.05400 6.31728
1.05500 6.311888000000001
1.05600 6.306496
1.05700 6.3011040000000005
1.05800 6.295712
1.05900 6.2903199999999995
1.06000 6.284339999999999
1.06100 6.27836
1.06200 6.27238
1.06300 6.2664
1.06400 6.26042
1.06500 6.25434
1.06600 6.24826
1.06700 6.242179999999999
1.06800 6.2360999999999995
1.06900 6.23002
1.07000 6.224203999999999
1.07100 6.218387999999999
1.07200 6.212572
1.07300 6.206756
1.07400 6.20094
1.07500 6.195432
1.07600 6.1899239999999995
1.07700 6.184416000000001
1.07800 6.178908
1.07900 6.1734
1.08000 6.167864
1.08100 6.1623280000000005
1.08200 6.156792
1.08300 6.151256
1.08400 6.14572
1.08500 6.139884
1.08600 6.134048
1.08700 6.1282119999999995
1.08800 6.122376
1.08900 6.11654
1.09000 6.110556
1.09100 6.104571999999999
1.09200 6.098588
1.09300 6.092604
1.09400 6.08662
1.09500 6.080812
1.09600 6.075004
1.09700 6.069196
1.09800 6.063388
1.09900 6.05758
1.10000 6.052288
1.10100 6.046996
1.10200 6.041704
1.10300 6.036412
1.10400 6.03112
1.10500 6.02592
1.10600 6.02072
1.10700 6.01552
1.10800 6.01032
1.10900 6.00512
1.11000 6.000216
1.11100 5.995312
1.11200 5.990408
1.11300 5.985504
1.11400 5.9806
1.11500 5.976039999999999
1.11600 5.97148
1.11700 5.96692
1.11800 5.96236
1.11900 5.957800000000001
1.12000 5.953296
1.12100 5.948792
1.12200 5.944288
1.12300 5.939784
1.12400 5.9352800000000006
1.12500 5.931152
1.12600 5.927024
1.12700 5.922896
1.12800 5.918768
1.12900 5.91464
1.13000 5.9107
1.13100 5.90676
1.13200 5.90282
1.13300 5.89888
1.13400 5.89494
1.13500 5.891343999999999
1.13600 5.887748
1.13700 5.884151999999999
1.13800 5.880556
1.13900 5.8769599999999995
1.14000 5.8744119999999995
1.14100 5.871864
1.14200 5.8693159999999995
1.14300 5.866768
1.14400 5.86422
1.14500 5.861868
1.14600 5.859516
1.14700 5.857164
1.14800 5.854812
1.14900 5.85246
1.15000 5.850224
1.15100 5.847988
1.15200 5.845751999999999
1.15300 5.843515999999999
1.15400 5.841279999999999
1.15500 5.83918
1.15600 5.837079999999999
1.15700 5.83498
1.15800 5.83288
1.15900 5.83078
1.16000 5.828796
1.16100 5.826811999999999
1.16200 5.824828
1.16300 5.822844
1.16400 5.82086
1.16500 5.819832
1.16600 5.818804
1.16700 5.817776
1.16800 5.8167480000000005
1.16900 5.815720000000001
1.17000 5.8151720000000005
1.17100 5.814624
1.17200 5.814076
1.17300 5.813528
1.17400 5.8129800000000005
1.17500 5.8125480000000005
1.17600 5.8121160000000005
1.17700 5.811684
1.17800 5.811252
1.17900 5.81082
1.18000 5.810744
1.18100 5.810668
1.18200 5.810592
1.18300 5.810516
1.18400 5.81044
1.18500 5.8104320000000005
1.18600 5.810423999999999
1.18700 5.810416
1.18800 5.810408
1.18900 5.8104
1.19000 5.81094
1.19100 5.81148
1.19200 5.8120199999999995
1.19300 5.8125599999999995
1.19400 5.8131
1.19500 5.81432
1.19600 5.81554
1.19700 5.81676
1.19800 5.81798
1.19900 5.8192
1.20000 5.820504
1.20100 5.821808
1.20200 5.823112
1.20300 5.824416
1.20400 5.82572
1.20500 5.8275999999999994
1.20600 5.829479999999999
1.20700 5.83136
1.20800 5.83324
1.20900 5.83512
1.21000 5.837296
1.21100 5.839472
1.21200 5.841648
1.21300 5.843824
1.21400 5.846
1.21500 5.848316
1.21600 5.850632
1.21700 5.852948
1.21800 5.855264
1.21900 5.8575800000000005
1.22000 5.860356
1.22100 5.863132
1.22200 5.865907999999999
1.22300 5.868684
1.22400 5.87146
1.22500 5.874324
1.22600 5.877187999999999
1.22700 5.880052
1.22800 5.882916
1.22900 5.88578
1.23000 5.88884
1.23100 5.8919
1.23200 5.89496
1.23300 5.898020000000001
1.23400 5.90108
1.23500 5.904392
1.23600 5.907704000000001
1.23700 5.911016
1.23800 5.914328
1.23900 5.9176400000000005
1.24000 5.92094
1.24100 5.92424
1.24200 5.92754
1.24300 5.93084
1.24400 5.93414
1.24500 5.93724
1.24600 5.94034
1.24700 5.943440000000001
1.24800 5.946540000000001
1.24900 5.9496400000000005
1.25000 5.952636
1.25100 5.955632
1.25200 5.958628
1.25300 5.961624
1.25400 5.96462
1.25500 5.967692
1.25600 5.970764
1.25700 5.973836
1.25800 5.976908
1.25900 5.979979999999999
1.26000 5.983307999999999
1.26100 5.986636
1.26200 5.989964
1.26300 5.993292
1.26400 5.99662
1.26500 5.999996
1.26600 6.003372000000001
1.26700 6.006748
1.26800 6.010123999999999
1.26900 6.0135
1.27000 6.016704
1.27100 6.019908
1.27200 6.023111999999999
1.27300 6.026316
1.27400 6.02952
1.27500 6.032508
1.27600 6.035496
1.27700 6.038484
1.27800 6.041472000000001
1.27900 6.04446
1.28000 6.047472
1.28100 6.050484
1.28200 6.053496
1.28300 6.056508
1.28400 6.05952
1.28500 6.062887999999999
1.28600 6.066256
1.28700 6.069623999999999
1.28800 6.072992
1.28900 6.076359999999999
1.29000 6.079916
1.29100 6.0834719999999995
1.29200 6.087028
1.29300 6.090584
1.29400 6.09414
1.29500 6.097624000000001
1.29600 6.101108
1.29700 6.104592
1.29800 6.108076
1.29900 6.11156
1.30000 6.114800000000001
1.30100 6.11804
1.30200 6.1212800000000005
1.30300 6.1245199999999995
1.30400 6.12776
1.30500 6.130948
1.30600 6.134136
1.30700 6.137324
1.30800 6.140511999999999
1.30900 6.1437
1.31000 6.145728
1.31100 6.147755999999999
1.31200 6.149784
1.31300 6.1518120000000005
1.31400 6.153840000000001
1.31500 6.15434
1.31600 6.15484
1.31700 6.155340000000001
1.31800 6.1558399999999995
1.31900 6.15634
1.32000 6.156764000000001
1.32100 6.157188
1.32200 6.157612
1.32300 6.158036
1.32400 6.15846
