0.00000 0.062488630644131606
0.00100 0.12497726128826321
0.00200 0.18746589193239482
0.00300 0.24995452257652642
0.00400 0.312443153220658
0.00500 0.3118449225765264
0.00600 0.3112466919323948
0.00700 0.31064846128826323
0.00800 0.3100502306441316
0.00900 0.309452
0.01000 0.308854
0.01100 0.308256
0.01200 0.30765800000000004
0.01300 0.30706
0.01400 0.306462
0.01500 0.304398
0.01600 0.302334
0.01700 0.30027
0.01800 0.298206
0.01900 0.296142
0.02000 0.2917808
0.02100 0.2874196
0.02200 0.2830584
0.02300 0.2786972
0.02400 0.274336
0.02500 0.2697864
0.02600 0.2652368
0.02700 0.2606872
0.02800 0.2561376
0.02900 0.25158800000000003
0.03000 0.2467304
0.03100 0.24187280000000003
0.03200 0.2370152
0.03300 0.23215760000000002
0.03400 0.2273
0.03500 0.22224159999999998
0.03600 0.21718320000000002
0.03700 0.2121248
0.03800 0.20706640000000004
0.03900 0.20200800000000002
0.04000 0.197077
0.04100 0.192146
0.04200 0.187215
0.04300 0.182284
0.04400 0.177353
0.04500 0.17294568000000002
0.04600 0.16853836
0.04700 0.16413104
0.04800 0.15972371999999999
0.04900 0.1553164
0.05000 0.15104352000000001
0.05100 0.14677064
0.05200 0.14249776
0.05300 0.13822488
0.05400 0.13395200000000002
0.05500 0.12952488
0.05600 0.12509776
0.05700 0.12067063999999998
0.05800 0.11624352
0.05900 0.1118164
0.06000 0.10714167999999999
0.06100 0.10246696
0.06200 0.09779224
0.06300 0.09311752
0.06400 0.0884428
0.06500 0.0837794
0.06600 0.07911599999999999
0.06700 0.07445260000000001
0.06800 0.0697892
0.06900 0.0651258
0.07000 0.06091339999999999
0.07100 0.056701
0.07200 0.052488599999999996
0.07300 0.0482762
0.07400 0.0440638
0.07500 0.0401532
0.07600 0.0362426
0.07700 0.032332
0.07800 0.028421399999999996
0.07900 0.0245108
0.08000 0.020549692
0.08100 0.016588584
0.08200 0.012627475999999999
0.08300 0.008666367999999999
0.08400 0.00470526
0.08500 0.0005315599999999997
0.08600 -0.0036421400000000007
0.08700 -0.007815840000000001
0.08800 -0.011989540000000002
0.08900 -0.016163240000000002
0.09000 -0.020392872
0.09100 -0.024622504
0.09200 -0.028852136
0.09300 -0.033081768
0.09400 -0.0373114
0.09500 -0.04129132
0.09600 -0.045271240000000004
0.09700 -0.04925116
0.09800 -0.05323108
0.09900 -0.057211
0.10000 -0.060780520000000005
0.10100 -0.06435004
0.10200 -0.06791956
0.10300 -0.07148908000000001
0.10400 -0.0750586
0.10500 -0.07859975999999999
0.10600 -0.08214091999999999
0.10700 -0.08568208
0.10800 -0.08922324000000001
0.10900 -0.0927644
0.11000 -0.0963688
0.11100 -0.0999732
0.11200 -0.1035776
0.11300 -0.107182
0.11400 -0.1107864
0.11500 -0.11443416
0.11600 -0.11808191999999999
0.11700 -0.12172967999999999
0.11800 -0.12537744
0.11900 -0.1290252
0.12000 -0.13257239999999998
0.12100 -0.13611959999999998
0.12200 -0.1396668
0.12300 -0.143214
0.12400 -0.14676119999999998
0.12500 -0.14987511999999997
0.12600 -0.15298904
0.12700 -0.15610295999999999
0.12800 -0.15921688
0.12900 -0.1623308
0.13000 -0.1653278
0.13100 -0.1683248
0.13200 -0.1713218
0.13300 -0.1743188
0.13400 -0.1773158
0.13500 -0.18030844
0.13600 -0.18330108
0.13700 -0.18629372
0.13800 -0.18928636000000001
0.13900 -0.192279
0.14000 -0.1952644
0.14100 -0.1982498
0.14200 -0.2012352
0.14300 -0.20422060000000003
0.14400 -0.207206
0.14500 -0.2101732
0.14600 -0.21314039999999998
0.14700 -0.2161076
0.14800 -0.21907479999999996
0.14900 -0.222042
0.15000 -0.22472399999999998
0.15100 -0.227406
0.15200 -0.230088
0.15300 -0.23277
0.15400 -0.235452
0.15500 -0.237934
0.15600 -0.24041600000000002
0.15700 -0.24289799999999998
0.15800 -0.24538
0.15900 -0.24786199999999997
0.16000 -0.2503284
0.16100 -0.2527948
0.16200 -0.25526119999999997
0.16300 -0.2577276
0.16400 -0.260194
0.16500 -0.2625936
0.16600 -0.2649932
0.16700 -0.2673928
0.16800 -0.2697924
0.16900 -0.272192
0.17000 -0.27457279999999995
0.17100 -0.2769536
0.17200 -0.2793344
0.17300 -0.2817152
0.17400 -0.284096
0.17500 -0.2863832
0.17600 -0.2886704
0.17700 -0.2909576
0.17800 -0.29324479999999997
0.17900 -0.295532
0.18000 -0.2976572
0.18100 -0.2997824
0.18200 -0.3019076
0.18300 -0.3040328
0.18400 -0.30615800000000004
0.18500 -0.30826000000000003
0.18600 -0.310362
0.18700 -0.31246399999999996
0.18800 -0.314566
0.18900 -0.316668
0.19000 -0.3185984
0.19100 -0.3205288
0.19200 -0.3224592
0.19300 -0.3243896
0.19400 -0.32632
0.19500 -0.328128
0.19600 -0.329936
0.19700 -0.331744
0.19800 -0.333552
0.19900 -0.33536
0.20000 -0.3371692
0.20100 -0.3389784
0.20200 -0.34078759999999997
0.20300 -0.34259680000000003
0.20400 -0.344406
0.20500 -0.3462228
0.20600 -0.3480396
0.20700 -0.3498564
0.20800 -0.35167319999999996
0.20900 -0.35348999999999997
0.21000 -0.3553096
0.21100 -0.35712920000000004
0.21200 -0.35894879999999996
0.21300 -0.3607684
0.21400 -0.362588
0.21500 -0.3642516
0.21600 -0.3659152
0.21700 -0.3675788
0.21800 -0.36924239999999997
0.21900 -0.370906
0.22000 -0.372296
0.22100 -0.373686
0.22200 -0.375076
0.22300 -0.376466
0.22400 -0.377856
0.22500 -0.3792228
0.22600 -0.38058960000000003
0.22700 -0.38195640000000003
0.22800 -0.38332320000000003
0.22900 -0.38469000000000003
0.23000 -0.3860904
0.23100 -0.3874908
0.23200 -0.38889120000000005
0.23300 -0.3902916
0.23400 -0.39169200000000004
0.23500 -0.393116
0.23600 -0.39454
0.23700 -0.395964
0.23800 -0.39738799999999996
0.23900 -0.398812
0.24000 -0.400174
0.24100 -0.40153599999999995
0.24200 -0.402898
0.24300 -0.40426
0.24400 -0.405622
0.24500 -0.4066932
0.24600 -0.4077643999999999
0.24700 -0.4088356
0.24800 -0.4099068
0.24900 -0.41097799999999995
0.25000 -0.41196479999999996
0.25100 -0.4129516
0.25200 -0.4139384
0.25300 -0.4149252
0.25400 -0.41591199999999995
0.25500 -0.4168839999999999
0.25600 -0.417856
0.25700 -0.418828
0.25800 -0.41980000000000006
0.25900 -0.42077200000000003
0.26000 -0.42171840000000005
0.26100 -0.4226648
0.26200 -0.4236112
0.26300 -0.4245576
0.26400 -0.425504
0.26500 -0.4264376
0.26600 -0.42737120000000006
0.26700 -0.4283048
0.26800 -0.4292384
0.26900 -0.43017200000000005
0.27000 -0.43091760000000007
0.27100 -0.4316632
0.27200 -0.43240880000000004
0.27300 -0.4331544
0.27400 -0.43390000000000006
0.27500 -0.43450440000000007
0.27600 -0.4351088000000001
0.27700 -0.4357132
0.27800 -0.4363176
0.27900 -0.43692200000000003
0.28000 -0.43751120000000004
0.28100 -0.4381004
0.28200 -0.4386896
0.28300 -0.43927879999999997
0.28400 -0.439868
0.28500 -0.4403892
0.28600 -0.44091040000000004
0.28700 -0.4414315999999999
0.28800 -0.4419528
0.28900 -0.442474
0.29000 -0.4429748
0.29100 -0.4434756
0.29200 -0.44397639999999994
0.29300 -0.44447719999999996
0.29400 -0.444978
0.29500 -0.44540959999999996
0.29600 -0.4458412
0.29700 -0.4462727999999999
0.29800 -0.44670439999999995
0.29900 -0.447136
0.30000 -0.44743959999999994
0.30100 -0.44774319999999995
0.30200 -0.4480468
0.30300 -0.4483504
0.30400 -0.448654
0.30500 -0.4489396
0.30600 -0.4492252
0.30700 -0.4495108
0.30800 -0.4497964
0.30900 -0.450082
0.31000 -0.45024959999999997
0.31100 -0.45041719999999996
0.31200 -0.4505848
0.31300 -0.4507524
0.31400 -0.45092
0.31500 -0.4509976
0.31600 -0.4510752
0.31700 -0.4511528
0.31800 -0.45123040000000003
0.31900 -0.45130800000000004
0.32000 -0.4513668
0.32100 -0.45142560000000004
0.32200 -0.4514844
0.32300 -0.45154320000000003
0.32400 -0.451602
0.32500 -0.45156920000000006
0.32600 -0.4515364
0.32700 -0.4515036
0.32800 -0.45147079999999995
0.32900 -0.451438
0.33000 -0.45137679999999997
0.33100 -0.45131560000000004
0.33200 -0.4512544
0.33300 -0.45119320000000007
0.33400 -0.45113200000000003
0.33500 -0.4508768000000001
0.33600 -0.4506216
0.33700 -0.45036640000000006
0.33800 -0.4501112
0.33900 -0.44985600000000003
0.34000 -0.4492324
0.34100 -0.44860880000000003
0.34200 -0.44798520000000003
0.34300 -0.4473616000000001
0.34400 -0.446738
0.34500 -0.4460752
0.34600 -0.44541240000000004
0.34700 -0.4447496
0.34800 -0.4440868
0.34900 -0.443424
0.35000 -0.4427084
0.35100 -0.44199279999999996
0.35200 -0.44127720000000004
0.35300 -0.4405616
0.35400 -0.439846
0.35500 -0.43908880000000006
0.35600 -0.4383316
0.35700 -0.43757440000000003
0.35800 -0.43681719999999996
0.35900 -0.43606
0.36000 -0.435086
0.36100 -0.434112
0.36200 -0.4331379999999999
0.36300 -0.43216399999999994
0.36400 -0.43118999999999996
0.36500 -0.4291232
0.36600 -0.4270564
0.36700 -0.42498959999999997
0.36800 -0.4229228
0.36900 -0.420856
0.37000 -0.41844840000000005
0.37100 -0.41604080000000004
0.37200 -0.41363320000000003
0.37300 -0.4112256
0.37400 -0.408818
0.37500 -0.40629800000000005
0.37600 -0.4037780000000001
0.37700 -0.401258
0.37800 -0.398738
0.37900 -0.396218
0.38000 -0.3934804
0.38100 -0.3907428
0.38200 -0.3880052
0.38300 -0.3852676
0.38400 -0.38253
0.38500 -0.3797456
0.38600 -0.3769612
0.38700 -0.3741768
0.38800 -0.3713924
0.38900 -0.368608
0.39000 -0.365274
0.39100 -0.36194000000000004
0.39200 -0.358606
0.39300 -0.355272
0.39400 -0.351938
0.39500 -0.34816400000000003
0.39600 -0.34439000000000003
0.39700 -0.340616
0.39800 -0.336842
0.39900 -0.33306800000000003
0.40000 -0.32919960000000004
0.40100 -0.32533120000000004
0.40200 -0.3214628
0.40300 -0.3175944
0.40400 -0.313726
0.40500 -0.30938279999999996
0.40600 -0.3050396
0.40700 -0.3006964
0.40800 -0.29635320000000004
0.40900 -0.29201
0.41000 -0.2875148
0.41100 -0.2830196
0.41200 -0.2785244
0.41300 -0.2740292
0.41400 -0.269534
0.41500 -0.2649336
0.41600 -0.2603332
0.41700 -0.2557328
0.41800 -0.25113240000000003
0.41900 -0.24653200000000003
0.42000 -0.2417224
0.42100 -0.23691279999999998
0.42200 -0.2321032
0.42300 -0.2272936
0.42400 -0.222484
0.42500 -0.2176294
0.42600 -0.2127748
0.42700 -0.2079202
0.42800 -0.2030656
0.42900 -0.198211
0.43000 -0.19282044
0.43100 -0.18742988
0.43200 -0.18203932
0.43300 -0.17664876000000002
0.43400 -0.1712582
0.43500 -0.1654282
0.43600 -0.1595982
0.43700 -0.1537682
0.43800 -0.1479382
0.43900 -0.1421082
0.44000 -0.13628
0.44100 -0.1304518
0.44200 -0.12462360000000001
0.44300 -0.1187954
0.44400 -0.1129672
0.44500 -0.10716484
0.44600 -0.10136248
0.44700 -0.09556012
0.44800 -0.08975775999999999
0.44900 -0.0839554
0.45000 -0.07816144
0.45100 -0.07236748000000001
0.45200 -0.06657352000000001
0.45300 -0.060779559999999996
0.45400 -0.0549856
0.45500 -0.04886556
0.45600 -0.04274552
0.45700 -0.03662548
0.45800 -0.03050544
0.45900 -0.0243854
0.46000 -0.017603431999999995
0.46100 -0.010821463999999998
0.46200 -0.004039495999999995
0.46300 0.002742472000000004
0.46400 0.009524440000000004
0.46500 0.016369472000000003
0.46600 0.023214504
0.46700 0.030059535999999998
0.46800 0.036904568
0.46900 0.0437496
0.47000 0.05033944
0.47100 0.05692927999999999
0.47200 0.06351912
0.47300 0.07010896
0.47400 0.0766988
0.47500 0.08307484000000001
0.47600 0.08945088
0.47700 0.09582692000000001
0.47800 0.10220296
0.47900 0.10857900000000001
0.48000 0.11504484
0.48100 0.12151068000000001
0.48200 0.12797651999999998
0.48300 0.13444235999999998
0.48400 0.14090819999999998
0.48500 0.14787492
0.48600 0.15484164
0.48700 0.16180835999999998
0.48800 0.16877508
0.48900 0.1757418
0.49000 0.18287624
0.49100 0.19001068
0.49200 0.19714512
0.49300 0.20427955999999997
0.49400 0.211414
0.49500 0.2182808
0.49600 0.22514759999999998
0.49700 0.2320144
0.49800 0.23888119999999996
0.49900 0.245748
0.50000 0.2520584
0.50100 0.2583688
0.50200 0.2646792
0.50300 0.2709896
0.50400 0.2773
0.50500 0.283554
0.50600 0.289808
0.50700 0.296062
0.50800 0.30231600000000003
0.50900 0.30857
0.51000 0.315012
0.51100 0.321454
0.51200 0.327896
0.51300 0.33433799999999997
0.51400 0.34077999999999997
0.51500 0.3473832
0.51600 0.35398640000000003
0.51700 0.3605896
0.51800 0.36719280000000004
0.51900 0.373796
0.52000 0.3802884
0.52100 0.38678080000000004
0.52200 0.3932732
0.52300 0.39976559999999994
0.52400 0.40625799999999995
0.52500 0.412118
0.52600 0.417978
0.52700 0.42383799999999994
0.52800 0.42969799999999997
0.52900 0.435558
0.53000 0.4412008
0.53100 0.44684359999999995
0.53200 0.4524864
0.53300 0.45812919999999996
0.53400 0.46377199999999996
0.53500 0.46944759999999996
0.53600 0.47512319999999997
0.53700 0.48079879999999997
0.53800 0.4864744
0.53900 0.49215
0.54000 0.497896
0.54100 0.5036419999999999
0.54200 0.5093880000000001
0.54300 0.515134
0.54400 0.52088
0.54500 0.5266219999999999
0.54600 0.5323640000000001
0.54700 0.538106
0.54800 0.543848
0.54900 0.54959
0.55000 0.5549888000000001
0.55100 0.5603876
0.55200 0.5657864
0.55300 0.5711852
0.55400 0.576584
0.55500 0.5816828
0.55600 0.5867816
0.55700 0.5918804
0.55800 0.5969792
0.55900 0.602078
0.56000 0.6071076000000001
0.56100 0.6121372
0.56200 0.6171668
0.56300 0.6221964
0.56400 0.6272260000000001
0.56500 0.6318732
0.56600 0.6365204
0.56700 0.6411676
0.56800 0.6458148
0.56900 0.650462
0.57000 0.6549748
0.57100 0.6594876000000001
0.57200 0.6640004
0.57300 0.6685132
0.57400 0.673026
0.57500 0.6775076
0.57600 0.6819892000000001
0.57700 0.6864708
0.57800 0.6909524
0.57900 0.695434
0.58000 0.6998488
0.58100 0.7042636
0.58200 0.7086784
0.58300 0.7130932000000001
0.58400 0.717508
0.58500 0.7218912000000001
0.58600 0.7262744000000001
0.58700 0.7306576
0.58800 0.7350407999999999
0.58900 0.739424
0.59000 0.7430904
0.59100 0.7467568
0.59200 0.7504232
0.59300 0.7540896
0.59400 0.757756
0.59500 0.7607820000000001
0.59600 0.763808
0.59700 0.766834
0.59800 0.76986
0.59900 0.772886
0.60000 0.7759496
0.60100 0.7790132
0.60200 0.7820768
0.60300 0.7851404
0.60400 0.788204
0.60500 0.7915395999999999
0.60600 0.7948752
0.60700 0.7982107999999999
0.60800 0.8015464
0.60900 0.8048819999999999
0.61000 0.8083155999999999
0.61100 0.8117491999999998
0.61200 0.8151828
0.61300 0.8186164
0.61400 0.82205
0.61500 0.8253807999999999
0.61600 0.8287115999999999
0.61700 0.8320424000000001
0.61800 0.8353732
0.61900 0.8387040000000001
0.62000 0.8418068
0.62100 0.8449096
0.62200 0.8480124
0.62300 0.8511152000000001
0.62400 0.854218
0.62500 0.8572984
0.62600 0.8603788
0.62700 0.8634592
0.62800 0.8665396
0.62900 0.86962
0.63000 0.8729355999999999
0.63100 0.8762511999999999
0.63200 0.8795668000000001
0.63300 0.8828824000000001
0.63400 0.886198
0.63500 0.8897284000000001
0.63600 0.8932588000000001
0.63700 0.8967892000000001
0.63800 0.9003196000000001
0.63900 0.90385
0.64000 0.9073476000000001
0.64100 0.9108452000000001
0.64200 0.9143428
0.64300 0.9178404
0.64400 0.9213380000000001
0.64500 0.9246160000000001
0.64600 0.927894
0.64700 0.9311720000000001
0.64800 0.93445
0.64900 0.9377280000000001
0.65000 0.9409256000000001
0.65100 0.9441232000000002
0.65200 0.9473208
0.65300 0.9505184
0.65400 0.953716
0.65500 0.9570016000000001
0.65600 0.9602872
0.65700 0.9635728
0.65800 0.9668583999999999
0.65900 0.970144
0.66000 0.9736304
0.66100 0.9771167999999999
0.66200 0.9806032
0.66300 0.9840895999999999
0.66400 0.987576
0.66500 0.9910816
0.66600 0.9945872
0.66700 0.9980928
0.66800 1.0015984
0.66900 1.005104
0.67000 1.0083540000000002
0.67100 1.011604
0.67200 1.0148540000000001
0.67300 1.018104
0.67400 1.021354
0.67500 1.0243664000000001
0.67600 1.0273788
0.67700 1.0303912
0.67800 1.0334036
0.67900 1.036416
0.68000 1.0394272
0.68100 1.0424384
0.68200 1.0454496
0.68300 1.0484608
0.68400 1.051472
0.68500 1.0545012
0.68600 1.0575304
0.68700 1.0605596
0.68800 1.0635888000000002
0.68900 1.066618
0.69000 1.069654
0.69100 1.0726900000000001
0.69200 1.075726
0.69300 1.078762
0.69400 1.081798
0.69500 1.0846812
0.69600 1.0875644
0.69700 1.0904476
0.69800 1.0933308
0.69900 1.096214
0.70000 1.0987408
0.70100 1.1012676000000001
0.70200 1.1037944
0.70300 1.1063212
0.70400 1.108848
0.70500 1.1113244
0.70600 1.1138008000000001
0.70700 1.1162772
0.70800 1.1187536000000002
0.70900 1.1212300000000002
0.71000 1.1236172
0.71100 1.1260044
0.71200 1.1283916
0.71300 1.1307788
0.71400 1.133166
0.71500 1.135468
0.71600 1.13777
0.71700 1.140072
0.71800 1.1423739999999998
0.71900 1.144676
0.72000 1.1469331999999999
0.72100 1.1491904
0.72200 1.1514476
0.72300 1.1537048
0.72400 1.1559620000000002
0.72500 1.1579396000000002
0.72600 1.1599172000000002
0.72700 1.1618948
0.72800 1.1638724
0.72900 1.16585
0.73000 1.1677196
0.73100 1.1695892
0.73200 1.1714588
0.73300 1.1733284
0.73400 1.175198
0.73500 1.1771604
0.73600 1.1791228
0.73700 1.1810851999999998
0.73800 1.1830475999999999
0.73900 1.18501
0.74000 1.1871931999999998
0.74100 1.1893764
0.74200 1.1915596000000002
0.74300 1.1937428
0.74400 1.195926
0.74500 1.1981396
0.74600 1.2003532
0.74700 1.2025668
0.74800 1.2047804000000002
0.74900 1.2069940000000001
0.75000 1.2091872000000001
0.75100 1.2113804
0.75200 1.2135736000000001
0.75300 1.2157668000000001
0.75400 1.2179600000000002
0.75500 1.2201336
0.75600 1.2223072
0.75700 1.2244808
0.75800 1.2266544
0.75900 1.228828
0.76000 1.2310048
0.76100 1.2331816
0.76200 1.2353584
0.76300 1.2375352
0.76400 1.239712
0.76500 1.2419172
0.76600 1.2441224
0.76700 1.2463275999999999
0.76800 1.2485328
0.76900 1.250738
0.77000 1.252954
0.77100 1.2551700000000001
0.77200 1.257386
0.77300 1.259602
0.77400 1.261818
0.77500 1.2641024
0.77600 1.2663868
0.77700 1.2686712
0.77800 1.2709556000000002
0.77900 1.27324
0.78000 1.2756896
0.78100 1.2781392
0.78200 1.2805887999999999
0.78300 1.2830384000000001
0.78400 1.285488
0.78500 1.2879608
0.78600 1.2904335999999998
0.78700 1.2929064000000001
0.78800 1.2953792
0.78900 1.297852
0.79000 1.300268
0.79100 1.302684
0.79200 1.3051
0.79300 1.3075160000000001
0.79400 1.309932
0.79500 1.3122916
0.79600 1.3146512
0.79700 1.3170108
0.79800 1.3193704
0.79900 1.32173
0.80000 1.3241260000000001
0.80100 1.326522
0.80200 1.328918
0.80300 1.3313139999999999
0.80400 1.33371
0.80500 1.3363644
0.80600 1.3390188
0.80700 1.3416732
0.80800 1.3443276000000002
0.80900 1.3469820000000001
0.81000 1.3497400000000002
0.81100 1.3524980000000002
0.81200 1.355256
0.81300 1.358014
0.81400 1.360772
0.81500 1.3634908000000001
0.81600 1.3662096
0.81700 1.3689284000000002
0.81800 1.3716472
0.81900 1.374366
0.82000 1.3769856
0.82100 1.3796051999999999
0.82200 1.3822248
0.82300 1.3848444
0.82400 1.387464
0.82500 1.3900687999999999
0.82600 1.3926736
0.82700 1.3952784
0.82800 1.3978832
0.82900 1.400488
0.83000 1.4031031999999999
0.83100 1.4057184
0.83200 1.4083336000000002
0.83300 1.4109488000000001
0.83400 1.413564
0.83500 1.4161896
0.83600 1.4188152
0.83700 1.4214408
0.83800 1.4240664
0.83900 1.426692
0.84000 1.4292564
0.84100 1.4318208000000001
0.84200 1.4343852
0.84300 1.4369496
0.84400 1.439514
0.84500 1.4416408
0.84600 1.4437676
0.84700 1.4458944
0.84800 1.4480212
0.84900 1.450148
0.85000 1.4520944
0.85100 1.4540408
0.85200 1.4559872
0.85300 1.4579336
0.85400 1.45988
0.85500 1.4613536
0.85600 1.4628272
0.85700 1.4643008
0.85800 1.4657744000000001
0.85900 1.467248
0.86000 1.4675112000000001
0.86100 1.4677744000000001
0.86200 1.4680376
0.86300 1.4683008
0.86400 1.468564
0.86500 1.4686299999999999
0.86600 1.468696
0.86700 1.4687620000000001
0.86800 1.468828
0.86900 1.4688940000000001
0.87000 1.4682184
0.87100 1.4675428
0.87200 1.4668672
0.87300 1.4661916
0.87400 1.465516
0.87500 1.4640704
0.87600 1.4626248
0.87700 1.4611792
0.87800 1.4597336
0.87900 1.458288
0.88000 1.4565844000000001
0.88100 1.4548808
0.88200 1.4531772
0.88300 1.4514736
0.88400 1.44977
0.88500 1.446312
0.88600 1.442854
0.88700 1.439396
0.88800 1.435938
0.88900 1.43248
0.89000 1.4282788
0.89100 1.4240776
0.89200 1.4198764
0.89300 1.4156752
0.89400 1.411474
0.89500 1.4071159999999998
0.89600 1.402758
0.89700 1.3984
0.89800 1.394042
0.89900 1.389684
0.90000 1.3849144
0.90100 1.3801447999999998
0.90200 1.3753752000000001
0.90300 1.3706056
0.90400 1.365836
0.90500 1.3609784
0.90600 1.3561208
0.90700 1.3512632
0.90800 1.3464056000000002
0.90900 1.341548
0.91000 1.3352324000000002
0.91100 1.3289168
0.91200 1.3226012
0.91300 1.3162856
0.91400 1.30997
0.91500 1.302108
0.91600 1.294246
0.91700 1.286384
0.91800 1.2785220000000002
0.91900 1.27066
0.92000 1.262768
0.92100 1.2548759999999999
0.92200 1.2469839999999999
0.92300 1.2390919999999999
0.92400 1.2311999999999999
0.92500 1.2233948
0.92600 1.2155896
0.92700 1.2077844
0.92800 1.1999792
0.92900 1.192174
0.93000 1.1844063999999999
0.93100 1.1766387999999999
0.93200 1.1688712
0.93300 1.1611036000000001
0.93400 1.153336
0.93500 1.1447804
0.93600 1.1362248
0.93700 1.1276692000000001
0.93800 1.1191136
0.93900 1.110558
0.94000 1.0998884
0.94100 1.0892188
0.94200 1.0785491999999999
0.94300 1.0678796
0.94400 1.05721
0.94500 1.0461932
0.94600 1.0351764
0.94700 1.0241596
0.94800 1.0131428
0.94900 1.002126
0.95000 0.990676
0.95100 0.979226
0.95200 0.967776
0.95300 0.956326
0.95400 0.944876
0.95500 0.9329563999999999
0.95600 0.9210367999999999
0.95700 0.9091172000000001
0.95800 0.8971975999999999
0.95900 0.8852779999999999
0.96000 0.8732532
0.96100 0.8612283999999999
0.96200 0.8492036000000001
0.96300 0.8371788
0.96400 0.825154
0.96500 0.8124119999999999
0.96600 0.7996700000000001
0.96700 0.786928
0.96800 0.774186
0.96900 0.761444
0.97000 0.7483836
0.97100 0.7353232000000001
0.97200 0.7222628
0.97300 0.7092024
0.97400 0.696142
0.97500 0.6823680000000001
0.97600 0.668594
0.97700 0.65482
0.97800 0.641046
0.97900 0.6272719999999999
0.98000 0.6115383999999999
0.98100 0.5958048
0.98200 0.5800712
0.98300 0.5643376
0.98400 0.548604
0.98500 0.532536
0.98600 0.5164679999999999
0.98700 0.5004000000000001
0.98800 0.48433200000000004
0.98900 0.468264
0.99000 0.4515008
0.99100 0.43473759999999995
0.99200 0.41797439999999997
0.99300 0.4012112
0.99400 0.384448
0.99500 0.3669144
0.99600 0.3493808
0.99700 0.3318472
0.99800 0.3143136
0.99900 0.29678
1.00000 0.2789392
1.00100 0.26109839999999995
1.00200 0.24325760000000002
1.00300 0.2254168
1.00400 0.20757599999999998
1.00500 0.18744816
1.00600 0.16732032
1.00700 0.14719248000000001
1.00800 0.12706464
1.00900 0.10693680000000001
1.01000 0.08576997480000001
1.01100 0.06460314959999999
1.01200 0.043436324400000004
1.01300 0.022269499199999997
1.01400 0.0011026739999999923
1.01500 -0.0199477808
1.01600 -0.0409982356
1.01700 -0.062048690399999995
1.01800 -0.08309914519999999
1.01900 -0.1041496
1.02000 -0.12487248
1.02100 -0.14559536
1.02200 -0.16631824
1.02300 -0.18704112
1.02400 -0.207764
1.02500 -0.22845120000000002
1.02600 -0.2491384
1.02700 -0.2698256
1.02800 -0.2905128
1.02900 -0.31120000000000003
1.03000 -0.3336136
1.03100 -0.35602720000000004
1.03200 -0.3784408
1.03300 -0.40085440000000006
1.03400 -0.42326800000000003
1.03500 -0.44763359999999996
1.03600 -0.47199920000000006
1.03700 -0.4963648
1.03800 -0.5207304
1.03900 -0.545096
1.04000 -0.5693856
1.04100 -0.5936752000000001
1.04200 -0.6179648
1.04300 -0.6422544
1.04400 -0.666544
1.04500 -0.6896528
1.04600 -0.7127616
1.04700 -0.7358703999999999
1.04800 -0.7589792
1.04900 -0.782088
1.05000 -0.8046472
1.05100 -0.8272064
1.05200 -0.8497656000000001
1.05300 -0.8723248
1.05400 -0.894884
1.05500 -0.9182912
1.05600 -0.9416983999999999
1.05700 -0.9651056
1.05800 -0.9885128
1.05900 -1.01192
1.06000 -1.037768
1.06100 -1.0636160000000001
1.06200 -1.089464
1.06300 -1.1153119999999999
1.06400 -1.14116
1.06500 -1.1674244
1.06600 -1.1936887999999999
1.06700 -1.2199532
1.06800 -1.2462176
1.06900 -1.272482
1.07000 -1.2975543999999999
1.07100 -1.3226267999999999
1.07200 -1.3476992
1.07300 -1.3727716
1.07400 -1.397844
1.07500 -1.4215392000000002
1.07600 -1.4452344
1.07700 -1.4689296
1.07800 -1.4926248
1.07900 -1.51632
1.08000 -1.5402124000000001
1.08100 -1.5641048
1.08200 -1.5879972
1.08300 -1.6118896
1.08400 -1.635782
1.08500 -1.6618032
1.08600 -1.6878243999999998
1.08700 -1.7138456000000002
1.08800 -1.7398668000000002
1.08900 -1.765888
1.09000 -1.7929220000000001
1.09100 -1.8199560000000001
1.09200 -1.84699
1.09300 -1.874024
1.09400 -1.9010580000000001
1.09500 -1.9274104
1.09600 -1.9537628000000002
1.09700 -1.9801151999999997
1.09800 -2.0064675999999997
1.09900 -2.03282
1.10000 -2.057152
1.10100 -2.081484
1.10200 -2.105816
1.10300 -2.1301479999999997
1.10400 -2.15448
1.10500 -2.178472
1.10600 -2.202464
1.10700 -2.2264559999999998
1.10800 -2.2504479999999996
1.10900 -2.27444
1.11000 -2.3007199999999997
1.11100 -2.327
1.11200 -2.35328
1.11300 -2.37956
1.11400 -2.40584
1.11500 -2.434816
1.11600 -2.463792
1.11700 -2.492768
1.11800 -2.521744
1.11900 -2.55072
1.12000 -2.579732
1.12100 -2.608744
1.12200 -2.637756
1.12300 -2.6667680000000002
1.12400 -2.69578
1.12500 -2.724144
1.12600 -2.7525079999999997
1.12700 -2.780872
1.12800 -2.809236
1.12900 -2.8376
1.13000 -2.865652
1.13100 -2.893704
1.13200 -2.9217560000000002
1.13300 -2.949808
1.13400 -2.97786
1.13500 -3.0059519999999997
1.13600 -3.034044
1.13700 -3.0621359999999997
1.13800 -3.090228
1.13900 -3.1183199999999998
1.14000 -3.146544
1.14100 -3.174768
1.14200 -3.2029919999999996
1.14300 -3.231216
1.14400 -3.25944
1.14500 -3.287692
1.14600 -3.3159439999999996
1.14700 -3.344196
1.14800 -3.372448
1.14900 -3.4006999999999996
1.15000 -3.4298279999999997
1.15100 -3.4589559999999997
1.15200 -3.4880839999999997
1.15300 -3.517212
1.15400 -3.54634
1.15500 -3.57652
1.15600 -3.6067
1.15700 -3.63688
1.15800 -3.66706
1.15900 -3.69724
1.16000 -3.727196
1.16100 -3.757152
1.16200 -3.787108
1.16300 -3.817064
1.16400 -3.8470199999999997
1.16500 -3.8745719999999997
1.16600 -3.9021239999999997
1.16700 -3.9296759999999997
1.16800 -3.9572279999999997
1.16900 -3.9847799999999998
1.17000 -4.011132
1.17100 -4.037484
1.17200 -4.063836
1.17300 -4.0901879999999995
1.17400 -4.11654
1.17500 -4.143508
1.17600 -4.170476
1.17700 -4.197444
1.17800 -4.224412
1.17900 -4.25138
1.18000 -4.280264000000001
1.18100 -4.309148
1.18200 -4.338032
1.18300 -4.366916
1.18400 -4.3957999999999995
1.18500 -4.425032
1.18600 -4.454264
1.18700 -4.483496000000001
1.18800 -4.512728
1.18900 -4.54196
1.19000 -4.569184
1.19100 -4.596408
1.19200 -4.623632
1.19300 -4.650856
1.19400 -4.67808
1.19500 -4.702816
1.19600 -4.727552
1.19700 -4.752288
1.19800 -4.777024
1.19900 -4.80176
1.20000 -4.826492
1.20100 -4.851224
1.20200 -4.875956
1.20300 -4.900688
1.20400 -4.92542
1.20500 -4.951096
1.20600 -4.9767719999999995
1.20700 -5.002447999999999
1.20800 -5.028124
1.20900 -5.0538
1.21000 -5.0799639999999995
1.21100 -5.106128
1.21200 -5.1322920000000005
1.21300 -5.158456
1.21400 -5.184620000000001
1.21500 -5.2097
1.21600 -5.23478
1.21700 -5.259860000000001
1.21800 -5.284940000000001
1.21900 -5.31002
1.22000 -5.331668
1.22100 -5.353316
1.22200 -5.374964
1.22300 -5.396612
1.22400 -5.41826
1.22500 -5.439244
1.22600 -5.460228
1.22700 -5.481212
1.22800 -5.502196
1.22900 -5.52318
1.23000 -5.544676
1.23100 -5.566172
1.23200 -5.587668
1.23300 -5.609164000000001
1.23400 -5.630660000000001
1.23500 -5.652808
1.23600 -5.674956
1.23700 -5.697104
1.23800 -5.719252
1.23900 -5.7414000000000005
1.24000 -5.76334
1.24100 -5.78528
1.24200 -5.80722
1.24300 -5.82916
1.24400 -5.851100000000001
1.24500 -5.870696000000001
1.24600 -5.8902920000000005
1.24700 -5.9098880000000005
1.24800 -5.929484
1.24900 -5.94908
1.25000 -5.967452
1.25100 -5.985824
1.25200 -6.004195999999999
1.25300 -6.022568
1.25400 -6.04094
1.25500 -6.0595799999999995
1.25600 -6.07822
1.25700 -6.09686
1.25800 -6.1155
1.25900 -6.13414
1.26000 -6.153652
1.26100 -6.173164
1.26200 -6.1926760000000005
1.26300 -6.212187999999999
1.26400 -6.2317
1.26500 -6.251384
1.26600 -6.2710680000000005
1.26700 -6.2907519999999995
1.26800 -6.310436
1.26900 -6.33012
1.27000 -6.348604
1.27100 -6.367088
1.27200 -6.385572
1.27300 -6.404056
1.27400 -6.42254
1.27500 -6.439479999999999
1.27600 -6.45642
1.27700 -6.47336
1.27800 -6.4903
1.27900 -6.50724
1.28000 -6.52414
1.28100 -6.54104
1.28200 -6.55794
1.28300 -6.57484
1.28400 -6.59174
1.28500 -6.6090040000000005
1.28600 -6.6262680000000005
1.28700 -6.643532
1.28800 -6.660796
1.28900 -6.67806
1.29000 -6.695524000000001
1.29100 -6.712988
1.29200 -6.730452000000001
1.29300 -6.747916000000001
1.29400 -6.76538
1.29500 -6.782348000000001
1.29600 -6.799316
1.29700 -6.8162840000000005
1.29800 -6.833252
1.29900 -6.85022
1.30000 -6.865544
1.30100 -6.8808679999999995
1.30200 -6.896192000000001
1.30300 -6.911516000000001
1.30400 -6.92684
1.30500 -6.941808
1.30600 -6.9567760000000005
1.30700 -6.971743999999999
1.30800 -6.986712
1.30900 -7.00168
1.31000 -7.011204000000001
1.31100 -7.020728
1.31200 -7.030252
1.31300 -7.039775999999999
1.31400 -7.0493
1.31500 -7.051648
1.31600 -7.053996
1.31700 -7.056344
1.31800 -7.058691999999999
1.31900 -7.06104
1.32000 -7.06302
1.32100 -7.065
1.32200 -7.066979999999999
1.32300 -7.06896
1.32400 -7.07094
