0.00000 0.0214566704525588
0.00100 0.0429133409051176
0.00200 0.0643700113576764
0.00300 0.0858266818102352
0.00400 0.107283352262794
0.00500 0.1287400227153528
0.00600 0.1501966931679116
0.00700 0.1716533636204704
0.00800 0.19311003407302918
0.00900 0.214566704525588
0.01000 0.2145771340730292
0.01100 0.21458756362047038
0.01200 0.21459799316791162
0.01300 0.2146084227153528
0.01400 0.214618852262794
0.01500 0.2146292818102352
0.01600 0.2146397113576764
0.01700 0.21465014090511764
0.01800 0.21466057045255882
0.01900 0.214671
0.02000 0.21468150000000003
0.02100 0.21469200000000002
0.02200 0.21470250000000002
0.02300 0.21471300000000001
0.02400 0.2147235
0.02500 0.21473399999999998
0.02600 0.21474449999999998
0.02700 0.21475499999999997
0.02800 0.2147655
0.02900 0.214776
0.03000 0.21481219999999998
0.03100 0.2148484
0.03200 0.21488459999999998
0.03300 0.21492079999999997
0.03400 0.21495699999999998
0.03500 0.21499320000000002
0.03600 0.2150294
0.03700 0.21506560000000002
0.03800 0.2151018
0.03900 0.215138
0.04000 0.21521439999999997
0.04100 0.2152908
0.04200 0.21536720000000004
0.04300 0.2154436
0.04400 0.21552
0.04500 0.2155964
0.04600 0.21567280000000003
0.04700 0.2157492
0.04800 0.21582559999999998
0.04900 0.21590199999999998
0.05000 0.2159818
0.05100 0.21606160000000002
0.05200 0.21614139999999998
0.05300 0.21622119999999997
0.05400 0.216301
0.05500 0.21638079999999998
0.05600 0.2164606
0.05700 0.21654039999999997
0.05800 0.21662019999999998
0.05900 0.21669999999999998
0.06000 0.2167868
0.06100 0.2168736
0.06200 0.21696039999999997
0.06300 0.21704719999999997
0.06400 0.217134
0.06500 0.2172208
0.06600 0.2173076
0.06700 0.21739439999999996
0.06800 0.21748119999999999
0.06900 0.21756799999999998
0.07000 0.2176592
0.07100 0.21775039999999998
0.07200 0.2178416
0.07300 0.21793279999999998
0.07400 0.218024
0.07500 0.2181152
0.07600 0.2182064
0.07700 0.2182976
0.07800 0.2183888
0.07900 0.21848
0.08000 0.21857030000000002
0.08100 0.21866060000000004
0.08200 0.2187509
0.08300 0.2188412
0.08400 0.2189315
0.08500 0.21902180000000002
0.08600 0.21911210000000003
0.08700 0.2192024
0.08800 0.2192927
0.08900 0.21938300000000002
0.09000 0.21946890000000002
0.09100 0.2195548
0.09200 0.21964070000000002
0.09300 0.2197266
0.09400 0.21981250000000002
0.09500 0.21989840000000002
0.09600 0.2199843
0.09700 0.22007020000000002
0.09800 0.2201561
0.09900 0.220242
0.10000 0.2203268
0.10100 0.22041159999999999
0.10200 0.22049639999999998
0.10300 0.22058119999999998
0.10400 0.22066600000000003
0.10500 0.22075080000000002
0.10600 0.22083560000000002
0.10700 0.22092040000000002
0.10800 0.2210052
0.10900 0.22109
0.11000 0.2211787
0.11100 0.22126740000000003
0.11200 0.2213561
0.11300 0.2214448
0.11400 0.2215335
0.11500 0.22162220000000002
0.11600 0.22171090000000002
0.11700 0.22179959999999999
0.11800 0.22188829999999998
0.11900 0.221977
0.12000 0.22207210000000002
0.12100 0.22216719999999998
0.12200 0.2222623
0.12300 0.2223574
0.12400 0.2224525
0.12500 0.2225476
0.12600 0.22264270000000003
0.12700 0.22273780000000004
0.12800 0.2228329
0.12900 0.22292800000000002
0.13000 0.22302310000000003
0.13100 0.2231182
0.13200 0.2232133
0.13300 0.2233084
0.13400 0.2234035
0.13500 0.22349860000000002
0.13600 0.22359369999999998
0.13700 0.2236888
0.13800 0.22378389999999998
0.13900 0.223879
0.14000 0.22396719999999998
0.14100 0.2240554
0.14200 0.22414359999999997
0.14300 0.2242318
0.14400 0.22432
0.14500 0.22440819999999997
0.14600 0.22449639999999998
0.14700 0.22458459999999997
0.14800 0.2246728
0.14900 0.224761
0.15000 0.2248446
0.15100 0.2249282
0.15200 0.2250118
0.15300 0.2250954
0.15400 0.22517899999999996
0.15500 0.22526259999999998
0.15600 0.2253462
0.15700 0.22542979999999999
0.15800 0.2255134
0.15900 0.225597
0.16000 0.2256843
0.16100 0.2257716
0.16200 0.22585890000000003
0.16300 0.2259462
0.16400 0.2260335
0.16500 0.22612079999999998
0.16600 0.22620809999999997
0.16700 0.2262954
0.16800 0.2263827
0.16900 0.22647
0.17000 0.22657259999999999
0.17100 0.2266752
0.17200 0.22677779999999997
0.17300 0.22688039999999998
0.17400 0.226983
0.17500 0.22708560000000003
0.17600 0.2271882
0.17700 0.22729080000000002
0.17800 0.22739340000000002
0.17900 0.227496
0.18000 0.2276026
0.18100 0.2277092
0.18200 0.22781580000000004
0.18300 0.22792240000000002
0.18400 0.22802899999999998
0.18500 0.22813560000000002
0.18600 0.22824220000000003
0.18700 0.22834880000000002
0.18800 0.2284554
0.18900 0.22856200000000002
0.19000 0.22866850000000002
0.19100 0.228775
0.19200 0.22888150000000002
0.19300 0.22898800000000002
0.19400 0.22909449999999998
0.19500 0.229201
0.19600 0.2293075
0.19700 0.229414
0.19800 0.22952049999999996
0.19900 0.22962699999999997
0.20000 0.2297333
0.20100 0.22983959999999998
0.20200 0.22994589999999998
0.20300 0.23005219999999998
0.20400 0.23015850000000002
0.20500 0.2302648
0.20600 0.2303711
0.20700 0.2304774
0.20800 0.23058370000000003
0.20900 0.23069
0.21000 0.2308002
0.21100 0.23091040000000002
0.21200 0.2310206
0.21300 0.2311308
0.21400 0.23124099999999997
0.21500 0.23135120000000003
0.21600 0.2314614
0.21700 0.23157160000000002
0.21800 0.2316818
0.21900 0.231792
0.22000 0.2319636
0.22100 0.2321352
0.22200 0.2323068
0.22300 0.23247840000000003
0.22400 0.23265000000000002
0.22500 0.2328216
0.22600 0.23299319999999998
0.22700 0.2331648
0.22800 0.2333364
0.22900 0.233508
0.23000 0.2337218
0.23100 0.2339356
0.23200 0.2341494
0.23300 0.2343632
0.23400 0.23457699999999998
0.23500 0.23479080000000002
0.23600 0.23500460000000004
0.23700 0.23521840000000002
0.23800 0.23543220000000004
0.23900 0.23564600000000002
0.24000 0.23586500000000005
0.24100 0.23608400000000002
0.24200 0.236303
0.24300 0.23652199999999998
0.24400 0.236741
0.24500 0.23696
0.24600 0.23717899999999997
0.24700 0.237398
0.24800 0.23761699999999997
0.24900 0.237836
0.25000 0.23807769999999998
0.25100 0.23831940000000001
0.25200 0.2385611
0.25300 0.23880279999999998
0.25400 0.23904449999999997
0.25500 0.2392862
0.25600 0.2395279
0.25700 0.23976959999999997
0.25800 0.2400113
0.25900 0.240253
0.26000 0.24050080000000001
0.26100 0.2407486
0.26200 0.2409964
0.26300 0.2412442
0.26400 0.24149199999999998
0.26500 0.2417398
0.26600 0.2419876
0.26700 0.2422354
0.26800 0.24248319999999998
0.26900 0.24273099999999997
0.27000 0.24303299999999997
0.27100 0.243335
0.27200 0.24363700000000002
0.27300 0.243939
0.27400 0.24424099999999999
0.27500 0.244543
0.27600 0.24484500000000003
0.27700 0.245147
0.27800 0.24544899999999997
0.27900 0.245751
0.28000 0.24614419999999998
0.28100 0.24653740000000002
0.28200 0.2469306
0.28300 0.24732380000000004
0.28400 0.24771700000000002
0.28500 0.2481102
0.28600 0.2485034
0.28700 0.2488966
0.28800 0.24928980000000003
0.28900 0.24968300000000002
0.29000 0.2500837
0.29100 0.25048440000000005
0.29200 0.25088509999999997
0.29300 0.2512858
0.29400 0.25168650000000004
0.29500 0.2520872
0.29600 0.25248790000000004
0.29700 0.2528886
0.29800 0.2532893
0.29900 0.25369
0.30000 0.25409000000000004
0.30100 0.25449
0.30200 0.25489
0.30300 0.25529
0.30400 0.25569000000000003
0.30500 0.25609000000000004
0.30600 0.25649
0.30700 0.25689
0.30800 0.25729
0.30900 0.25769000000000003
0.31000 0.2580894
0.31100 0.2584888
0.31200 0.2588882
0.31300 0.2592876
0.31400 0.259687
0.31500 0.2600864
0.31600 0.2604858
0.31700 0.2608852
0.31800 0.2612846
0.31900 0.26168399999999997
0.32000 0.2621038
0.32100 0.26252359999999997
0.32200 0.2629434
0.32300 0.2633632
0.32400 0.263783
0.32500 0.26420279999999996
0.32600 0.2646226
0.32700 0.2650424
0.32800 0.2654622
0.32900 0.265882
0.33000 0.2663914
0.33100 0.2669008
0.33200 0.2674102
0.33300 0.26791960000000004
0.33400 0.268429
0.33500 0.2689384
0.33600 0.2694478
0.33700 0.2699572
0.33800 0.2704666
0.33900 0.270976
0.34000 0.2715103
0.34100 0.27204459999999997
0.34200 0.2725789
0.34300 0.2731132
0.34400 0.2736475
0.34500 0.2741818
0.34600 0.27471609999999996
0.34700 0.2752504
0.34800 0.2757847
0.34900 0.276319
0.35000 0.2768478
0.35100 0.2773766
0.35200 0.27790539999999997
0.35300 0.27843419999999997
0.35400 0.27896299999999996
0.35500 0.2794918
0.35600 0.28002059999999995
0.35700 0.2805494
0.35800 0.28107819999999994
0.35900 0.281607
0.36000 0.28212669999999995
0.36100 0.2826464
0.36200 0.2831661
0.36300 0.2836858
0.36400 0.2842055
0.36500 0.2847252
0.36600 0.2852449
0.36700 0.2857646
0.36800 0.28628430000000005
0.36900 0.286804
0.37000 0.28732480000000005
0.37100 0.2878456
0.37200 0.2883664
0.37300 0.2888872
0.37400 0.289408
0.37500 0.2899288
0.37600 0.2904496
0.37700 0.2909704
0.37800 0.29149119999999995
0.37900 0.292012
0.38000 0.29256699999999997
0.38100 0.293122
0.38200 0.293677
0.38300 0.294232
0.38400 0.294787
0.38500 0.295342
0.38600 0.29589699999999997
0.38700 0.29645200000000005
0.38800 0.297007
0.38900 0.297562
0.39000 0.2981416
0.39100 0.2987212
0.39200 0.29930080000000003
0.39300 0.29988040000000005
0.39400 0.30046
0.39500 0.3010396
0.39600 0.30161920000000003
0.39700 0.30219880000000005
0.39800 0.3027784
0.39900 0.303358
0.40000 0.3039452
0.40100 0.3045324
0.40200 0.3051196
0.40300 0.3057068
0.40400 0.306294
0.40500 0.30688119999999997
0.40600 0.3074684
0.40700 0.3080556
0.40800 0.3086428
0.40900 0.30923
0.41000 0.3098524
0.41100 0.3104748
0.41200 0.31109719999999996
0.41300 0.3117196
0.41400 0.312342
0.41500 0.3129644
0.41600 0.3135868
0.41700 0.31420919999999997
0.41800 0.3148316
0.41900 0.315454
0.42000 0.3160862
0.42100 0.31671839999999996
0.42200 0.31735060000000004
0.42300 0.3179828
0.42400 0.318615
0.42500 0.3192472
0.42600 0.3198794
0.42700 0.3205116
0.42800 0.32114380000000003
0.42900 0.321776
0.43000 0.3224099
0.43100 0.3230438
0.43200 0.3236777
0.43300 0.32431160000000003
0.43400 0.3249455
0.43500 0.32557939999999996
0.43600 0.3262133
0.43700 0.3268472
0.43800 0.32748109999999997
0.43900 0.328115
0.44000 0.3287519
0.44100 0.3293888
0.44200 0.3300257
0.44300 0.33066260000000003
0.44400 0.33129949999999997
0.44500 0.33193639999999996
0.44600 0.3325733
0.44700 0.3332102
0.44800 0.3338471
0.44900 0.334484
0.45000 0.33512569999999997
0.45100 0.3357674
0.45200 0.3364091
0.45300 0.3370508
0.45400 0.3376925
0.45500 0.3383342
0.45600 0.3389759
0.45700 0.3396176
0.45800 0.3402593
0.45900 0.340901
0.46000 0.3416243
0.46100 0.3423476
0.46200 0.34307089999999996
0.46300 0.3437942
0.46400 0.3445175
0.46500 0.34524079999999996
0.46600 0.3459641
0.46700 0.3466874
0.46800 0.3474107
0.46900 0.348134
0.47000 0.3489171
0.47100 0.34970019999999996
0.47200 0.3504833
0.47300 0.3512664
0.47400 0.3520495
0.47500 0.3528326
0.47600 0.3536157
0.47700 0.3543988
0.47800 0.3551819
0.47900 0.355965
0.48000 0.3567549
0.48100 0.3575448
0.48200 0.3583347
0.48300 0.3591246
0.48400 0.3599145
0.48500 0.36070440000000004
0.48600 0.36149430000000005
0.48700 0.3622842
0.48800 0.3630741
0.48900 0.363864
0.49000 0.36468500000000004
0.49100 0.365506
0.49200 0.366327
0.49300 0.36714800000000003
0.49400 0.367969
0.49500 0.36879
0.49600 0.369611
0.49700 0.370432
0.49800 0.371253
0.49900 0.372074
0.50000 0.3729041
0.50100 0.3737342
0.50200 0.3745643
0.50300 0.3753944
0.50400 0.3762245
0.50500 0.3770546
0.50600 0.37788469999999996
0.50700 0.3787148
0.50800 0.3795449
0.50900 0.380375
0.51000 0.3812624
0.51100 0.3821498
0.51200 0.3830372
0.51300 0.3839246
0.51400 0.384812
0.51500 0.38569939999999997
0.51600 0.3865868
0.51700 0.3874742
0.51800 0.3883616
0.51900 0.389249
0.52000 0.39024000000000003
0.52100 0.391231
0.52200 0.39222199999999996
0.52300 0.393213
0.52400 0.394204
0.52500 0.395195
0.52600 0.39618600000000004
0.52700 0.397177
0.52800 0.39816799999999997
0.52900 0.399159
0.53000 0.4001584
0.53100 0.4011578
0.53200 0.4021572
0.53300 0.4031566
0.53400 0.40415599999999996
0.53500 0.40515539999999994
0.53600 0.40615480000000004
0.53700 0.4071542
0.53800 0.4081536
0.53900 0.409153
0.54000 0.4101323
0.54100 0.4111116
0.54200 0.41209090000000004
0.54300 0.41307020000000005
0.54400 0.41404949999999996
0.54500 0.4150288
0.54600 0.4160081
0.54700 0.4169874
0.54800 0.4179667
0.54900 0.41894600000000004
0.55000 0.4199103
0.55100 0.42087460000000004
0.55200 0.4218389
0.55300 0.42280320000000005
0.55400 0.4237675
0.55500 0.4247318
0.55600 0.4256961
0.55700 0.4266604
0.55800 0.4276247000000001
0.55900 0.428589
0.56000 0.42957809999999996
0.56100 0.43056720000000004
0.56200 0.4315563
0.56300 0.4325454000000001
0.56400 0.43353450000000004
0.56500 0.4345236
0.56600 0.43551270000000003
0.56700 0.4365018
0.56800 0.43749090000000007
0.56900 0.43848000000000004
0.57000 0.439588
0.57100 0.440696
0.57200 0.44180400000000003
0.57300 0.44291200000000003
0.57400 0.44401999999999997
0.57500 0.44512799999999997
0.57600 0.44623599999999997
0.57700 0.447344
0.57800 0.44845199999999996
0.57900 0.44955999999999996
0.58000 0.45070350000000003
0.58100 0.451847
0.58200 0.45299049999999996
0.58300 0.454134
0.58400 0.45527750000000006
0.58500 0.456421
0.58600 0.4575645
0.58700 0.458708
0.58800 0.4598515000000001
0.58900 0.46099500000000004
0.59000 0.4621086
0.59100 0.46322220000000003
0.59200 0.4643358
0.59300 0.46544940000000007
0.59400 0.466563
0.59500 0.4676766
0.59600 0.46879020000000005
0.59700 0.4699038
0.59800 0.47101740000000003
0.59900 0.47213099999999997
0.60000 0.4731892999999999
0.60100 0.4742476
0.60200 0.47530590000000006
0.60300 0.4763642
0.60400 0.47742249999999997
0.60500 0.4784808
0.60600 0.47953910000000005
0.60700 0.4805974
0.60800 0.48165569999999996
0.60900 0.482714
0.61000 0.4837718
0.61100 0.4848296
0.61200 0.4858874
0.61300 0.48694519999999997
0.61400 0.48800299999999996
0.61500 0.4890608
0.61600 0.4901186
0.61700 0.49117639999999996
0.61800 0.49223420000000007
0.61900 0.493292
0.62000 0.49444810000000006
0.62100 0.4956042
0.62200 0.49676030000000004
0.62300 0.4979164
0.62400 0.49907250000000003
0.62500 0.5002286
0.62600 0.5013847
0.62700 0.5025408
0.62800 0.5036969
0.62900 0.504853
0.63000 0.5060844
0.63100 0.5073158
0.63200 0.5085472
0.63300 0.5097786
0.63400 0.51101
0.63500 0.5122414
0.63600 0.5134728
0.63700 0.5147042
0.63800 0.5159355999999999
0.63900 0.5171669999999999
0.64000 0.5183821
0.64100 0.5195972
0.64200 0.5208123
0.64300 0.5220274
0.64400 0.5232425
0.64500 0.5244576000000001
0.64600 0.5256727000000001
0.64700 0.5268878
0.64800 0.5281029
0.64900 0.5293180000000001
0.65000 0.5304512000000001
0.65100 0.5315844000000001
0.65200 0.5327176
0.65300 0.5338508
0.65400 0.534984
0.65500 0.5361172000000001
0.65600 0.5372504
0.65700 0.5383836000000001
0.65800 0.5395168
0.65900 0.5406500000000001
0.66000 0.5417583
0.66100 0.5428666000000001
0.66200 0.5439749
0.66300 0.5450832
0.66400 0.5461915
0.66500 0.5472998
0.66600 0.5484081000000001
0.66700 0.5495164
0.66800 0.5506247
0.66900 0.551733
0.67000 0.5528839000000001
0.67100 0.5540347999999999
0.67200 0.5551857
0.67300 0.5563366000000001
0.67400 0.5574875
0.67500 0.5586384
0.67600 0.5597893
0.67700 0.5609402
0.67800 0.5620911
0.67900 0.563242
0.68000 0.5644734
0.68100 0.5657048
0.68200 0.5669362
0.68300 0.5681676
0.68400 0.569399
0.68500 0.5706304
0.68600 0.5718618
0.68700 0.5730932
0.68800 0.5743246
0.68900 0.575556
0.69000 0.5767916
0.69100 0.5780272
0.69200 0.5792628000000001
0.69300 0.5804984
0.69400 0.581734
0.69500 0.5829696
0.69600 0.5842052000000001
0.69700 0.5854408
0.69800 0.5866764
0.69900 0.587912
0.70000 0.5890664
0.70100 0.5902208
0.70200 0.5913752000000001
0.70300 0.5925296
0.70400 0.593684
0.70500 0.5948384
0.70600 0.5959928
0.70700 0.5971472
0.70800 0.5983016
0.70900 0.599456
0.71000 0.6005466
0.71100 0.6016372
0.71200 0.6027278
0.71300 0.6038184
0.71400 0.6049089999999999
0.71500 0.6059996
0.71600 0.6070902
0.71700 0.6081808000000001
0.71800 0.6092714
0.71900 0.6103620000000001
0.72000 0.6114632
0.72100 0.6125644
0.72200 0.6136656
0.72300 0.6147668000000001
0.72400 0.6158680000000001
0.72500 0.6169692
0.72600 0.6180703999999999
0.72700 0.6191715999999999
0.72800 0.6202728
0.72900 0.621374
0.73000 0.6225299
0.73100 0.6236858
0.73200 0.6248416999999999
0.73300 0.6259976
0.73400 0.6271535
0.73500 0.6283093999999999
0.73600 0.6294652999999999
0.73700 0.6306212
0.73800 0.6317771
0.73900 0.632933
0.74000 0.634106
0.74100 0.6352789999999999
0.74200 0.636452
0.74300 0.637625
0.74400 0.638798
0.74500 0.639971
0.74600 0.6411439999999999
0.74700 0.642317
0.74800 0.64349
0.74900 0.644663
0.75000 0.6458225
0.75100 0.646982
0.75200 0.6481415
0.75300 0.649301
0.75400 0.6504605
0.75500 0.65162
0.75600 0.6527795
0.75700 0.653939
0.75800 0.6550985
0.75900 0.656258
0.76000 0.6573914999999999
0.76100 0.6585249999999999
0.76200 0.6596585
0.76300 0.660792
0.76400 0.6619254999999999
0.76500 0.663059
0.76600 0.6641925
0.76700 0.6653260000000001
0.76800 0.6664595
0.76900 0.667593
0.77000 0.6687190000000001
0.77100 0.669845
0.77200 0.670971
0.77300 0.672097
0.77400 0.6732229999999999
0.77500 0.674349
0.77600 0.6754749999999999
0.77700 0.676601
0.77800 0.677727
0.77900 0.6788529999999999
0.78000 0.6798702
0.78100 0.6808873999999999
0.78200 0.6819046
0.78300 0.6829218
0.78400 0.683939
0.78500 0.6849562
0.78600 0.6859734
0.78700 0.6869906
0.78800 0.6880078000000001
0.78900 0.689025
0.79000 0.689955
0.79100 0.690885
0.79200 0.691815
0.79300 0.692745
0.79400 0.693675
0.79500 0.6946049999999999
0.79600 0.695535
0.79700 0.696465
0.79800 0.697395
0.79900 0.698325
0.80000 0.6992627
0.80100 0.7002004000000001
0.80200 0.7011381
0.80300 0.7020758
0.80400 0.7030135
0.80500 0.7039512
0.80600 0.7048889
0.80700 0.7058266
0.80800 0.7067643
0.80900 0.707702
0.81000 0.7086828
0.81100 0.7096636000000001
0.81200 0.7106444
0.81300 0.7116252000000001
0.81400 0.712606
0.81500 0.7135868
0.81600 0.7145676
0.81700 0.7155484
0.81800 0.7165292
0.81900 0.71751
0.82000 0.7185045
0.82100 0.719499
0.82200 0.7204935
0.82300 0.721488
0.82400 0.7224824999999999
0.82500 0.7234769999999999
0.82600 0.7244714999999999
0.82700 0.7254659999999999
0.82800 0.7264605
0.82900 0.727455
0.83000 0.7283774
0.83100 0.7292997999999999
0.83200 0.7302221999999999
0.83300 0.7311446
0.83400 0.732067
0.83500 0.7329893999999999
0.83600 0.7339118
0.83700 0.7348342
0.83800 0.7357566
0.83900 0.736679
0.84000 0.7374585
0.84100 0.7382380000000001
0.84200 0.7390175
0.84300 0.739797
0.84400 0.7405765000000001
0.84500 0.741356
0.84600 0.7421355000000001
0.84700 0.742915
0.84800 0.7436945
0.84900 0.7444740000000001
0.85000 0.7452389
0.85100 0.7460038
0.85200 0.7467687000000001
0.85300 0.7475336
0.85400 0.7482985
0.85500 0.7490634
0.85600 0.7498283
0.85700 0.7505932000000001
0.85800 0.7513581
0.85900 0.752123
0.86000 0.7529025
0.86100 0.753682
0.86200 0.7544615
0.86300 0.755241
0.86400 0.7560205
0.86500 0.7567999999999999
0.86600 0.7575795
0.86700 0.758359
0.86800 0.7591384999999999
0.86900 0.759918
0.87000 0.7607093
0.87100 0.7615006
0.87200 0.7622918999999999
0.87300 0.7630832
0.87400 0.7638745
0.87500 0.7646658
0.87600 0.7654571
0.87700 0.7662484
0.87800 0.7670397
0.87900 0.7678309999999999
0.88000 0.7685949
0.88100 0.7693588
0.88200 0.7701226999999999
0.88300 0.7708866
0.88400 0.7716505
0.88500 0.7724144
0.88600 0.7731783
0.88700 0.7739421999999999
0.88800 0.7747061
0.88900 0.77547
0.89000 0.7760868999999999
0.89100 0.7767037999999999
0.89200 0.7773207
0.89300 0.7779376
0.89400 0.7785545
0.89500 0.7791714
0.89600 0.7797883
0.89700 0.7804052
0.89800 0.7810221
0.89900 0.781639
0.90000 0.7822077000000001
0.90100 0.7827764
0.90200 0.7833451
0.90300 0.7839138
0.90400 0.7844825
0.90500 0.7850512000000001
0.90600 0.7856199
0.90700 0.7861886
0.90800 0.7867573
0.90900 0.787326
0.91000 0.7878809999999999
0.91100 0.788436
0.91200 0.788991
0.91300 0.789546
0.91400 0.7901009999999999
0.91500 0.790656
0.91600 0.791211
0.91700 0.791766
0.91800 0.7923209999999999
0.91900 0.7928759999999999
0.92000 0.793403
0.92100 0.7939299999999999
0.92200 0.794457
0.92300 0.794984
0.92400 0.795511
0.92500 0.796038
0.92600 0.796565
0.92700 0.797092
0.92800 0.797619
0.92900 0.798146
0.93000 0.7986658
0.93100 0.7991856
0.93200 0.7997054
0.93300 0.8002252000000001
0.93400 0.800745
0.93500 0.8012648
0.93600 0.8017846000000001
0.93700 0.8023044
0.93800 0.8028242000000001
0.93900 0.8033440000000001
0.94000 0.8037626000000001
0.94100 0.8041812
0.94200 0.8045998000000001
0.94300 0.8050184
0.94400 0.8054370000000001
0.94500 0.8058556000000001
0.94600 0.8062742
0.94700 0.8066928000000001
0.94800 0.8071113999999999
0.94900 0.8075300000000001
0.95000 0.8078639000000001
0.95100 0.8081978
0.95200 0.8085317
0.95300 0.8088656000000001
0.95400 0.8091995000000001
0.95500 0.8095334
0.95600 0.8098673
0.95700 0.8102012000000001
0.95800 0.8105350999999998
0.95900 0.810869
0.96000 0.8111991999999999
0.96100 0.8115293999999998
0.96200 0.8118596
0.96300 0.8121898
0.96400 0.8125199999999999
0.96500 0.8128502
0.96600 0.8131803999999999
0.96700 0.8135106000000001
0.96800 0.8138408
0.96900 0.814171
0.97000 0.8144854
0.97100 0.8147998
0.97200 0.8151142
0.97300 0.8154286
0.97400 0.815743
0.97500 0.8160574
0.97600 0.8163718
0.97700 0.8166862
0.97800 0.8170005999999999
0.97900 0.817315
0.98000 0.8176241
0.98100 0.8179332
0.98200 0.8182423
0.98300 0.8185513999999999
0.98400 0.8188604999999999
0.98500 0.8191696
0.98600 0.8194787
0.98700 0.8197878
0.98800 0.8200969
0.98900 0.820406
0.99000 0.8206903000000001
0.99100 0.8209746000000001
0.99200 0.8212588999999999
0.99300 0.8215432
0.99400 0.8218275
0.99500 0.8221118000000001
0.99600 0.8223961000000001
0.99700 0.8226804
0.99800 0.8229647
0.99900 0.823249
1.00000 0.823482
1.00100 0.823715
1.00200 0.823948
1.00300 0.8241809999999999
1.00400 0.824414
1.00500 0.824647
1.00600 0.82488
1.00700 0.825113
1.00800 0.8253459999999999
1.00900 0.825579
1.01000 0.8258056
1.01100 0.8260321999999999
1.01200 0.8262588
1.01300 0.8264853999999999
1.01400 0.8267119999999999
1.01500 0.8269385999999999
1.01600 0.8271651999999999
1.01700 0.8273918
1.01800 0.8276183999999999
1.01900 0.8278449999999999
1.02000 0.8280600999999999
1.02100 0.8282752
1.02200 0.8284903
1.02300 0.8287053999999999
1.02400 0.8289205
1.02500 0.8291356000000001
1.02600 0.8293507
1.02700 0.8295657999999999
1.02800 0.8297809
1.02900 0.8299960000000001
1.03000 0.8302012000000001
1.03100 0.8304064
1.03200 0.8306115999999999
1.03300 0.8308168
1.03400 0.8310220000000001
1.03500 0.8312272
1.03600 0.8314324
1.03700 0.8316376
1.03800 0.8318428000000001
1.03900 0.832048
1.04000 0.8322478
1.04100 0.8324476000000001
1.04200 0.8326473999999999
1.04300 0.8328472
1.04400 0.833047
1.04500 0.8332468000000001
1.04600 0.8334466
1.04700 0.8336463999999999
1.04800 0.8338462
1.04900 0.8340460000000001
1.05000 0.8342161000000001
1.05100 0.8343862
1.05200 0.8345563
1.05300 0.8347263999999999
1.05400 0.8348964999999999
1.05500 0.8350666
1.05600 0.8352366999999999
1.05700 0.8354068
1.05800 0.8355768999999998
1.05900 0.8357469999999999
1.06000 0.8359069
1.06100 0.8360667999999999
1.06200 0.8362266999999999
1.06300 0.8363866
1.06400 0.8365465000000001
1.06500 0.8367064
1.06600 0.8368663
1.06700 0.8370262
1.06800 0.8371860999999999
1.06900 0.8373459999999999
1.07000 0.8374929999999999
1.07100 0.83764
1.07200 0.837787
1.07300 0.837934
1.07400 0.8380810000000001
1.07500 0.838228
1.07600 0.8383749999999999
1.07700 0.8385219999999999
1.07800 0.838669
1.07900 0.8388159999999999
1.08000 0.8389358
1.08100 0.8390556
1.08200 0.8391753999999999
1.08300 0.8392951999999999
1.08400 0.839415
1.08500 0.8395348
1.08600 0.8396546
1.08700 0.8397743999999999
1.08800 0.8398942
1.08900 0.840014
1.09000 0.84013
1.09100 0.8402459999999999
1.09200 0.840362
1.09300 0.8404780000000001
1.09400 0.8405940000000001
1.09500 0.84071
1.09600 0.8408260000000001
1.09700 0.8409420000000001
1.09800 0.841058
1.09900 0.841174
1.10000 0.8412754
1.10100 0.8413767999999999
1.10200 0.8414782000000001
1.10300 0.8415796
1.10400 0.841681
1.10500 0.8417823999999999
1.10600 0.8418838
1.10700 0.8419852000000001
1.10800 0.8420866
1.10900 0.8421879999999999
1.11000 0.8422767
1.11100 0.8423653999999999
1.11200 0.8424541
1.11300 0.8425428
1.11400 0.8426314999999999
1.11500 0.8427201999999999
1.11600 0.8428089
1.11700 0.8428976
1.11800 0.8429863
1.11900 0.843075
1.12000 0.8431538
1.12100 0.8432326
1.12200 0.8433113999999999
1.12300 0.8433902
1.12400 0.843469
1.12500 0.8435478
1.12600 0.8436266
1.12700 0.8437053999999999
1.12800 0.8437842
1.12900 0.843863
1.13000 0.8438858
1.13100 0.8439086
1.13200 0.8439314
1.13300 0.8439542
1.13400 0.843977
1.13500 0.8439998000000001
1.13600 0.8440226000000001
1.13700 0.8440454000000001
1.13800 0.8440682
1.13900 0.844091
1.14000 0.8440940000000001
1.14100 0.844097
1.14200 0.8441000000000001
1.14300 0.8441029999999999
1.14400 0.844106
1.14500 0.8441090000000001
1.14600 0.844112
1.14700 0.8441150000000001
1.14800 0.8441179999999999
1.14900 0.844121
1.15000 0.8441135
1.15100 0.844106
1.15200 0.8440985
1.15300 0.844091
1.15400 0.8440835
1.15500 0.8440759999999999
1.15600 0.8440685
1.15700 0.844061
1.15800 0.8440535
1.15900 0.844046
1.16000 0.8440154
1.16100 0.8439848
1.16200 0.8439542
1.16300 0.8439235999999999
1.16400 0.8438929999999999
1.16500 0.8438624000000001
1.16600 0.8438318
1.16700 0.8438012
1.16800 0.8437706
1.16900 0.84374
1.17000 0.8437043000000001
1.17100 0.8436686
1.17200 0.8436329
1.17300 0.8435971999999999
1.17400 0.8435615000000001
1.17500 0.8435258000000001
1.17600 0.8434901
1.17700 0.8434544
1.17800 0.8434187
1.17900 0.843383
1.18000 0.8432785
1.18100 0.843174
1.18200 0.8430695
1.18300 0.8429650000000001
1.18400 0.8428605000000001
1.18500 0.842756
1.18600 0.8426515
1.18700 0.842547
1.18800 0.8424425
1.18900 0.842338
1.19000 0.8421719
1.19100 0.8420057999999999
1.19200 0.8418397000000001
1.19300 0.8416736
1.19400 0.8415075
1.19500 0.8413413999999999
1.19600 0.8411753
1.19700 0.8410092
1.19800 0.8408431000000001
1.19900 0.840677
1.20000 0.8404971
1.20100 0.8403172
1.20200 0.8401373
1.20300 0.8399574
1.20400 0.8397775
1.20500 0.8395976
1.20600 0.8394177
1.20700 0.8392378
1.20800 0.8390579
1.20900 0.838878
1.21000 0.8386204000000002
1.21100 0.8383628
1.21200 0.8381052
1.21300 0.8378476000000001
1.21400 0.8375900000000002
1.21500 0.8373324
1.21600 0.8370748000000001
1.21700 0.8368172000000001
1.21800 0.8365596
1.21900 0.8363020000000001
1.22000 0.8360165
1.22100 0.835731
1.22200 0.8354455
1.22300 0.8351599999999999
1.22400 0.8348745000000001
1.22500 0.834589
1.22600 0.8343035000000001
1.22700 0.834018
1.22800 0.8337325
1.22900 0.8334469999999999
1.23000 0.8331040999999999
1.23100 0.8327612
1.23200 0.8324182999999999
1.23300 0.8320753999999999
1.23400 0.8317325
1.23500 0.8313896
1.23600 0.8310466999999999
1.23700 0.8307037999999999
1.23800 0.8303609
1.23900 0.8300179999999999
1.24000 0.8295473
1.24100 0.8290765999999999
1.24200 0.8286059
1.24300 0.8281352
1.24400 0.8276644999999998
1.24500 0.8271937999999999
1.24600 0.8267230999999999
1.24700 0.8262523999999999
1.24800 0.8257817
1.24900 0.8253109999999999
1.25000 0.8248213999999999
1.25100 0.8243318000000001
1.25200 0.8238422
1.25300 0.8233526
1.25400 0.8228629999999999
1.25500 0.8223734
1.25600 0.8218837999999999
1.25700 0.8213942
1.25800 0.8209046000000001
1.25900 0.820415
1.26000 0.8198321
1.26100 0.8192492
1.26200 0.8186663000000001
1.26300 0.8180834000000001
1.26400 0.8175005000000001
1.26500 0.8169176
1.26600 0.8163347
1.26700 0.8157518000000001
1.26800 0.8151689000000001
1.26900 0.814586
1.27000 0.8139178000000001
1.27100 0.8132496000000001
1.27200 0.8125814
1.27300 0.8119132
1.27400 0.8112450000000001
1.27500 0.8105768000000001
1.27600 0.8099086000000002
1.27700 0.8092404
1.27800 0.8085722000000001
1.27900 0.8079040000000001
1.28000 0.8072251000000001
1.28100 0.8065462
1.28200 0.8058673000000001
1.28300 0.8051884000000001
1.28400 0.8045095
1.28500 0.8038306000000001
1.28600 0.8031517000000001
1.28700 0.8024728000000001
1.28800 0.8017939000000001
1.28900 0.801115
1.29000 0.8003773000000001
1.29100 0.7996396000000001
1.29200 0.7989019
1.29300 0.7981642000000001
1.29400 0.7974265
1.29500 0.7966888
1.29600 0.7959511
1.29700 0.7952134
1.29800 0.7944757
1.29900 0.793738
1.30000 0.7929786
1.30100 0.7922192
1.30200 0.7914597999999999
1.30300 0.7907004
1.30400 0.789941
1.30500 0.7891816
1.30600 0.7884222000000001
1.30700 0.7876628
1.30800 0.7869034
1.30900 0.786144
1.31000 0.785326
1.31100 0.784508
1.31200 0.78369
1.31300 0.782872
1.31400 0.7820539999999999
1.31500 0.781236
1.31600 0.780418
1.31700 0.7796
1.31800 0.778782
1.31900 0.777964
1.32000 0.7770121999999999
1.32100 0.7760604
1.32200 0.7751086
1.32300 0.7741568
1.32400 0.7732049999999999
1.32500 0.7722532
1.32600 0.7713013999999999
1.32700 0.7703496
1.32800 0.7693977999999999
1.32900 0.768446
1.33000 0.7674768999999999
1.33100 0.7665078
1.33200 0.7655387
1.33300 0.7645696
1.33400 0.7636005
1.33500 0.7626314
1.33600 0.7616623
1.33700 0.7606932000000001
1.33800 0.7597241
1.33900 0.7587550000000001
1.34000 0.7577941
1.34100 0.7568332
1.34200 0.7558723
1.34300 0.7549114
1.34400 0.7539505
1.34500 0.7529896
1.34600 0.7520287
1.34700 0.7510678000000001
1.34800 0.7501069
1.34900 0.749146
1.35000 0.7481928
1.35100 0.7472396
1.35200 0.7462864
1.35300 0.7453331999999999
1.35400 0.7443799999999999
1.35500 0.7434268
1.35600 0.7424736000000001
1.35700 0.7415204
1.35800 0.7405672
1.35900 0.739614
1.36000 0.7386369
1.36100 0.7376598
1.36200 0.7366827
1.36300 0.7357056
1.36400 0.7347284999999999
1.36500 0.7337513999999999
1.36600 0.7327743
1.36700 0.7317972
1.36800 0.7308201
1.36900 0.729843
1.37000 0.7287152
1.37100 0.7275874
1.37200 0.7264596
1.37300 0.7253318
1.37400 0.724204
1.37500 0.7230762
1.37600 0.7219483999999999
1.37700 0.7208205999999999
1.37800 0.7196928
1.37900 0.718565
1.38000 0.7173802
1.38100 0.7161953999999999
1.38200 0.7150106
1.38300 0.7138258
1.38400 0.712641
1.38500 0.7114562
1.38600 0.7102714
1.38700 0.7090866
1.38800 0.7079017999999999
1.38900 0.706717
1.39000 0.7055542
1.39100 0.7043914
1.39200 0.7032286
1.39300 0.7020658
1.39400 0.700903
1.39500 0.6997402
1.39600 0.6985774
1.39700 0.6974146
1.39800 0.6962518
1.39900 0.6950890000000001
1.40000 0.6939775
1.40100 0.692866
1.40200 0.6917545
1.40300 0.690643
1.40400 0.6895315
1.40500 0.68842
1.40600 0.6873085
1.40700 0.6861970000000001
1.40800 0.6850855
1.40900 0.683974
1.41000 0.6828649
1.41100 0.6817558
1.41200 0.6806466999999999
1.41300 0.6795376
1.41400 0.6784285000000001
1.41500 0.6773194
1.41600 0.6762102999999999
1.41700 0.6751012000000001
1.41800 0.6739921000000001
1.41900 0.672883
1.42000 0.6716027
1.42100 0.6703224000000001
1.42200 0.6690421
1.42300 0.6677618
1.42400 0.6664815
1.42500 0.6652012
1.42600 0.6639209
1.42700 0.6626405999999999
1.42800 0.6613602999999999
1.42900 0.66008
1.43000 0.6586366
1.43100 0.6571931999999999
1.43200 0.6557497999999999
1.43300 0.6543064
1.43400 0.652863
1.43500 0.6514196
1.43600 0.6499762
1.43700 0.6485328
1.43800 0.6470893999999999
1.43900 0.6456459999999999
1.44000 0.6442104
1.44100 0.6427748
1.44200 0.6413392
1.44300 0.6399036
1.44400 0.6384679999999999
1.44500 0.6370324
1.44600 0.6355968
1.44700 0.6341612
1.44800 0.6327256
1.44900 0.63129
1.45000 0.6299231
1.45100 0.6285562
1.45200 0.6271893000000001
1.45300 0.6258224
1.45400 0.6244555
1.45500 0.6230886
1.45600 0.6217216999999999
1.45700 0.6203548000000001
1.45800 0.6189879
1.45900 0.617621
1.46000 0.6162806
1.46100 0.6149402
1.46200 0.6135998
1.46300 0.6122594
1.46400 0.610919
1.46500 0.6095786
1.46600 0.6082382
1.46700 0.6068977999999999
1.46800 0.6055574
1.46900 0.604217
1.47000 0.6026547
1.47100 0.6010924
1.47200 0.5995301
1.47300 0.5979677999999999
1.47400 0.5964055
1.47500 0.5948431999999999
1.47600 0.5932809
1.47700 0.5917186
1.47800 0.5901563
1.47900 0.588594
1.48000 0.5865018
1.48100 0.5844096
1.48200 0.5823174
1.48300 0.5802252
1.48400 0.578133
1.48500 0.5760408
1.48600 0.5739486
1.48700 0.5718564
1.48800 0.5697642
1.48900 0.5676720000000001
1.49000 0.5655052
1.49100 0.5633384
1.49200 0.5611716
1.49300 0.5590048000000001
1.49400 0.556838
1.49500 0.5546712
1.49600 0.5525044
1.49700 0.5503376
1.49800 0.5481708000000001
1.49900 0.546004
1.50000 0.5437927
1.50100 0.5415814
1.50200 0.5393701
1.50300 0.5371588
1.50400 0.5349475
1.50500 0.5327362
1.50600 0.5305249
1.50700 0.5283135999999999
1.50800 0.5261023
1.50900 0.523891
1.51000 0.5216362
1.51100 0.5193814
1.51200 0.5171265999999999
1.51300 0.5148718
1.51400 0.512617
1.51500 0.5103622
1.51600 0.5081073999999999
1.51700 0.5058526
1.51800 0.5035978
1.51900 0.501343
1.52000 0.4990506
1.52100 0.4967581999999999
1.52200 0.49446579999999996
1.52300 0.4921734
1.52400 0.4898809999999999
1.52500 0.4875885999999999
1.52600 0.48529619999999996
1.52700 0.4830038
1.52800 0.48071139999999996
1.52900 0.478419
1.53000 0.4758801999999999
1.53100 0.47334139999999997
1.53200 0.4708026
1.53300 0.4682638
1.53400 0.46572499999999994
1.53500 0.4631862
1.53600 0.46064740000000004
1.53700 0.4581086
1.53800 0.45556979999999997
1.53900 0.453031
1.54000 0.45039470000000004
1.54100 0.4477584
1.54200 0.4451221
1.54300 0.44248580000000004
1.54400 0.43984950000000006
1.54500 0.43721319999999997
1.54600 0.4345769
1.54700 0.4319406
1.54800 0.42930429999999997
1.54900 0.426668
1.55000 0.4239406
1.55100 0.42121320000000007
1.55200 0.4184858
1.55300 0.4157584
1.55400 0.413031
1.55500 0.41030359999999994
1.55600 0.4075762
1.55700 0.4048488
1.55800 0.40212139999999996
1.55900 0.39939399999999997
1.56000 0.3964442
1.56100 0.39349439999999997
1.56200 0.3905446
1.56300 0.38759479999999996
1.56400 0.384645
1.56500 0.3816952
1.56600 0.3787454
1.56700 0.3757956
1.56800 0.3728458
1.56900 0.369896
1.57000 0.3669149
1.57100 0.3639338
1.57200 0.3609527
1.57300 0.3579716
1.57400 0.3549905
1.57500 0.35200940000000003
1.57600 0.3490283
1.57700 0.3460472
1.57800 0.34306610000000004
1.57900 0.340085
1.58000 0.33713000000000004
1.58100 0.334175
1.58200 0.33122
1.58300 0.32826500000000003
1.58400 0.32531
1.58500 0.322355
1.58600 0.3194
1.58700 0.316445
1.58800 0.31349
1.58900 0.310535
1.59000 0.3076061
1.59100 0.30467720000000004
1.59200 0.30174829999999997
1.59300 0.2988194
1.59400 0.2958905
1.59500 0.29296160000000004
1.59600 0.29003270000000003
1.59700 0.2871038
1.59800 0.2841749
1.59900 0.281246
1.60000 0.27827270000000004
1.60100 0.2752994
1.60200 0.2723261
1.60300 0.2693528
1.60400 0.26637950000000005
1.60500 0.26340620000000003
1.60600 0.26043289999999997
1.60700 0.2574596
1.60800 0.25448630000000005
1.60900 0.251513
1.61000 0.24823
1.61100 0.24494700000000003
1.61200 0.24166400000000002
1.61300 0.238381
1.61400 0.23509799999999997
1.61500 0.23181500000000002
1.61600 0.228532
1.61700 0.22524899999999998
1.61800 0.22196600000000002
1.61900 0.21868300000000002
1.62000 0.2152746
1.62100 0.2118662
1.62200 0.2084578
1.62300 0.2050494
1.62400 0.20164100000000001
1.62500 0.1982326
1.62600 0.1948242
1.62700 0.1914158
1.62800 0.1880074
1.62900 0.184599
1.63000 0.1812473
1.63100 0.1778956
1.63200 0.1745439
1.63300 0.1711922
1.63400 0.1678405
1.63500 0.1644888
1.63600 0.1611371
1.63700 0.15778540000000002
1.63800 0.1544337
1.63900 0.151082
1.64000 0.1478723
1.64100 0.1446626
1.64200 0.14145290000000002
1.64300 0.1382432
1.64400 0.1350335
1.64500 0.1318238
1.64600 0.1286141
1.64700 0.1254044
1.64800 0.12219470000000002
1.64900 0.11898500000000001
1.65000 0.11579123
1.65100 0.11259746000000001
1.65200 0.10940369000000001
1.65300 0.10620992
1.65400 0.10301615000000001
1.65500 0.09982238000000002
1.65600 0.09662861
1.65700 0.09343484
1.65800 0.09024107
1.65900 0.08704730000000001
1.66000 0.08360356
1.66100 0.08015982
1.66200 0.07671608
1.66300 0.07327234
1.66400 0.06982859999999999
1.66500 0.06638486
1.66600 0.06294112
1.66700 0.05949738
1.66800 0.056053639999999995
1.66900 0.0526099
1.67000 0.0489121
1.67100 0.0452143
1.67200 0.0415165
1.67300 0.0378187
1.67400 0.034120899999999996
1.67500 0.0304231
1.67600 0.0267253
1.67700 0.0230275
1.67800 0.0193297
1.67900 0.015631899999999997
1.68000 0.011957620000000002
1.68100 0.008283340000000002
1.68200 0.004609060000000001
1.68300 0.0009347800000000017
1.68400 -0.0027394999999999976
1.68500 -0.006413779999999999
1.68600 -0.010088059999999996
1.68700 -0.013762339999999998
1.68800 -0.01743662
1.68900 -0.021110899999999995
1.69000 -0.02457668
1.69100 -0.02804246
1.69200 -0.03150824
1.69300 -0.03497402
1.69400 -0.0384398
1.69500 -0.04190558
1.69600 -0.04537136
1.69700 -0.04883714
1.69800 -0.05230292000000001
1.69900 -0.055768700000000004
1.70000 -0.05914815
1.70100 -0.0625276
1.70200 -0.06590705
1.70300 -0.0692865
1.70400 -0.07266595
1.70500 -0.0760454
1.70600 -0.07942484999999999
1.70700 -0.0828043
1.70800 -0.08618375
1.70900 -0.0895632
1.71000 -0.09312888
1.71100 -0.09669456
1.71200 -0.10026024
1.71300 -0.10382591999999999
1.71400 -0.1073916
1.71500 -0.11095728
1.71600 -0.11452296
1.71700 -0.11808864
1.71800 -0.12165432000000001
1.71900 -0.12522
1.72000 -0.12926279999999998
1.72100 -0.1333056
1.72200 -0.13734839999999998
1.72300 -0.1413912
1.72400 -0.145434
1.72500 -0.14947680000000002
1.72600 -0.1535196
1.72700 -0.1575624
1.72800 -0.1616052
1.72900 -0.165648
1.73000 -0.1697609
1.73100 -0.1738738
1.73200 -0.1779867
1.73300 -0.18209959999999997
1.73400 -0.18621249999999998
1.73500 -0.1903254
1.73600 -0.1944383
1.73700 -0.19855119999999998
1.73800 -0.20266409999999996
1.73900 -0.206777
1.74000 -0.21075969999999997
1.74100 -0.2147424
1.74200 -0.21872509999999998
1.74300 -0.2227078
1.74400 -0.2266905
1.74500 -0.23067319999999997
1.74600 -0.2346559
1.74700 -0.23863859999999998
1.74800 -0.2426213
1.74900 -0.246604
1.75000 -0.2504514
1.75100 -0.2542988
1.75200 -0.2581462
1.75300 -0.2619936
1.75400 -0.265841
1.75500 -0.2696884
1.75600 -0.2735358
1.75700 -0.2773832
1.75800 -0.2812306
1.75900 -0.285078
1.76000 -0.2889826
1.76100 -0.29288719999999996
1.76200 -0.2967918
1.76300 -0.3006964
1.76400 -0.304601
1.76500 -0.3085056
1.76600 -0.31241019999999997
1.76700 -0.3163148
1.76800 -0.3202194
1.76900 -0.32412399999999997
1.77000 -0.3284722
1.77100 -0.3328204
1.77200 -0.3371686
1.77300 -0.3415168
1.77400 -0.345865
1.77500 -0.3502132
1.77600 -0.3545614
1.77700 -0.3589096
1.77800 -0.3632578
1.77900 -0.367606
1.78000 -0.37214210000000003
1.78100 -0.3766782
1.78200 -0.3812143
1.78300 -0.3857504
1.78400 -0.39028650000000004
1.78500 -0.3948226
1.78600 -0.39935869999999996
1.78700 -0.40389479999999994
1.78800 -0.40843090000000004
1.78900 -0.412967
1.79000 -0.4173921
1.79100 -0.4218172
1.79200 -0.4262423
1.79300 -0.43066740000000003
1.79400 -0.4350925
1.79500 -0.4395176
1.79600 -0.4439427
1.79700 -0.44836780000000004
1.79800 -0.45279290000000005
1.79900 -0.457218
1.80000 -0.4613517
1.80100 -0.46548540000000005
1.80200 -0.46961910000000007
1.80300 -0.47375280000000003
1.80400 -0.4778865
1.80500 -0.4820202
1.80600 -0.4861539
1.80700 -0.4902876
1.80800 -0.49442129999999995
1.80900 -0.49855499999999997
1.81000 -0.5026478
1.81100 -0.5067406
1.81200 -0.5108334
1.81300 -0.5149262
1.81400 -0.5190189999999999
1.81500 -0.5231117999999999
1.81600 -0.5272045999999999
1.81700 -0.5312973999999999
1.81800 -0.5353901999999999
1.81900 -0.5394829999999999
1.82000 -0.5438566
1.82100 -0.5482302
1.82200 -0.5526038
1.82300 -0.5569774
1.82400 -0.5613509999999999
1.82500 -0.5657246
1.82600 -0.5700982
1.82700 -0.5744718
1.82800 -0.5788454
1.82900 -0.5832189999999999
1.83000 -0.5878903999999999
1.83100 -0.5925618
1.83200 -0.5972332
1.83300 -0.6019046
1.83400 -0.606576
1.83500 -0.6112474
1.83600 -0.6159188
1.83700 -0.6205902
1.83800 -0.6252616000000001
1.83900 -0.6299330000000001
1.84000 -0.6345739
1.84100 -0.6392148000000001
1.84200 -0.6438557
1.84300 -0.6484966
1.84400 -0.6531375
1.84500 -0.6577784
1.84600 -0.6624193
1.84700 -0.6670602
1.84800 -0.6717011
1.84900 -0.676342
1.85000 -0.6806909
1.85100 -0.6850398
1.85200 -0.6893887000000001
1.85300 -0.6937376000000001
1.85400 -0.6980864999999999
1.85500 -0.7024353999999999
1.85600 -0.7067843
1.85700 -0.7111332
1.85800 -0.7154821
1.85900 -0.719831
1.86000 -0.7240532
1.86100 -0.7282754
1.86200 -0.7324976000000001
1.86300 -0.7367198
1.86400 -0.740942
1.86500 -0.7451641999999999
1.86600 -0.7493863999999999
1.86700 -0.7536086
1.86800 -0.7578308
1.86900 -0.762053
1.87000 -0.7663414
1.87100 -0.7706297999999999
1.87200 -0.7749181999999999
1.87300 -0.7792066
1.87400 -0.7834949999999999
1.87500 -0.7877834
1.87600 -0.7920718
1.87700 -0.7963602
1.87800 -0.8006485999999999
1.87900 -0.804937
1.88000 -0.8094030999999999
1.88100 -0.8138691999999998
1.88200 -0.8183353
1.88300 -0.8228014
1.88400 -0.8272674999999999
1.88500 -0.8317336
1.88600 -0.8361996999999999
1.88700 -0.8406658
1.88800 -0.8451318999999999
1.88900 -0.849598
1.89000 -0.8540927
1.89100 -0.8585873999999999
1.89200 -0.8630821
1.89300 -0.8675767999999999
1.89400 -0.8720714999999999
1.89500 -0.8765661999999999
1.89600 -0.8810608999999999
1.89700 -0.8855556
1.89800 -0.8900502999999998
1.89900 -0.8945449999999999
1.90000 -0.8990416
1.90100 -0.9035382000000001
1.90200 -0.9080347999999999
1.90300 -0.9125314
1.90400 -0.917028
1.90500 -0.9215246
1.90600 -0.9260212000000001
1.90700 -0.9305178
1.90800 -0.9350144
1.90900 -0.9395110000000001
1.91000 -0.9440099
1.91100 -0.9485088000000002
1.91200 -0.9530077
1.91300 -0.9575066000000001
1.91400 -0.9620055000000001
1.91500 -0.9665044
1.91600 -0.9710033000000001
1.91700 -0.9755022
1.91800 -0.9800011000000002
1.91900 -0.9845
1.92000 -0.9889290000000001
1.92100 -0.9933580000000001
1.92200 -0.9977870000000001
1.92300 -1.0022160000000002
1.92400 -1.006645
1.92500 -1.011074
1.92600 -1.015503
1.92700 -1.019932
1.92800 -1.024361
1.92900 -1.02879
1.93000 -1.032672
1.93100 -1.0365540000000002
1.93200 -1.0404360000000001
1.93300 -1.044318
1.93400 -1.0482
1.93500 -1.052082
1.93600 -1.055964
1.93700 -1.0598459999999998
1.93800 -1.063728
1.93900 -1.06761
1.94000 -1.071249
1.94100 -1.074888
1.94200 -1.078527
1.94300 -1.082166
1.94400 -1.085805
1.94500 -1.0894439999999999
1.94600 -1.093083
1.94700 -1.096722
1.94800 -1.100361
1.94900 -1.1039999999999999
1.95000 -1.107733
1.95100 -1.1114659999999998
1.95200 -1.115199
1.95300 -1.1189319999999998
1.95400 -1.122665
1.95500 -1.126398
1.95600 -1.130131
1.95700 -1.133864
1.95800 -1.137597
1.95900 -1.14133
1.96000 -1.145319
1.96100 -1.149308
1.96200 -1.153297
1.96300 -1.157286
1.96400 -1.161275
1.96500 -1.165264
1.96600 -1.1692529999999999
1.96700 -1.1732420000000001
1.96800 -1.1772310000000001
1.96900 -1.1812200000000002
1.97000 -1.185247
1.97100 -1.189274
1.97200 -1.1933010000000002
1.97300 -1.1973280000000002
1.97400 -1.201355
1.97500 -1.205382
1.97600 -1.209409
1.97700 -1.2134360000000002
1.97800 -1.217463
1.97900 -1.22149
1.98000 -1.2251889999999999
1.98100 -1.228888
1.98200 -1.232587
1.98300 -1.236286
1.98400 -1.2399850000000001
1.98500 -1.243684
1.98600 -1.247383
1.98700 -1.2510819999999998
1.98800 -1.254781
1.98900 -1.25848
1.99000 -1.261817
1.99100 -1.265154
1.99200 -1.268491
1.99300 -1.271828
1.99400 -1.2751649999999999
1.99500 -1.278502
1.99600 -1.281839
1.99700 -1.285176
1.99800 -1.288513
1.99900 -1.29185
2.00000 -1.295196
2.00100 -1.2985419999999999
2.00200 -1.301888
2.00300 -1.305234
2.00400 -1.3085799999999999
2.00500 -1.3119260000000001
2.00600 -1.315272
2.00700 -1.318618
2.00800 -1.321964
2.00900 -1.32531
2.01000 -1.328825
2.01100 -1.3323399999999999
2.01200 -1.335855
2.01300 -1.33937
2.01400 -1.342885
2.01500 -1.3464
2.01600 -1.349915
2.01700 -1.35343
2.01800 -1.356945
2.01900 -1.36046
2.02000 -1.364051
2.02100 -1.367642
2.02200 -1.371233
2.02300 -1.3748239999999998
2.02400 -1.378415
2.02500 -1.382006
2.02600 -1.385597
2.02700 -1.3891879999999999
2.02800 -1.392779
2.02900 -1.39637
2.03000 -1.399803
2.03100 -1.403236
2.03200 -1.406669
2.03300 -1.410102
2.03400 -1.413535
2.03500 -1.416968
2.03600 -1.420401
2.03700 -1.423834
2.03800 -1.427267
2.03900 -1.4307
2.04000 -1.433685
2.04100 -1.43667
2.04200 -1.439655
2.04300 -1.44264
2.04400 -1.4456250000000002
2.04500 -1.44861
2.04600 -1.451595
2.04700 -1.45458
2.04800 -1.457565
2.04900 -1.46055
2.05000 -1.4634589999999998
2.05100 -1.466368
2.05200 -1.469277
2.05300 -1.472186
2.05400 -1.475095
2.05500 -1.4780039999999999
2.05600 -1.480913
2.05700 -1.483822
2.05800 -1.486731
2.05900 -1.48964
2.06000 -1.492602
2.06100 -1.4955640000000001
2.06200 -1.498526
2.06300 -1.501488
2.06400 -1.5044499999999998
2.06500 -1.507412
2.06600 -1.510374
2.06700 -1.513336
2.06800 -1.5162980000000001
2.06900 -1.51926
2.07000 -1.5222820000000001
2.07100 -1.525304
2.07200 -1.528326
2.07300 -1.531348
2.07400 -1.53437
2.07500 -1.537392
2.07600 -1.540414
2.07700 -1.543436
2.07800 -1.5464579999999999
2.07900 -1.54948
2.08000 -1.552457
2.08100 -1.555434
2.08200 -1.558411
2.08300 -1.561388
2.08400 -1.564365
2.08500 -1.567342
2.08600 -1.570319
2.08700 -1.573296
2.08800 -1.576273
2.08900 -1.57925
2.09000 -1.581845
2.09100 -1.58444
2.09200 -1.587035
2.09300 -1.58963
2.09400 -1.592225
2.09500 -1.59482
2.09600 -1.597415
2.09700 -1.60001
2.09800 -1.6026049999999998
2.09900 -1.6052
2.10000 -1.6076160000000002
2.10100 -1.610032
2.10200 -1.6124479999999999
2.10300 -1.614864
2.10400 -1.6172800000000003
2.10500 -1.619696
2.10600 -1.622112
2.10700 -1.6245280000000002
2.10800 -1.6269440000000004
2.10900 -1.6293600000000001
2.11000 -1.631747
2.11100 -1.6341340000000002
2.11200 -1.6365210000000001
2.11300 -1.638908
2.11400 -1.6412950000000002
2.11500 -1.643682
2.11600 -1.646069
2.11700 -1.648456
2.11800 -1.650843
2.11900 -1.65323
2.12000 -1.6555329999999997
2.12100 -1.657836
2.12200 -1.6601389999999998
2.12300 -1.662442
2.12400 -1.664745
2.12500 -1.6670479999999999
2.12600 -1.669351
2.12700 -1.6716539999999998
2.12800 -1.6739570000000001
2.12900 -1.6762599999999999
2.13000 -1.678546
2.13100 -1.6808319999999999
2.13200 -1.683118
2.13300 -1.6854039999999997
2.13400 -1.68769
2.13500 -1.6899760000000001
2.13600 -1.692262
2.13700 -1.694548
2.13800 -1.6968339999999997
2.13900 -1.69912
2.14000 -1.701166
2.14100 -1.703212
2.14200 -1.705258
2.14300 -1.707304
2.14400 -1.70935
2.14500 -1.711396
2.14600 -1.713442
2.14700 -1.715488
2.14800 -1.717534
2.14900 -1.7195799999999999
2.15000 -1.7213479999999997
2.15100 -1.7231159999999999
2.15200 -1.7248839999999999
2.15300 -1.726652
2.15400 -1.7284199999999998
2.15500 -1.7301879999999996
2.15600 -1.7319559999999998
2.15700 -1.7337239999999998
2.15800 -1.735492
2.15900 -1.7372599999999998
2.16000 -1.738982
2.16100 -1.7407039999999998
2.16200 -1.7424259999999996
2.16300 -1.7441479999999998
2.16400 -1.74587
2.16500 -1.7475919999999998
2.16600 -1.7493139999999996
2.16700 -1.7510359999999998
2.16800 -1.752758
2.16900 -1.7544799999999998
2.17000 -1.7558899999999997
2.17100 -1.7573
2.17200 -1.75871
2.17300 -1.76012
2.17400 -1.7615299999999998
2.17500 -1.76294
2.17600 -1.7643499999999999
2.17700 -1.7657599999999998
2.17800 -1.7671700000000001
2.17900 -1.76858
2.18000 -1.769842
2.18100 -1.771104
2.18200 -1.7723660000000003
2.18300 -1.773628
2.18400 -1.7748899999999999
2.18500 -1.7761520000000002
2.18600 -1.7774140000000003
2.18700 -1.7786760000000001
2.18800 -1.779938
2.18900 -1.7812000000000001
2.19000 -1.782372
2.19100 -1.7835440000000002
2.19200 -1.7847160000000002
2.19300 -1.7858880000000004
2.19400 -1.7870600000000003
2.19500 -1.788232
2.19600 -1.789404
2.19700 -1.7905760000000002
2.19800 -1.7917480000000001
2.19900 -1.79292
2.20000 -1.7938270000000003
2.20100 -1.794734
2.20200 -1.7956410000000003
2.20300 -1.796548
2.20400 -1.797455
2.20500 -1.7983620000000002
2.20600 -1.799269
2.20700 -1.800176
2.20800 -1.8010829999999998
2.20900 -1.80199
2.21000 -1.8028469999999999
2.21100 -1.8037040000000002
2.21200 -1.804561
2.21300 -1.805418
2.21400 -1.806275
2.21500 -1.807132
2.21600 -1.8079889999999998
2.21700 -1.8088459999999997
2.21800 -1.809703
2.21900 -1.81056
2.22000 -1.811111
2.22100 -1.8116619999999997
2.22200 -1.8122129999999999
2.22300 -1.812764
2.22400 -1.813315
2.22500 -1.8138659999999998
2.22600 -1.814417
2.22700 -1.814968
2.22800 -1.8155189999999997
2.22900 -1.8160699999999999
2.23000 -1.8162599999999998
2.23100 -1.8164500000000001
2.23200 -1.81664
2.23300 -1.81683
2.23400 -1.81702
2.23500 -1.81721
2.23600 -1.8174
2.23700 -1.8175899999999998
2.23800 -1.8177800000000002
2.23900 -1.81797
2.24000 -1.818131
2.24100 -1.818292
2.24200 -1.8184529999999999
2.24300 -1.8186139999999997
2.24400 -1.818775
2.24500 -1.818936
2.24600 -1.819097
2.24700 -1.819258
2.24800 -1.819419
2.24900 -1.8195799999999998
2.25000 -1.8196089999999998
2.25100 -1.8196379999999999
2.25200 -1.8196669999999997
2.25300 -1.8196959999999998
2.25400 -1.8197249999999996
2.25500 -1.819754
2.25600 -1.819783
2.25700 -1.819812
2.25800 -1.8198409999999998
2.25900 -1.8198699999999999
2.26000 -1.8198339999999997
2.26100 -1.8197979999999998
2.26200 -1.819762
2.26300 -1.819726
2.26400 -1.81969
2.26500 -1.8196539999999999
2.26600 -1.8196179999999997
2.26700 -1.819582
2.26800 -1.819546
2.26900 -1.81951
2.27000 -1.8193370000000002
2.27100 -1.819164
2.27200 -1.818991
2.27300 -1.8188179999999998
2.27400 -1.818645
2.27500 -1.8184720000000003
2.27600 -1.818299
2.27700 -1.8181260000000001
2.27800 -1.817953
2.27900 -1.8177800000000002
2.28000 -1.817193
2.28100 -1.8166060000000002
2.28200 -1.816019
2.28300 -1.8154320000000002
2.28400 -1.814845
2.28500 -1.814258
2.28600 -1.813671
2.28700 -1.813084
2.28800 -1.812497
2.28900 -1.81191
2.29000 -1.811246
2.29100 -1.8105820000000001
2.29200 -1.8099180000000001
2.29300 -1.809254
2.29400 -1.8085900000000001
2.29500 -1.8079260000000001
2.29600 -1.8072620000000001
2.29700 -1.806598
2.29800 -1.8059340000000002
2.29900 -1.8052700000000002
2.30000 -1.804513
2.30100 -1.8037560000000004
2.30200 -1.8029990000000002
2.30300 -1.8022420000000001
2.30400 -1.8014850000000002
2.30500 -1.800728
2.30600 -1.799971
2.30700 -1.7992139999999999
2.30800 -1.7984570000000002
2.30900 -1.7977
2.31000 -1.7968319999999998
2.31100 -1.7959640000000001
2.31200 -1.7950960000000002
2.31300 -1.794228
2.31400 -1.7933599999999998
2.31500 -1.792492
2.31600 -1.791624
2.31700 -1.790756
2.31800 -1.789888
2.31900 -1.78902
2.32000 -1.788123
2.32100 -1.787226
2.32200 -1.7863289999999998
2.32300 -1.7854320000000001
2.32400 -1.784535
2.32500 -1.7836379999999998
2.32600 -1.7827410000000001
2.32700 -1.781844
2.32800 -1.780947
2.32900 -1.78005
2.33000 -1.778923
2.33100 -1.777796
2.33200 -1.776669
2.33300 -1.7755420000000002
2.33400 -1.7744149999999999
2.33500 -1.7732879999999998
2.33600 -1.7721609999999999
2.33700 -1.7710339999999998
2.33800 -1.769907
2.33900 -1.76878
2.34000 -1.7675370000000001
2.34100 -1.7662939999999998
2.34200 -1.7650510000000001
2.34300 -1.7638079999999998
2.34400 -1.762565
2.34500 -1.7613220000000003
2.34600 -1.760079
2.34700 -1.758836
2.34800 -1.757593
2.34900 -1.75635
2.35000 -1.75503
2.35100 -1.7537100000000003
2.35200 -1.7523900000000001
2.35300 -1.75107
2.35400 -1.7497500000000001
2.35500 -1.7484300000000002
2.35600 -1.74711
2.35700 -1.74579
2.35800 -1.7444700000000002
2.35900 -1.74315
2.36000 -1.7415880000000001
2.36100 -1.7400259999999999
2.36200 -1.738464
2.36300 -1.736902
2.36400 -1.73534
2.36500 -1.7337780000000003
2.36600 -1.732216
2.36700 -1.7306540000000001
2.36800 -1.729092
2.36900 -1.7275300000000002
2.37000 -1.7259220000000002
2.37100 -1.7243140000000001
2.37200 -1.722706
2.37300 -1.721098
2.37400 -1.71949
2.37500 -1.7178820000000001
2.37600 -1.7162739999999999
2.37700 -1.714666
2.37800 -1.7130579999999997
2.37900 -1.71145
2.38000 -1.709743
2.38100 -1.7080359999999999
2.38200 -1.7063289999999998
2.38300 -1.7046219999999999
2.38400 -1.7029150000000002
2.38500 -1.701208
2.38600 -1.6995010000000002
2.38700 -1.697794
2.38800 -1.696087
2.38900 -1.69438
2.39000 -1.692551
2.39100 -1.6907219999999998
2.39200 -1.6888929999999998
2.39300 -1.687064
2.39400 -1.685235
2.39500 -1.6834060000000002
2.39600 -1.681577
2.39700 -1.679748
2.39800 -1.677919
2.39900 -1.6760899999999999
2.40000 -1.6742259999999998
2.40100 -1.6723620000000001
2.40200 -1.6704979999999998
2.40300 -1.6686340000000002
2.40400 -1.66677
2.40500 -1.6649059999999998
2.40600 -1.6630420000000001
2.40700 -1.661178
2.40800 -1.6593140000000002
2.40900 -1.65745
2.41000 -1.6552980000000002
2.41100 -1.653146
2.41200 -1.650994
2.41300 -1.6488420000000001
2.41400 -1.6466900000000002
2.41500 -1.644538
2.41600 -1.6423860000000001
2.41700 -1.6402340000000002
2.41800 -1.638082
2.41900 -1.63593
2.42000 -1.633632
2.42100 -1.631334
2.42200 -1.629036
2.42300 -1.626738
2.42400 -1.6244399999999999
2.42500 -1.6221420000000002
2.42600 -1.619844
2.42700 -1.6175460000000002
2.42800 -1.615248
2.42900 -1.61295
2.43000 -1.6106500000000001
2.43100 -1.6083500000000002
2.43200 -1.6060500000000002
2.43300 -1.6037500000000002
2.43400 -1.6014499999999998
2.43500 -1.59915
2.43600 -1.59685
2.43700 -1.59455
2.43800 -1.59225
2.43900 -1.58995
2.44000 -1.587646
2.44100 -1.585342
2.44200 -1.583038
2.44300 -1.580734
2.44400 -1.57843
2.44500 -1.576126
2.44600 -1.573822
2.44700 -1.571518
2.44800 -1.569214
2.44900 -1.56691
2.45000 -1.564605
2.45100 -1.5623
2.45200 -1.559995
2.45300 -1.55769
2.45400 -1.555385
2.45500 -1.55308
2.45600 -1.550775
2.45700 -1.54847
2.45800 -1.5461649999999998
2.45900 -1.54386
2.46000 -1.5413929999999998
2.46100 -1.538926
2.46200 -1.536459
2.46300 -1.533992
2.46400 -1.5315249999999998
2.46500 -1.529058
2.46600 -1.526591
2.46700 -1.524124
2.46800 -1.521657
2.46900 -1.51919
2.47000 -1.516518
2.47100 -1.513846
2.47200 -1.511174
2.47300 -1.508502
2.47400 -1.50583
2.47500 -1.503158
2.47600 -1.500486
2.47700 -1.497814
2.47800 -1.495142
2.47900 -1.49247
2.48000 -1.489804
2.48100 -1.487138
2.48200 -1.4844719999999998
2.48300 -1.481806
2.48400 -1.47914
2.48500 -1.476474
2.48600 -1.473808
2.48700 -1.471142
2.48800 -1.468476
2.48900 -1.4658099999999998
2.49000 -1.463303
2.49100 -1.460796
2.49200 -1.458289
2.49300 -1.455782
2.49400 -1.453275
2.49500 -1.450768
2.49600 -1.448261
2.49700 -1.445754
2.49800 -1.443247
2.49900 -1.4407400000000001
2.50000 -1.438316
2.50100 -1.4358920000000002
2.50200 -1.433468
2.50300 -1.431044
2.50400 -1.42862
2.50500 -1.426196
2.50600 -1.423772
2.50700 -1.4213479999999998
2.50800 -1.418924
2.50900 -1.4164999999999999
2.51000 -1.41398
2.51100 -1.41146
2.51200 -1.4089399999999999
2.51300 -1.40642
2.51400 -1.4039
2.51500 -1.40138
2.51600 -1.39886
2.51700 -1.39634
2.51800 -1.39382
2.51900 -1.3913
2.52000 -1.388473
2.52100 -1.385646
2.52200 -1.382819
2.52300 -1.379992
2.52400 -1.3771650000000002
2.52500 -1.374338
2.52600 -1.371511
2.52700 -1.368684
2.52800 -1.365857
2.52900 -1.36303
2.53000 -1.3601420000000002
2.53100 -1.357254
2.53200 -1.354366
2.53300 -1.351478
2.53400 -1.3485900000000002
2.53500 -1.345702
2.53600 -1.342814
2.53700 -1.339926
2.53800 -1.3370380000000002
2.53900 -1.33415
2.54000 -1.3313760000000001
2.54100 -1.328602
2.54200 -1.325828
2.54300 -1.323054
2.54400 -1.32028
2.54500 -1.317506
2.54600 -1.314732
2.54700 -1.311958
2.54800 -1.309184
2.54900 -1.30641
2.55000 -1.303782
2.55100 -1.301154
2.55200 -1.298526
2.55300 -1.295898
2.55400 -1.2932700000000001
2.55500 -1.2906419999999998
2.55600 -1.288014
2.55700 -1.285386
2.55800 -1.2827579999999998
2.55900 -1.28013
2.56000 -1.277472
2.56100 -1.274814
2.56200 -1.272156
2.56300 -1.269498
2.56400 -1.26684
2.56500 -1.2641820000000001
2.56600 -1.261524
2.56700 -1.258866
2.56800 -1.256208
2.56900 -1.2535500000000002
2.57000 -1.250497
2.57100 -1.2474440000000002
2.57200 -1.244391
2.57300 -1.241338
2.57400 -1.238285
2.57500 -1.235232
2.57600 -1.232179
2.57700 -1.229126
2.57800 -1.226073
2.57900 -1.22302
2.58000 -1.2197559999999998
2.58100 -1.2164920000000001
2.58200 -1.213228
2.58300 -1.209964
2.58400 -1.2067
2.58500 -1.203436
2.58600 -1.200172
2.58700 -1.196908
2.58800 -1.1936440000000001
2.58900 -1.19038
2.59000 -1.187177
2.59100 -1.183974
2.59200 -1.180771
2.59300 -1.1775680000000002
2.59400 -1.174365
2.59500 -1.171162
2.59600 -1.1679590000000002
2.59700 -1.1647560000000001
2.59800 -1.161553
2.59900 -1.15835
2.60000 -1.1553460000000002
2.60100 -1.152342
2.60200 -1.149338
2.60300 -1.146334
2.60400 -1.14333
2.60500 -1.140326
2.60600 -1.137322
2.60700 -1.134318
2.60800 -1.131314
2.60900 -1.12831
2.61000 -1.1253509999999998
2.61100 -1.122392
2.61200 -1.119433
2.61300 -1.116474
2.61400 -1.113515
2.61500 -1.1105559999999999
2.61600 -1.107597
2.61700 -1.104638
2.61800 -1.101679
2.61900 -1.09872
2.62000 -1.096838
2.62100 -1.094956
2.62200 -1.093074
2.62300 -1.091192
2.62400 -1.08931
2.62500 -1.0874279999999998
2.62600 -1.085546
2.62700 -1.083664
2.62800 -1.081782
2.62900 -1.0798999999999999
2.63000 -1.0794359999999998
2.63100 -1.0789719999999998
2.63200 -1.0785079999999998
2.63300 -1.0780439999999998
2.63400 -1.07758
2.63500 -1.077116
2.63600 -1.076652
2.63700 -1.076188
2.63800 -1.075724
2.63900 -1.0752599999999999
2.64000 -1.074869
2.64100 -1.0744779999999998
2.64200 -1.074087
2.64300 -1.073696
2.64400 -1.073305
2.64500 -1.072914
2.64600 -1.072523
2.64700 -1.072132
2.64800 -1.0717409999999998
2.64900 -1.07135
