0.00000 0.0028155969164595277
0.00100 0.005631193832919055
0.00200 0.008446790749378583
0.00300 0.01126238766583811
0.00400 0.014077984582297639
0.00500 0.013897351665838113
0.00600 0.013716718749378584
0.00700 0.013536085832919056
0.00800 0.013355452916459528
0.00900 0.01317482
0.01000 0.012994188
0.01100 0.012813556
0.01200 0.012632924
0.01300 0.012452292
0.01400 0.01227166
0.01500 0.01164824
0.01600 0.011024820000000001
0.01700 0.0104014
0.01800 0.00977798
0.01900 0.00915456
0.02000 0.007837316
0.02100 0.006520072
0.02200 0.005202828
0.02300 0.0038855839999999997
0.02400 0.0025683399999999997
0.02500 0.0011927399999999999
0.02600 -0.00018285999999999997
0.02700 -0.00155846
0.02800 -0.0029340599999999996
0.02900 -0.00430966
0.03000 -0.0057986719999999995
0.03100 -0.007287684
0.03200 -0.008776696
0.03300 -0.010265708000000002
0.03400 -0.01175472
0.03500 -0.01331786
0.03600 -0.014881
0.03700 -0.01644414
0.03800 -0.018007279999999997
0.03900 -0.019570419999999998
0.04000 -0.021110936
0.04100 -0.022651452
0.04200 -0.024191967999999998
0.04300 -0.025732484
0.04400 -0.027273
0.04500 -0.028720759999999994
0.04600 -0.030168519999999997
0.04700 -0.03161628
0.04800 -0.03306404
0.04900 -0.034511799999999995
0.05000 -0.03593576
0.05100 -0.03735972
0.05200 -0.03878368
0.05300 -0.04020764
0.05400 -0.041631600000000005
0.05500 -0.04311864
0.05600 -0.04460568
0.05700 -0.04609272
0.05800 -0.04757976
0.05900 -0.0490668
0.06000 -0.05065516
0.06100 -0.05224352
0.06200 -0.05383188
0.06300 -0.055420239999999996
0.06400 -0.0570086
0.06500 -0.05859647999999999
0.06600 -0.06018435999999999
0.06700 -0.06177224
0.06800 -0.06336011999999999
0.06900 -0.06494799999999999
0.07000 -0.06641359999999999
0.07100 -0.0678792
0.07200 -0.0693448
0.07300 -0.0708104
0.07400 -0.07227599999999999
0.07500 -0.07365972
0.07600 -0.07504343999999999
0.07700 -0.07642716000000001
0.07800 -0.07781088
0.07900 -0.0791946
0.08000 -0.08060024
0.08100 -0.08200588
0.08200 -0.08341152
0.08300 -0.08481716
0.08400 -0.0862228
0.08500 -0.08772048
0.08600 -0.08921816
0.08700 -0.09071583999999999
0.08800 -0.09221352
0.08900 -0.0937112
0.09000 -0.09523308
0.09100 -0.09675496
0.09200 -0.09827684
0.09300 -0.09979872000000001
0.09400 -0.10132060000000001
0.09500 -0.10276224
0.09600 -0.10420388
0.09700 -0.10564552
0.09800 -0.10708716
0.09900 -0.10852880000000001
0.10000 -0.10983856
0.10100 -0.11114832000000001
0.10200 -0.11245807999999999
0.10300 -0.11376784
0.10400 -0.1150776
0.10500 -0.11637936
0.10600 -0.11768112
0.10700 -0.11898288000000001
0.10800 -0.12028464000000001
0.10900 -0.12158640000000001
0.11000 -0.12292568000000001
0.11100 -0.12426496000000001
0.11200 -0.12560424
0.11300 -0.12694352
0.11400 -0.1282828
0.11500 -0.12964776
0.11600 -0.13101272
0.11700 -0.13237768
0.11800 -0.13374264
0.11900 -0.1351076
0.12000 -0.13643764
0.12100 -0.13776768
0.12200 -0.13909772
0.12300 -0.14042775999999998
0.12400 -0.1417578
0.12500 -0.14293724000000002
0.12600 -0.14411668
0.12700 -0.14529612
0.12800 -0.14647556
0.12900 -0.147655
0.13000 -0.1487938
0.13100 -0.1499326
0.13200 -0.15107140000000002
0.13300 -0.15221020000000002
0.13400 -0.153349
0.13500 -0.15449028
0.13600 -0.15563156
0.13700 -0.15677284
0.13800 -0.15791412
0.13900 -0.1590554
0.14000 -0.16020084
0.14100 -0.16134628
0.14200 -0.16249172
0.14300 -0.16363716
0.14400 -0.1647826
0.14500 -0.16592192
0.14600 -0.16706124
0.14700 -0.16820056
0.14800 -0.16933988
0.14900 -0.1704792
0.15000 -0.17151184000000003
0.15100 -0.17254448
0.15200 -0.17357712
0.15300 -0.17460976
0.15400 -0.1756424
0.15500 -0.17660028
0.15600 -0.17755816
0.15700 -0.17851604000000001
0.15800 -0.17947392
0.15900 -0.1804318
0.16000 -0.18138596
0.16100 -0.18234012
0.16200 -0.18329428
0.16300 -0.18424844
0.16400 -0.1852026
0.16500 -0.18614064
0.16600 -0.18707868
0.16700 -0.18801672
0.16800 -0.18895476
0.16900 -0.1898928
0.17000 -0.1908264
0.17100 -0.19175999999999999
0.17200 -0.1926936
0.17300 -0.1936272
0.17400 -0.1945608
0.17500 -0.19545956
0.17600 -0.19635832
0.17700 -0.19725708
0.17800 -0.19815584
0.17900 -0.1990546
0.18000 -0.19989328
0.18100 -0.20073196
0.18200 -0.20157064
0.18300 -0.20240932000000003
0.18400 -0.203248
0.18500 -0.2040788
0.18600 -0.2049096
0.18700 -0.2057404
0.18800 -0.2065712
0.18900 -0.207402
0.19000 -0.2081836
0.19100 -0.20896520000000002
0.19200 -0.2097468
0.19300 -0.2105284
0.19400 -0.21131000000000003
0.19500 -0.21205600000000002
0.19600 -0.21280200000000002
0.19700 -0.213548
0.19800 -0.21429399999999998
0.19900 -0.21503999999999998
0.20000 -0.2157908
0.20100 -0.2165416
0.20200 -0.2172924
0.20300 -0.21804320000000002
0.20400 -0.21879400000000002
0.20500 -0.21956800000000004
0.20600 -0.22034200000000004
0.20700 -0.221116
0.20800 -0.22189
0.20900 -0.22266400000000003
0.21000 -0.22344400000000003
0.21100 -0.22422400000000003
0.21200 -0.22500399999999998
0.21300 -0.22578399999999998
0.21400 -0.226564
0.21500 -0.2273184
0.21600 -0.2280728
0.21700 -0.2288272
0.21800 -0.2295816
0.21900 -0.230336
0.22000 -0.23104439999999998
0.22100 -0.23175279999999998
0.22200 -0.2324612
0.22300 -0.2331696
0.22400 -0.23387799999999997
0.22500 -0.23458839999999997
0.22600 -0.23529879999999997
0.22700 -0.23600919999999997
0.22800 -0.23671959999999997
0.22900 -0.23742999999999997
0.23000 -0.23824479999999998
0.23100 -0.23905959999999998
0.23200 -0.2398744
0.23300 -0.2406892
0.23400 -0.241504
0.23500 -0.24239479999999997
0.23600 -0.24328559999999996
0.23700 -0.24417640000000002
0.23800 -0.24506719999999999
0.23900 -0.24595799999999998
0.24000 -0.24686439999999998
0.24100 -0.24777079999999999
0.24200 -0.24867720000000001
0.24300 -0.24958360000000002
0.24400 -0.25049
0.24500 -0.2514656
0.24600 -0.2524412
0.24700 -0.2534168
0.24800 -0.2543924
0.24900 -0.255368
0.25000 -0.256364
0.25100 -0.25736
0.25200 -0.258356
0.25300 -0.25935199999999997
0.25400 -0.26034799999999997
0.25500 -0.2614248
0.25600 -0.2625016
0.25700 -0.2635784
0.25800 -0.2646552
0.25900 -0.26573199999999997
0.26000 -0.26695440000000004
0.26100 -0.2681768
0.26200 -0.2693992
0.26300 -0.2706216
0.26400 -0.27184400000000003
0.26500 -0.27308000000000004
0.26600 -0.274316
0.26700 -0.275552
0.26800 -0.276788
0.26900 -0.278024
0.27000 -0.2792596
0.27100 -0.2804952
0.27200 -0.2817308
0.27300 -0.2829664
0.27400 -0.284202
0.27500 -0.2854368
0.27600 -0.2866716
0.27700 -0.2879064
0.27800 -0.28914120000000004
0.27900 -0.290376
0.28000 -0.2916444
0.28100 -0.2929128
0.28200 -0.29418120000000003
0.28300 -0.2954496
0.28400 -0.296718
0.28500 -0.29814599999999997
0.28600 -0.299574
0.28700 -0.301002
0.28800 -0.30243000000000003
0.28900 -0.303858
0.29000 -0.3053328
0.29100 -0.3068076
0.29200 -0.3082824
0.29300 -0.3097572
0.29400 -0.311232
0.29500 -0.3126716
0.29600 -0.31411120000000003
0.29700 -0.31555079999999996
0.29800 -0.3169904
0.29900 -0.31843
0.30000 -0.3198028
0.30100 -0.3211756
0.30200 -0.3225484
0.30300 -0.3239212
0.30400 -0.325294
0.30500 -0.32666680000000003
0.30600 -0.3280396
0.30700 -0.3294124
0.30800 -0.3307852
0.30900 -0.332158
0.31000 -0.3336484
0.31100 -0.3351388
0.31200 -0.3366292
0.31300 -0.3381196
0.31400 -0.33961
0.31500 -0.34119120000000003
0.31600 -0.3427724
0.31700 -0.3443536
0.31800 -0.3459348
0.31900 -0.347516
0.32000 -0.3490752
0.32100 -0.3506344
0.32200 -0.3521936
0.32300 -0.3537528
0.32400 -0.35531199999999996
0.32500 -0.3567604
0.32600 -0.3582088
0.32700 -0.3596572
0.32800 -0.3611056
0.32900 -0.362554
0.33000 -0.3639688
0.33100 -0.36538360000000003
0.33200 -0.36679839999999997
0.33300 -0.36821319999999996
0.33400 -0.36962799999999996
0.33500 -0.3711268
0.33600 -0.3726256
0.33700 -0.3741244
0.33800 -0.3756232
0.33900 -0.377122
0.34000 -0.3787796
0.34100 -0.3804372
0.34200 -0.3820948
0.34300 -0.3837524
0.34400 -0.38541
0.34500 -0.38707959999999997
0.34600 -0.3887492
0.34700 -0.3904188
0.34800 -0.3920884
0.34900 -0.393758
0.35000 -0.39533240000000003
0.35100 -0.3969068
0.35200 -0.39848120000000004
0.35300 -0.40005560000000007
0.35400 -0.40163000000000004
0.35500 -0.40313
0.35600 -0.40463000000000005
0.35700 -0.40613
0.35800 -0.40763000000000005
0.35900 -0.40913000000000005
0.36000 -0.4107216
0.36100 -0.4123132
0.36200 -0.4139048000000001
0.36300 -0.41549640000000004
0.36400 -0.417088
0.36500 -0.419142
0.36600 -0.421196
0.36700 -0.42325
0.36800 -0.425304
0.36900 -0.427358
0.37000 -0.4295568
0.37100 -0.43175559999999996
0.37200 -0.4339544
0.37300 -0.43615319999999996
0.37400 -0.43835199999999996
0.37500 -0.44057759999999996
0.37600 -0.4428032
0.37700 -0.44502879999999995
0.37800 -0.4472544
0.37900 -0.44948
0.38000 -0.4517588
0.38100 -0.45403760000000004
0.38200 -0.45631639999999996
0.38300 -0.4585952
0.38400 -0.460874
0.38500 -0.4631628
0.38600 -0.4654516
0.38700 -0.4677404
0.38800 -0.47002920000000004
0.38900 -0.472318
0.39000 -0.4747012
0.39100 -0.4770844
0.39200 -0.4794676
0.39300 -0.4818508
0.39400 -0.484234
0.39500 -0.4866936
0.39600 -0.48915319999999995
0.39700 -0.49161280000000007
0.39800 -0.4940724
0.39900 -0.49653200000000003
0.40000 -0.4990368
0.40100 -0.5015416
0.40200 -0.5040464
0.40300 -0.5065512
0.40400 -0.509056
0.40500 -0.5117908
0.40600 -0.5145256
0.40700 -0.5172604
0.40800 -0.5199952
0.40900 -0.5227299999999999
0.41000 -0.5255388
0.41100 -0.5283476
0.41200 -0.5311564
0.41300 -0.5339652
0.41400 -0.5367740000000001
0.41500 -0.5395464000000001
0.41600 -0.5423188000000001
0.41700 -0.5450912
0.41800 -0.5478636
0.41900 -0.550636
0.42000 -0.5533376
0.42100 -0.5560392000000001
0.42200 -0.5587408
0.42300 -0.5614424
0.42400 -0.564144
0.42500 -0.5668472
0.42600 -0.5695504
0.42700 -0.5722536
0.42800 -0.5749568
0.42900 -0.5776600000000001
0.43000 -0.58059
0.43100 -0.58352
0.43200 -0.5864499999999999
0.43300 -0.58938
0.43400 -0.59231
0.43500 -0.5954256
0.43600 -0.5985412
0.43700 -0.6016568
0.43800 -0.6047724
0.43900 -0.607888
0.44000 -0.6109747999999999
0.44100 -0.6140616
0.44200 -0.6171484
0.44300 -0.6202352
0.44400 -0.623322
0.44500 -0.6262472
0.44600 -0.6291724000000001
0.44700 -0.6320976
0.44800 -0.6350228
0.44900 -0.637948
0.45000 -0.6408208
0.45100 -0.6436936
0.45200 -0.6465664
0.45300 -0.6494392
0.45400 -0.652312
0.45500 -0.65531
0.45600 -0.658308
0.45700 -0.661306
0.45800 -0.664304
0.45900 -0.6673020000000001
0.46000 -0.6705548
0.46100 -0.6738076000000001
0.46200 -0.6770604
0.46300 -0.6803132
0.46400 -0.683566
0.46500 -0.6868396
0.46600 -0.6901132
0.46700 -0.6933868000000001
0.46800 -0.6966604000000001
0.46900 -0.6999340000000001
0.47000 -0.7030208
0.47100 -0.7061076
0.47200 -0.7091944
0.47300 -0.7122812
0.47400 -0.715368
0.47500 -0.7182983999999999
0.47600 -0.7212288
0.47700 -0.7241592
0.47800 -0.7270896
0.47900 -0.73002
0.48000 -0.7330068
0.48100 -0.7359936
0.48200 -0.7389804
0.48300 -0.7419672
0.48400 -0.744954
0.48500 -0.7482544
0.48600 -0.7515548
0.48700 -0.7548552
0.48800 -0.7581556
0.48900 -0.761456
0.49000 -0.764862
0.49100 -0.7682680000000001
0.49200 -0.771674
0.49300 -0.77508
0.49400 -0.778486
0.49500 -0.78179
0.49600 -0.785094
0.49700 -0.788398
0.49800 -0.791702
0.49900 -0.795006
0.50000 -0.7980992
0.50100 -0.8011924
0.50200 -0.8042856
0.50300 -0.8073788000000001
0.50400 -0.8104720000000001
0.50500 -0.8135484
0.50600 -0.8166247999999999
0.50700 -0.8197012000000001
0.50800 -0.8227776
0.50900 -0.825854
0.51000 -0.8291320000000001
0.51100 -0.83241
0.51200 -0.835688
0.51300 -0.8389659999999999
0.51400 -0.842244
0.51500 -0.8456948000000001
0.51600 -0.8491456
0.51700 -0.8525964
0.51800 -0.8560471999999999
0.51900 -0.859498
0.52000 -0.8629024
0.52100 -0.8663067999999999
0.52200 -0.8697112
0.52300 -0.8731156
0.52400 -0.87652
0.52500 -0.8796535999999999
0.52600 -0.8827871999999999
0.52700 -0.8859208000000001
0.52800 -0.8890544
0.52900 -0.892188
0.53000 -0.8952284
0.53100 -0.8982688
0.53200 -0.9013092
0.53300 -0.9043496
0.53400 -0.90739
0.53500 -0.9105095999999999
0.53600 -0.9136291999999999
0.53700 -0.9167488
0.53800 -0.9198684
0.53900 -0.9229879999999999
0.54000 -0.9262748000000001
0.54100 -0.9295616000000001
0.54200 -0.9328483999999999
0.54300 -0.9361352000000001
0.54400 -0.9394220000000001
0.54500 -0.9427228000000001
0.54600 -0.9460236
0.54700 -0.9493244000000001
0.54800 -0.9526252
0.54900 -0.955926
0.55000 -0.9590616000000001
0.55100 -0.9621972
0.55200 -0.9653328
0.55300 -0.9684683999999999
0.55400 -0.9716039999999999
0.55500 -0.9745944
0.55600 -0.9775848
0.55700 -0.9805752
0.55800 -0.9835656
0.55900 -0.986556
0.56000 -0.9895312
0.56100 -0.9925064000000001
0.56200 -0.9954816
0.56300 -0.9984567999999999
0.56400 -1.0014319999999999
0.56500 -1.0043279999999999
0.56600 -1.007224
0.56700 -1.0101200000000001
0.56800 -1.013016
0.56900 -1.015912
0.57000 -1.0187796
0.57100 -1.0216471999999999
0.57200 -1.0245148
0.57300 -1.0273824
0.57400 -1.03025
0.57500 -1.0331144
0.57600 -1.0359788
0.57700 -1.0388432
0.57800 -1.0417076
0.57900 -1.044572
0.58000 -1.047428
0.58100 -1.050284
0.58200 -1.05314
0.58300 -1.055996
0.58400 -1.0588520000000001
0.58500 -1.0616948000000002
0.58600 -1.0645376
0.58700 -1.0673804
0.58800 -1.0702232
0.58900 -1.073066
0.59000 -1.0755228000000001
0.59100 -1.0779796000000001
0.59200 -1.0804364
0.59300 -1.0828932
0.59400 -1.08535
0.59500 -1.087462
0.59600 -1.089574
0.59700 -1.091686
0.59800 -1.093798
0.59900 -1.09591
0.60000 -1.0980364
0.60100 -1.1001628
0.60200 -1.1022892
0.60300 -1.1044155999999998
0.60400 -1.106542
0.60500 -1.1087808
0.60600 -1.1110196
0.60700 -1.1132583999999999
0.60800 -1.1154972
0.60900 -1.117736
0.61000 -1.1200152
0.61100 -1.1222944
0.61200 -1.1245736000000002
0.61300 -1.1268528
0.61400 -1.129132
0.61500 -1.1312608000000002
0.61600 -1.1333896
0.61700 -1.1355184
0.61800 -1.1376472
0.61900 -1.139776
0.62000 -1.1415712
0.62100 -1.1433664000000001
0.62200 -1.1451616
0.62300 -1.1469568
0.62400 -1.148752
0.62500 -1.1505064
0.62600 -1.1522608
0.62700 -1.1540152000000001
0.62800 -1.1557696
0.62900 -1.157524
0.63000 -1.1593188
0.63100 -1.1611136
0.63200 -1.1629084
0.63300 -1.1647032
0.63400 -1.166498
0.63500 -1.1683299999999999
0.63600 -1.170162
0.63700 -1.171994
0.63800 -1.173826
0.63900 -1.1756579999999999
0.64000 -1.1774444
0.64100 -1.1792308
0.64200 -1.1810171999999999
0.64300 -1.1828036000000002
0.64400 -1.18459
0.64500 -1.186096
0.64600 -1.187602
0.64700 -1.189108
0.64800 -1.190614
0.64900 -1.19212
0.65000 -1.1935224
0.65100 -1.1949248000000001
0.65200 -1.1963272
0.65300 -1.1977296000000002
0.65400 -1.199132
0.65500 -1.2005276
0.65600 -1.2019232
0.65700 -1.2033188
0.65800 -1.2047143999999999
0.65900 -1.20611
0.66000 -1.2074888
0.66100 -1.2088676
0.66200 -1.2102464
0.66300 -1.2116251999999998
0.66400 -1.213004
0.66500 -1.214376
0.66600 -1.215748
0.66700 -1.21712
0.66800 -1.218492
0.66900 -1.2198639999999998
0.67000 -1.22106
0.67100 -1.222256
0.67200 -1.223452
0.67300 -1.224648
0.67400 -1.225844
0.67500 -1.2268764
0.67600 -1.2279088
0.67700 -1.2289412
0.67800 -1.2299736
0.67900 -1.231006
0.68000 -1.232016
0.68100 -1.233026
0.68200 -1.2340360000000001
0.68300 -1.235046
0.68400 -1.236056
0.68500 -1.2369412
0.68600 -1.2378263999999999
0.68700 -1.2387116
0.68800 -1.2395968
0.68900 -1.240482
0.69000 -1.2413204
0.69100 -1.2421588
0.69200 -1.2429972
0.69300 -1.2438356000000002
0.69400 -1.244674
0.69500 -1.245436
0.69600 -1.2461980000000001
0.69700 -1.24696
0.69800 -1.247722
0.69900 -1.248484
0.70000 -1.2490679999999998
0.70100 -1.249652
0.70200 -1.250236
0.70300 -1.25082
0.70400 -1.251404
0.70500 -1.2519588
0.70600 -1.2525136
0.70700 -1.2530683999999999
0.70800 -1.2536232
0.70900 -1.254178
0.71000 -1.2545015999999998
0.71100 -1.2548252
0.71200 -1.2551488
0.71300 -1.2554724
0.71400 -1.255796
0.71500 -1.2559004
0.71600 -1.2560048
0.71700 -1.2561091999999998
0.71800 -1.2562136
0.71900 -1.2563179999999998
0.72000 -1.2564
0.72100 -1.2564819999999999
0.72200 -1.256564
0.72300 -1.256646
0.72400 -1.256728
0.72500 -1.2566907999999999
0.72600 -1.2566536
0.72700 -1.2566164
0.72800 -1.2565792
0.72900 -1.256542
0.73000 -1.2564591999999999
0.73100 -1.2563764
0.73200 -1.2562936
0.73300 -1.2562108
0.73400 -1.256128
0.73500 -1.2558456
0.73600 -1.2555631999999999
0.73700 -1.2552808
0.73800 -1.2549984
0.73900 -1.254716
0.74000 -1.2539564
0.74100 -1.2531968
0.74200 -1.2524372
0.74300 -1.2516776
0.74400 -1.250918
0.74500 -1.2500904
0.74600 -1.2492628
0.74700 -1.2484352
0.74800 -1.2476076
0.74900 -1.24678
0.75000 -1.245876
0.75100 -1.244972
0.75200 -1.244068
0.75300 -1.243164
0.75400 -1.24226
0.75500 -1.2412812
0.75600 -1.2403023999999998
0.75700 -1.2393236
0.75800 -1.2383448
0.75900 -1.237366
0.76000 -1.2363376
0.76100 -1.2353092
0.76200 -1.2342808
0.76300 -1.2332524
0.76400 -1.232224
0.76500 -1.2308716
0.76600 -1.2295192
0.76700 -1.2281668
0.76800 -1.2268143999999999
0.76900 -1.2254619999999998
0.77000 -1.2239811999999999
0.77100 -1.2225004
0.77200 -1.2210196
0.77300 -1.2195388
0.77400 -1.218058
0.77500 -1.2165072000000001
0.77600 -1.2149564
0.77700 -1.2134056000000002
0.77800 -1.2118548
0.77900 -1.210304
0.78000 -1.2085824
0.78100 -1.2068607999999998
0.78200 -1.2051392
0.78300 -1.2034175999999999
0.78400 -1.2016959999999999
0.78500 -1.1999476
0.78600 -1.1981992
0.78700 -1.1964507999999998
0.78800 -1.1947024
0.78900 -1.1929539999999998
0.79000 -1.1911216
0.79100 -1.1892892
0.79200 -1.1874568
0.79300 -1.1856244
0.79400 -1.183792
0.79500 -1.1818760000000001
0.79600 -1.17996
0.79700 -1.178044
0.79800 -1.1761279999999998
0.79900 -1.174212
0.80000 -1.172256
0.80100 -1.1703
0.80200 -1.168344
0.80300 -1.166388
0.80400 -1.1644320000000001
0.80500 -1.1622148
0.80600 -1.1599976
0.80700 -1.1577804
0.80800 -1.1555632
0.80900 -1.153346
0.81000 -1.1510232
0.81100 -1.1487004
0.81200 -1.1463775999999999
0.81300 -1.1440548
0.81400 -1.141732
0.81500 -1.1394047999999999
0.81600 -1.1370776
0.81700 -1.1347504000000002
0.81800 -1.1324232
0.81900 -1.130096
0.82000 -1.1277568
0.82100 -1.1254176
0.82200 -1.1230784
0.82300 -1.1207391999999998
0.82400 -1.1183999999999998
0.82500 -1.1160544
0.82600 -1.1137088
0.82700 -1.1113632
0.82800 -1.1090176
0.82900 -1.106672
0.83000 -1.1040732
0.83100 -1.1014744
0.83200 -1.0988756
0.83300 -1.0962768
0.83400 -1.0936780000000002
0.83500 -1.090822
0.83600 -1.087966
0.83700 -1.08511
0.83800 -1.082254
0.83900 -1.0793979999999999
0.84000 -1.0765444
0.84100 -1.0736908
0.84200 -1.0708372000000002
0.84300 -1.0679836
0.84400 -1.0651300000000001
0.84500 -1.0623332
0.84600 -1.0595364
0.84700 -1.0567396
0.84800 -1.0539428
0.84900 -1.051146
0.85000 -1.0483732
0.85100 -1.0456004
0.85200 -1.0428276
0.85300 -1.0400548
0.85400 -1.037282
0.85500 -1.0343108
0.85600 -1.0313396000000001
0.85700 -1.0283684
0.85800 -1.0253972
0.85900 -1.0224259999999998
0.86000 -1.0189472
0.86100 -1.0154684
0.86200 -1.0119896
0.86300 -1.0085108
0.86400 -1.005032
0.86500 -1.0014771999999998
0.86600 -0.9979223999999999
0.86700 -0.9943676
0.86800 -0.9908127999999999
0.86900 -0.987258
0.87000 -0.9837575999999999
0.87100 -0.9802571999999999
0.87200 -0.9767567999999999
0.87300 -0.9732564
0.87400 -0.969756
0.87500 -0.9663127999999999
0.87600 -0.9628696
0.87700 -0.9594263999999999
0.87800 -0.9559832
0.87900 -0.9525399999999999
0.88000 -0.9490299999999999
0.88100 -0.9455199999999999
0.88200 -0.94201
0.88300 -0.9385
0.88400 -0.93499
0.88500 -0.9309839999999999
0.88600 -0.9269779999999999
0.88700 -0.922972
0.88800 -0.918966
0.88900 -0.91496
0.89000 -0.9107436
0.89100 -0.9065272
0.89200 -0.9023107999999999
0.89300 -0.8980944
0.89400 -0.893878
0.89500 -0.8897484
0.89600 -0.8856187999999999
0.89700 -0.8814892000000001
0.89800 -0.8773595999999999
0.89900 -0.8732300000000001
0.90000 -0.8693288000000001
0.90100 -0.8654276000000001
0.90200 -0.8615264
0.90300 -0.8576252
0.90400 -0.853724
0.90500 -0.8498528000000001
0.90600 -0.8459816
0.90700 -0.8421104000000001
0.90800 -0.8382392000000001
0.90900 -0.8343680000000001
0.91000 -0.83016
0.91100 -0.825952
0.91200 -0.821744
0.91300 -0.8175359999999999
0.91400 -0.8133279999999999
0.91500 -0.808762
0.91600 -0.8041959999999999
0.91700 -0.79963
0.91800 -0.795064
0.91900 -0.790498
0.92000 -0.7859572
0.92100 -0.7814164
0.92200 -0.7768756000000001
0.92300 -0.7723348000000001
0.92400 -0.7677940000000001
0.92500 -0.7635124
0.92600 -0.7592308
0.92700 -0.7549492000000001
0.92800 -0.7506676000000001
0.92900 -0.746386
0.93000 -0.7422172
0.93100 -0.7380484
0.93200 -0.7338796000000001
0.93300 -0.7297108
0.93400 -0.725542
0.93500 -0.7212636
0.93600 -0.7169852
0.93700 -0.7127068000000001
0.93800 -0.7084284000000001
0.93900 -0.70415
0.94000 -0.6995772
0.94100 -0.6950044
0.94200 -0.6904315999999999
0.94300 -0.6858588
0.94400 -0.681286
0.94500 -0.676666
0.94600 -0.672046
0.94700 -0.667426
0.94800 -0.662806
0.94900 -0.6581859999999999
0.95000 -0.6535324
0.95100 -0.6488788
0.95200 -0.6442251999999999
0.95300 -0.6395715999999999
0.95400 -0.634918
0.95500 -0.6302291999999999
0.95600 -0.6255404
0.95700 -0.6208516000000001
0.95800 -0.6161628
0.95900 -0.6114740000000001
0.96000 -0.6068363999999999
0.96100 -0.6021988
0.96200 -0.5975612
0.96300 -0.5929236
0.96400 -0.588286
0.96500 -0.5840552
0.96600 -0.5798243999999999
0.96700 -0.5755936
0.96800 -0.5713628
0.96900 -0.567132
0.97000 -0.5630824
0.97100 -0.5590328
0.97200 -0.5549832
0.97300 -0.5509336
0.97400 -0.546884
0.97500 -0.5426948
0.97600 -0.5385056
0.97700 -0.5343164
0.97800 -0.5301272
0.97900 -0.525938
0.98000 -0.5213676
0.98100 -0.5167972
0.98200 -0.5122268
0.98300 -0.5076563999999999
0.98400 -0.5030859999999999
0.98500 -0.4984547999999999
0.98600 -0.4938236
0.98700 -0.48919239999999997
0.98800 -0.4845612
0.98900 -0.47992999999999997
0.99000 -0.4754892
0.99100 -0.47104840000000003
0.99200 -0.46660759999999996
0.99300 -0.4621668
0.99400 -0.45772599999999997
0.99500 -0.45349680000000003
0.99600 -0.44926760000000004
0.99700 -0.44503839999999995
0.99800 -0.4408092
0.99900 -0.43658
1.00000 -0.4323144
1.00100 -0.4280488
1.00200 -0.4237832
1.00300 -0.4195176
1.00400 -0.415252
1.00500 -0.41063720000000004
1.00600 -0.4060224
1.00700 -0.40140760000000003
1.00800 -0.3967928
1.00900 -0.392178
1.01000 -0.3874052
1.01100 -0.3826324
1.01200 -0.37785959999999996
1.01300 -0.3730868
1.01400 -0.368314
1.01500 -0.3636736
1.01600 -0.3590332
1.01700 -0.35439279999999995
1.01800 -0.34975239999999996
1.01900 -0.345112
1.02000 -0.3408436
1.02100 -0.3365752
1.02200 -0.33230679999999996
1.02300 -0.32803839999999995
1.02400 -0.32377
1.02500 -0.3195628
1.02600 -0.3153556
1.02700 -0.3111484
1.02800 -0.3069412
1.02900 -0.302734
1.03000 -0.2983232
1.03100 -0.2939124
1.03200 -0.2895016
1.03300 -0.2850908
1.03400 -0.28068
1.03500 -0.2760396
1.03600 -0.2713992
1.03700 -0.26675879999999996
1.03800 -0.2621184
1.03900 -0.257478
1.04000 -0.2528788
1.04100 -0.2482796
1.04200 -0.2436804
1.04300 -0.2390812
1.04400 -0.234482
1.04500 -0.2302912
1.04600 -0.22610039999999998
1.04700 -0.22190959999999998
1.04800 -0.21771879999999996
1.04900 -0.213528
1.05000 -0.20952748
1.05100 -0.20552695999999998
1.05200 -0.20152644
1.05300 -0.19752592
1.05400 -0.19352540000000001
1.05500 -0.18947012000000002
1.05600 -0.18541484000000003
1.05700 -0.18135956
1.05800 -0.17730428
1.05900 -0.17324900000000001
1.06000 -0.16903628
1.06100 -0.16482356
1.06200 -0.16061084
1.06300 -0.15639812
1.06400 -0.1521854
1.06500 -0.14794812
1.06600 -0.14371084
1.06700 -0.13947356
1.06800 -0.13523628000000001
1.06900 -0.130999
1.07000 -0.12706272000000002
1.07100 -0.12312643999999999
1.07200 -0.11919016
1.07300 -0.11525387999999999
1.07400 -0.11131759999999999
1.07500 -0.10772931999999999
1.07600 -0.10414103999999999
1.07700 -0.10055275999999999
1.07800 -0.09696447999999999
1.07900 -0.09337619999999999
1.08000 -0.08979948
1.08100 -0.08622276
1.08200 -0.08264604
1.08300 -0.07906932
1.08400 -0.07549259999999999
1.08500 -0.07190788000000001
1.08600 -0.06832316000000001
1.08700 -0.06473844
1.08800 -0.06115372
1.08900 -0.057569
1.09000 -0.05398048
1.09100 -0.05039196
1.09200 -0.04680344
1.09300 -0.043214920000000004
1.09400 -0.0396264
1.09500 -0.03616716
1.09600 -0.03270792
1.09700 -0.02924868
1.09800 -0.025789439999999997
1.09900 -0.0223302
1.10000 -0.019252252
1.10100 -0.016174304
1.10200 -0.013096355999999998
1.10300 -0.010018407999999998
1.10400 -0.006940459999999998
1.10500 -0.003929431999999999
1.10600 -0.0009184039999999997
1.10700 0.002092624
1.10800 0.005103652
1.10900 0.00811468
1.11000 0.011333064
1.11100 0.014551448
1.11200 0.017769832000000003
1.11300 0.020988215999999997
1.11400 0.0242066
1.11500 0.02766996
1.11600 0.03113332
1.11700 0.034596680000000005
1.11800 0.03806004
1.11900 0.0415234
1.12000 0.04498504
1.12100 0.04844668
1.12200 0.051908319999999994
1.12300 0.055369959999999996
1.12400 0.0588316
1.12500 0.06219444
1.12600 0.06555728
1.12700 0.06892012
1.12800 0.07228296
1.12900 0.0756458
1.13000 0.07896048
1.13100 0.08227516
1.13200 0.08558984
1.13300 0.08890452
1.13400 0.0922192
1.13500 0.09552975999999999
1.13600 0.09884032000000001
1.13700 0.10215088000000001
1.13800 0.10546143999999999
1.13900 0.10877200000000001
1.14000 0.11207
1.14100 0.115368
1.14200 0.11866600000000001
1.14300 0.121964
1.14400 0.125262
1.14500 0.12855844
1.14600 0.13185488
1.14700 0.13515132000000002
1.14800 0.13844776
1.14900 0.14174420000000001
1.15000 0.1451348
1.15100 0.1485254
1.15200 0.151916
1.15300 0.15530660000000002
1.15400 0.1586972
1.15500 0.1622016
1.15600 0.165706
1.15700 0.1692104
1.15800 0.1727148
1.15900 0.1762192
1.16000 0.17969404
1.16100 0.18316888
1.16200 0.18664372
1.16300 0.19011856
1.16400 0.1935934
1.16500 0.19675352
1.16600 0.19991364
1.16700 0.20307376000000002
1.16800 0.20623388
1.16900 0.209394
1.17000 0.21239719999999998
1.17100 0.2154004
1.17200 0.21840359999999998
1.17300 0.22140680000000001
1.17400 0.22441
1.17500 0.2274756
1.17600 0.2305412
1.17700 0.2336068
1.17800 0.2366724
1.17900 0.239738
1.18000 0.242998
1.18100 0.246258
1.18200 0.249518
1.18300 0.252778
1.18400 0.256038
1.18500 0.2593332
1.18600 0.2626284
1.18700 0.2659236
1.18800 0.26921880000000004
1.18900 0.27251400000000003
1.19000 0.2755484
1.19100 0.2785828
1.19200 0.2816172
1.19300 0.2846516
1.19400 0.287686
1.19500 0.2903992
1.19600 0.2931124
1.19700 0.2958256
1.19800 0.2985388
1.19900 0.30125199999999996
1.20000 0.3039596
1.20100 0.30666720000000003
1.20200 0.30937479999999995
1.20300 0.3120824
1.20400 0.31479
1.20500 0.31757399999999997
1.20600 0.32035800000000003
1.20700 0.323142
1.20800 0.32592600000000005
1.20900 0.32871
1.21000 0.33153360000000004
1.21100 0.3343572
1.21200 0.3371808
1.21300 0.3400044
1.21400 0.342828
1.21500 0.3455228
1.21600 0.3482176
1.21700 0.3509124
1.21800 0.3536072
1.21900 0.356302
1.22000 0.35858840000000003
1.22100 0.3608748
1.22200 0.3631612
1.22300 0.3654476
1.22400 0.367734
1.22500 0.3699408
1.22600 0.3721476
1.22700 0.3743544
1.22800 0.3765612
1.22900 0.378768
1.23000 0.38104879999999997
1.23100 0.3833296
1.23200 0.3856104
1.23300 0.3878912
1.23400 0.390172
1.23500 0.392546
1.23600 0.39492
1.23700 0.397294
1.23800 0.39966799999999997
1.23900 0.40204199999999995
1.24000 0.4043972
1.24100 0.40675239999999996
1.24200 0.4091076
1.24300 0.41146279999999996
1.24400 0.413818
1.24500 0.4159456
1.24600 0.4180732
1.24700 0.42020080000000004
1.24800 0.42232839999999994
1.24900 0.424456
1.25000 0.42646439999999997
1.25100 0.42847279999999993
1.25200 0.4304812
1.25300 0.4324896
1.25400 0.43449799999999994
1.25500 0.4365591999999999
1.25600 0.4386203999999999
1.25700 0.4406816
1.25800 0.4427428
1.25900 0.444804
1.26000 0.4470384
1.26100 0.44927279999999997
1.26200 0.4515072
1.26300 0.45374159999999997
1.26400 0.455976
1.26500 0.4582444
1.26600 0.46051279999999994
1.26700 0.46278120000000006
1.26800 0.46504960000000006
1.26900 0.467318
1.27000 0.4694728
1.27100 0.47162760000000004
1.27200 0.4737824
1.27300 0.4759372
1.27400 0.478092
1.27500 0.4801012
1.27600 0.4821104
1.27700 0.4841196
1.27800 0.4861288
1.27900 0.488138
1.28000 0.4901568
1.28100 0.49217560000000005
1.28200 0.4941943999999999
1.28300 0.49621319999999997
1.28400 0.49823199999999995
1.28500 0.5004244
1.28600 0.5026168
1.28700 0.5048092
1.28800 0.5070015999999999
1.28900 0.509194
1.29000 0.5114788
1.29100 0.5137636
1.29200 0.5160484000000001
1.29300 0.5183332
1.29400 0.520618
1.29500 0.5228504
1.29600 0.5250828000000001
1.29700 0.5273152
1.29800 0.5295476
1.29900 0.53178
1.30000 0.5338392
1.30100 0.5358984
1.30200 0.5379576
1.30300 0.5400168
1.30400 0.542076
1.30500 0.5440967999999999
1.30600 0.5461176
1.30700 0.5481383999999999
1.30800 0.5501592
1.30900 0.55218
1.31000 0.5534656
1.31100 0.5547512
1.31200 0.5560368
1.31300 0.5573224
1.31400 0.558608
1.31500 0.5589248
1.31600 0.5592416
1.31700 0.5595584
1.31800 0.5598752
1.31900 0.560192
1.32000 0.5604592
1.32100 0.5607264
1.32200 0.5609936
1.32300 0.5612608
1.32400 0.561528
