0.00000 0.0858266818102352
0.00100 0.1716533636204704
0.00200 0.2574800454307056
0.00300 0.3433067272409408
0.00400 0.429133409051176
0.00500 0.42917512724094076
0.00600 0.4292168454307056
0.00700 0.4292585636204704
0.00800 0.4293002818102353
0.00900 0.429342
0.01000 0.42938400000000004
0.01100 0.42942600000000003
0.01200 0.42946799999999996
0.01300 0.42950999999999995
0.01400 0.429552
0.01500 0.4296968
0.01600 0.42984159999999993
0.01700 0.42998640000000005
0.01800 0.43013120000000005
0.01900 0.430276
0.02000 0.4305816
0.02100 0.4308872
0.02200 0.4311928
0.02300 0.4314984
0.02400 0.43180399999999997
0.02500 0.43212320000000004
0.02600 0.43244239999999995
0.02700 0.43276159999999997
0.02800 0.43308079999999993
0.02900 0.43339999999999995
0.03000 0.4337472
0.03100 0.43409439999999994
0.03200 0.4344416
0.03300 0.4347887999999999
0.03400 0.43513599999999997
0.03500 0.43550079999999997
0.03600 0.43586559999999996
0.03700 0.4362304
0.03800 0.4365952
0.03900 0.43696
0.04000 0.4373212000000001
0.04100 0.4376824
0.04200 0.43804360000000003
0.04300 0.4384048
0.04400 0.43876600000000004
0.04500 0.4391096
0.04600 0.4394532
0.04700 0.43979680000000004
0.04800 0.44014040000000004
0.04900 0.440484
0.05000 0.44082319999999997
0.05100 0.44116239999999995
0.05200 0.44150160000000005
0.05300 0.44184080000000003
0.05400 0.44218
0.05500 0.44253480000000006
0.05600 0.4428896
0.05700 0.44324440000000004
0.05800 0.44359919999999997
0.05900 0.443954
0.06000 0.44433439999999996
0.06100 0.4447148
0.06200 0.4450952
0.06300 0.4454756000000001
0.06400 0.44585600000000003
0.06500 0.4462364
0.06600 0.4466168
0.06700 0.44699720000000004
0.06800 0.4473776
0.06900 0.447758
0.07000 0.4481108
0.07100 0.4484636
0.07200 0.44881639999999995
0.07300 0.44916919999999994
0.07400 0.449522
0.07500 0.4498564
0.07600 0.4501908
0.07700 0.45052519999999996
0.07800 0.45085959999999997
0.07900 0.451194
0.08000 0.4515432
0.08100 0.4518924
0.08200 0.45224159999999997
0.08300 0.4525908
0.08400 0.45294
0.08500 0.4533504
0.08600 0.45376079999999996
0.08700 0.45417120000000005
0.08800 0.45458160000000003
0.08900 0.454992
0.09000 0.4554184
0.09100 0.45584480000000005
0.09200 0.45627120000000004
0.09300 0.45669760000000004
0.09400 0.45712400000000003
0.09500 0.45755
0.09600 0.45797600000000005
0.09700 0.458402
0.09800 0.458828
0.09900 0.45925399999999994
0.10000 0.45967919999999995
0.10100 0.46010439999999997
0.10200 0.4605296
0.10300 0.4609548
0.10400 0.46138
0.10500 0.46182080000000003
0.10600 0.4622616
0.10700 0.46270240000000007
0.10800 0.46314320000000003
0.10900 0.463584
0.11000 0.4642704
0.11100 0.46495680000000006
0.11200 0.4656432
0.11300 0.4663296
0.11400 0.467016
0.11500 0.4678712
0.11600 0.4687264
0.11700 0.46958160000000004
0.11800 0.47043680000000004
0.11900 0.47129200000000004
0.12000 0.47216800000000003
0.12100 0.47304399999999996
0.12200 0.47392
0.12300 0.474796
0.12400 0.475672
0.12500 0.47663880000000003
0.12600 0.47760559999999996
0.12700 0.4785724
0.12800 0.47953919999999994
0.12900 0.480506
0.13000 0.4814972
0.13100 0.4824884
0.13200 0.4834796
0.13300 0.4844708
0.13400 0.48546199999999995
0.13500 0.48667
0.13600 0.487878
0.13700 0.489086
0.13800 0.490294
0.13900 0.491502
0.14000 0.49307480000000004
0.14100 0.4946476000000001
0.14200 0.4962204
0.14300 0.4977932
0.14400 0.49936600000000003
0.14500 0.5009688000000001
0.14600 0.5025716
0.14700 0.5041744
0.14800 0.5057772
0.14900 0.50738
0.15000 0.50898
0.15100 0.51058
0.15200 0.5121800000000001
0.15300 0.51378
0.15400 0.5153800000000001
0.15500 0.5169776
0.15600 0.5185752
0.15700 0.5201728
0.15800 0.5217704
0.15900 0.5233679999999999
0.16000 0.5250471999999999
0.16100 0.5267264
0.16200 0.5284055999999999
0.16300 0.5300848
0.16400 0.531764
0.16500 0.5338016
0.16600 0.5358392000000001
0.16700 0.5378768
0.16800 0.5399144
0.16900 0.541952
0.17000 0.5440891999999999
0.17100 0.5462264
0.17200 0.5483636
0.17300 0.5505008
0.17400 0.552638
0.17500 0.5547532
0.17600 0.5568683999999999
0.17700 0.5589836
0.17800 0.5610988
0.17900 0.563214
0.18000 0.5652928
0.18100 0.5673716
0.18200 0.5694504
0.18300 0.5715292
0.18400 0.573608
0.18500 0.5756912
0.18600 0.5777744
0.18700 0.5798576
0.18800 0.5819408
0.18900 0.584024
0.19000 0.586244
0.19100 0.588464
0.19200 0.590684
0.19300 0.5929040000000001
0.19400 0.595124
0.19500 0.5974424
0.19600 0.5997608000000001
0.19700 0.6020792
0.19800 0.6043976000000001
0.19900 0.606716
0.20000 0.6090648
0.20100 0.6114136
0.20200 0.6137623999999999
0.20300 0.6161112
0.20400 0.61846
0.20500 0.6209496
0.20600 0.6234392
0.20700 0.6259288
0.20800 0.6284183999999999
0.20900 0.630908
0.21000 0.6334367999999999
0.21100 0.6359656
0.21200 0.6384944
0.21300 0.6410232
0.21400 0.643552
0.21500 0.6460876
0.21600 0.6486232000000001
0.21700 0.6511587999999999
0.21800 0.6536944
0.21900 0.65623
0.22000 0.6587776
0.22100 0.6613252000000001
0.22200 0.6638727999999999
0.22300 0.6664204
0.22400 0.668968
0.22500 0.6715348
0.22600 0.6741016
0.22700 0.6766684
0.22800 0.6792352
0.22900 0.681802
0.23000 0.6846952
0.23100 0.6875884
0.23200 0.6904815999999999
0.23300 0.6933748
0.23400 0.696268
0.23500 0.6994003999999999
0.23600 0.7025328
0.23700 0.7056652
0.23800 0.7087976
0.23900 0.71193
0.24000 0.7150896
0.24100 0.7182492
0.24200 0.7214088000000001
0.24300 0.7245684
0.24400 0.727728
0.24500 0.731012
0.24600 0.7342960000000001
0.24700 0.73758
0.24800 0.740864
0.24900 0.744148
0.25000 0.7474684
0.25100 0.7507888
0.25200 0.7541092
0.25300 0.7574296
0.25400 0.76075
0.25500 0.7642996
0.25600 0.7678492
0.25700 0.7713987999999999
0.25800 0.7749484
0.25900 0.778498
0.26000 0.782462
0.26100 0.786426
0.26200 0.79039
0.26300 0.794354
0.26400 0.798318
0.26500 0.8023156
0.26600 0.8063132
0.26700 0.8103107999999999
0.26800 0.8143084
0.26900 0.818306
0.27000 0.8222232
0.27100 0.8261404000000001
0.27200 0.8300576
0.27300 0.8339748
0.27400 0.8378920000000001
0.27500 0.8417492000000001
0.27600 0.8456064000000001
0.27700 0.8494636
0.27800 0.8533208
0.27900 0.857178
0.28000 0.8611344000000001
0.28100 0.8650908000000002
0.28200 0.8690472
0.28300 0.8730036
0.28400 0.8769600000000001
0.28500 0.881392
0.28600 0.8858240000000001
0.28700 0.8902559999999999
0.28800 0.894688
0.28900 0.8991199999999999
0.29000 0.903694
0.29100 0.908268
0.29200 0.912842
0.29300 0.917416
0.29400 0.9219900000000001
0.29500 0.9264444000000001
0.29600 0.9308988000000001
0.29700 0.9353532
0.29800 0.9398076
0.29900 0.9442619999999999
0.30000 0.9484952
0.30100 0.9527284
0.30200 0.9569616
0.30300 0.9611948
0.30400 0.965428
0.30500 0.9696592
0.30600 0.9738903999999999
0.30700 0.9781216
0.30800 0.9823527999999999
0.30900 0.986584
0.31000 0.9912084
0.31100 0.9958328
0.31200 1.0004572
0.31300 1.0050816
0.31400 1.009706
0.31500 1.0146316
0.31600 1.0195572
0.31700 1.0244828
0.31800 1.0294084
0.31900 1.0343339999999999
0.32000 1.0391944
0.32100 1.0440548
0.32200 1.0489152000000002
0.32300 1.0537756
0.32400 1.0586360000000001
0.32500 1.0631688000000001
0.32600 1.0677016
0.32700 1.0722344000000001
0.32800 1.0767672000000001
0.32900 1.0813000000000001
0.33000 1.0857332000000002
0.33100 1.0901664
0.33200 1.0945996
0.33300 1.0990328
0.33400 1.103466
0.33500 1.1080695999999999
0.33600 1.1126732000000001
0.33700 1.1172768
0.33800 1.1218804
0.33900 1.126484
0.34000 1.1314096
0.34100 1.1363352
0.34200 1.1412608
0.34300 1.1461864
0.34400 1.151112
0.34500 1.1560544
0.34600 1.1609968
0.34700 1.1659392
0.34800 1.1708816
0.34900 1.175824
0.35000 1.1804416
0.35100 1.1850592
0.35200 1.1896768
0.35300 1.1942944
0.35400 1.198912
0.35500 1.2032744
0.35600 1.2076368
0.35700 1.2119992
0.35800 1.2163616000000002
0.35900 1.2207240000000001
0.36000 1.2251288
0.36100 1.2295336000000001
0.36200 1.2339384
0.36300 1.2383431999999999
0.36400 1.242748
0.36500 1.2473716
0.36600 1.2519952
0.36700 1.2566187999999998
0.36800 1.2612424
0.36900 1.265866
0.37000 1.2705579999999999
0.37100 1.27525
0.37200 1.279942
0.37300 1.284634
0.37400 1.289326
0.37500 1.293964
0.37600 1.298602
0.37700 1.30324
0.37800 1.307878
0.37900 1.312516
0.38000 1.3170499999999998
0.38100 1.321584
0.38200 1.326118
0.38300 1.3306520000000002
0.38400 1.335186
0.38500 1.33969
0.38600 1.344194
0.38700 1.348698
0.38800 1.353202
0.38900 1.3577059999999999
0.39000 1.3617747999999998
0.39100 1.3658436
0.39200 1.3699124
0.39300 1.3739812
0.39400 1.37805
0.39500 1.38177
0.39600 1.38549
0.39700 1.3892099999999998
0.39800 1.39293
0.39900 1.39665
0.40000 1.4004008000000001
0.40100 1.4041516
0.40200 1.4079024
0.40300 1.4116532
0.40400 1.415404
0.40500 1.4193272000000001
0.40600 1.4232504000000001
0.40700 1.4271736
0.40800 1.4310968
0.40900 1.43502
0.41000 1.438998
0.41100 1.442976
0.41200 1.4469539999999999
0.41300 1.4509319999999999
0.41400 1.45491
0.41500 1.4585995999999999
0.41600 1.4622892
0.41700 1.4659787999999998
0.41800 1.4696684
0.41900 1.473358
0.42000 1.4764760000000001
0.42100 1.479594
0.42200 1.482712
0.42300 1.48583
0.42400 1.4889480000000002
0.42500 1.4920076
0.42600 1.4950672
0.42700 1.4981268
0.42800 1.5011864000000001
0.42900 1.504246
0.43000 1.507364
0.43100 1.510482
0.43200 1.5135999999999998
0.43300 1.516718
0.43400 1.519836
0.43500 1.5230012
0.43600 1.5261664
0.43700 1.5293316
0.43800 1.5324968
0.43900 1.5356619999999999
0.44000 1.5387176
0.44100 1.5417732
0.44200 1.5448288
0.44300 1.5478843999999998
0.44400 1.55094
0.44500 1.5534075999999999
0.44600 1.5558752
0.44700 1.5583428
0.44800 1.5608104
0.44900 1.563278
0.45000 1.5655528
0.45100 1.5678276
0.45200 1.5701024000000001
0.45300 1.5723772
0.45400 1.574652
0.45500 1.576872
0.45600 1.579092
0.45700 1.581312
0.45800 1.583532
0.45900 1.5857519999999998
0.46000 1.5878599999999998
0.46100 1.589968
0.46200 1.592076
0.46300 1.594184
0.46400 1.596292
0.46500 1.5983712
0.46600 1.6004504000000002
0.46700 1.6025296
0.46800 1.6046088
0.46900 1.6066880000000001
0.47000 1.6083624
0.47100 1.6100368
0.47200 1.6117112000000002
0.47300 1.6133856000000002
0.47400 1.6150600000000002
0.47500 1.6163956
0.47600 1.6177312000000001
0.47700 1.6190668
0.47800 1.6204024000000001
0.47900 1.621738
0.48000 1.6230587999999997
0.48100 1.6243796
0.48200 1.6257004
0.48300 1.6270212000000002
0.48400 1.628342
0.48500 1.6295996
0.48600 1.6308572
0.48700 1.6321148
0.48800 1.6333724
0.48900 1.63463
0.49000 1.6358664
0.49100 1.6371027999999999
0.49200 1.6383392
0.49300 1.6395756
0.49400 1.640812
0.49500 1.6419492000000002
0.49600 1.6430864
0.49700 1.6442236000000001
0.49800 1.6453608
0.49900 1.646498
0.50000 1.64743
0.50100 1.6483619999999999
0.50200 1.649294
0.50300 1.650226
0.50400 1.651158
0.50500 1.6520643999999998
0.50600 1.6529707999999999
0.50700 1.6538771999999997
0.50800 1.6547836
0.50900 1.6556899999999999
0.51000 1.6565504
0.51100 1.6574107999999999
0.51200 1.6582712000000002
0.51300 1.6591315999999998
0.51400 1.6599920000000001
0.51500 1.6608128
0.51600 1.6616336
0.51700 1.6624544
0.51800 1.6632752
0.51900 1.664096
0.52000 1.6648952000000001
0.52100 1.6656944
0.52200 1.6664936000000001
0.52300 1.6672927999999998
0.52400 1.6680920000000001
0.52500 1.6687724
0.52600 1.6694527999999997
0.52700 1.6701332
0.52800 1.6708136
0.52900 1.6714939999999998
0.53000 1.6721335999999998
0.53100 1.6727732
0.53200 1.6734128
0.53300 1.6740524
0.53400 1.6746919999999998
0.53500 1.67528
0.53600 1.675868
0.53700 1.676456
0.53800 1.6770439999999998
0.53900 1.6776319999999998
0.54000 1.6781112
0.54100 1.6785903999999998
0.54200 1.6790696
0.54300 1.6795487999999998
0.54400 1.680028
0.54500 1.6804919999999999
0.54600 1.6809560000000001
0.54700 1.68142
0.54800 1.6818840000000002
0.54900 1.682348
0.55000 1.6827535999999998
0.55100 1.6831592
0.55200 1.6835647999999999
0.55300 1.6839704000000002
0.55400 1.6843759999999999
0.55500 1.6847307999999999
0.55600 1.6850856
0.55700 1.6854403999999998
0.55800 1.6857952
0.55900 1.68615
0.56000 1.6864652
0.56100 1.6867804
0.56200 1.6870956
0.56300 1.6874107999999999
0.56400 1.687726
0.56500 1.6878172
0.56600 1.6879084
0.56700 1.6879996000000002
0.56800 1.6880908000000001
0.56900 1.688182
0.57000 1.688194
0.57100 1.6882059999999999
0.57200 1.6882180000000002
0.57300 1.6882300000000001
0.57400 1.688242
0.57500 1.688212
0.57600 1.688182
0.57700 1.6881519999999999
0.57800 1.688122
0.57900 1.688092
0.58000 1.6879696
0.58100 1.6878471999999998
0.58200 1.6877248000000002
0.58300 1.6876024
0.58400 1.68748
0.58500 1.6873372
0.58600 1.6871943999999999
0.58700 1.6870516000000002
0.58800 1.6869088
0.58900 1.686766
0.59000 1.686348
0.59100 1.6859300000000002
0.59200 1.685512
0.59300 1.685094
0.59400 1.684676
0.59500 1.6840115999999998
0.59600 1.6833472
0.59700 1.6826827999999998
0.59800 1.6820184
0.59900 1.681354
0.60000 1.6806344
0.60100 1.6799148
0.60200 1.6791952
0.60300 1.6784756
0.60400 1.677756
0.60500 1.6767256
0.60600 1.6756952000000003
0.60700 1.6746648
0.60800 1.6736344000000003
0.60900 1.6726040000000002
0.61000 1.671462
0.61100 1.6703199999999998
0.61200 1.669178
0.61300 1.668036
0.61400 1.6668939999999999
0.61500 1.6655224
0.61600 1.6641507999999998
0.61700 1.6627792
0.61800 1.6614075999999998
0.61900 1.6600359999999998
0.62000 1.6581531999999999
0.62100 1.6562704
0.62200 1.6543875999999997
0.62300 1.6525047999999998
0.62400 1.6506219999999998
0.62500 1.6486636000000001
0.62600 1.6467052
0.62700 1.6447468
0.62800 1.6427884
0.62900 1.64083
0.63000 1.6384984
0.63100 1.6361668000000003
0.63200 1.6338352
0.63300 1.6315036000000003
0.63400 1.629172
0.63500 1.6264992000000003
0.63600 1.6238264
0.63700 1.6211536000000002
0.63800 1.6184808
0.63900 1.6158080000000001
0.64000 1.6130924
0.64100 1.6103768000000003
0.64200 1.6076612000000001
0.64300 1.6049456000000002
0.64400 1.60223
0.64500 1.5992792000000002
0.64600 1.5963284000000002
0.64700 1.5933776
0.64800 1.5904268
0.64900 1.587476
0.65000 1.5844384
0.65100 1.5814008
0.65200 1.5783632
0.65300 1.5753256
0.65400 1.572288
0.65500 1.569016
0.65600 1.565744
0.65700 1.562472
0.65800 1.5592
0.65900 1.555928
0.66000 1.5521208
0.66100 1.5483136
0.66200 1.5445064
0.66300 1.5406992
0.66400 1.536892
0.66500 1.5330156
0.66600 1.5291392
0.66700 1.5252628
0.66800 1.5213864000000001
0.66900 1.5175100000000001
0.67000 1.5136664
0.67100 1.5098228
0.67200 1.5059792
0.67300 1.5021356000000001
0.67400 1.498292
0.67500 1.4944792
0.67600 1.4906663999999998
0.67700 1.4868536
0.67800 1.4830408
0.67900 1.479228
0.68000 1.4753196
0.68100 1.4714112
0.68200 1.4675027999999999
0.68300 1.4635944
0.68400 1.459686
0.68500 1.4551748
0.68600 1.4506636
0.68700 1.4461524
0.68800 1.4416411999999998
0.68900 1.43713
0.69000 1.4323907999999999
0.69100 1.4276516
0.69200 1.4229124
0.69300 1.4181732
0.69400 1.413434
0.69500 1.4087828
0.69600 1.4041316
0.69700 1.3994804
0.69800 1.3948292
0.69900 1.3901780000000001
0.70000 1.385732
0.70100 1.381286
0.70200 1.37684
0.70300 1.3723940000000001
0.70400 1.367948
0.70500 1.3635116
0.70600 1.3590752
0.70700 1.3546388
0.70800 1.3502024000000001
0.70900 1.345766
0.71000 1.3406448000000002
0.71100 1.3355236
0.71200 1.3304024
0.71300 1.3252811999999998
0.71400 1.32016
0.71500 1.3143863999999998
0.71600 1.3086128
0.71700 1.3028392
0.71800 1.2970656
0.71900 1.2912919999999999
0.72000 1.2855496
0.72100 1.2798072
0.72200 1.2740648
0.72300 1.2683224
0.72400 1.26258
0.72500 1.2571124
0.72600 1.2516448
0.72700 1.2461772
0.72800 1.2407096000000002
0.72900 1.235242
0.73000 1.2298804
0.73100 1.2245188
0.73200 1.2191572
0.73300 1.2137955999999999
0.73400 1.208434
0.73500 1.2021848
0.73600 1.1959355999999999
0.73700 1.1896863999999998
0.73800 1.1834372
0.73900 1.177188
0.74000 1.1688192
0.74100 1.1604504
0.74200 1.1520816
0.74300 1.1437128
0.74400 1.1353440000000001
0.74500 1.1266768
0.74600 1.1180096000000002
0.74700 1.1093424
0.74800 1.1006752
0.74900 1.092008
0.75000 1.0831628
0.75100 1.0743176
0.75200 1.0654724
0.75300 1.0566271999999999
0.75400 1.047782
0.75500 1.0387628
0.75600 1.0297436
0.75700 1.0207244
0.75800 1.0117052
0.75900 1.002686
0.76000 0.9935163999999999
0.76100 0.9843468
0.76200 0.9751771999999999
0.76300 0.9660076
0.76400 0.956838
0.76500 0.9466827999999999
0.76600 0.9365276
0.76700 0.9263724
0.76800 0.9162172
0.76900 0.906062
0.77000 0.8955168
0.77100 0.8849716000000001
0.77200 0.8744263999999999
0.77300 0.8638812
0.77400 0.853336
0.77500 0.8424264000000001
0.77600 0.8315168
0.77700 0.8206071999999999
0.77800 0.8096976
0.77900 0.7987879999999999
0.78000 0.7869887999999999
0.78100 0.7751895999999999
0.78200 0.7633904
0.78300 0.7515912
0.78400 0.739792
0.78500 0.7278676
0.78600 0.7159432
0.78700 0.7040188000000001
0.78800 0.6920944
0.78900 0.68017
0.79000 0.66835
0.79100 0.6565300000000001
0.79200 0.64471
0.79300 0.63289
0.79400 0.62107
0.79500 0.6093544000000001
0.79600 0.5976388
0.79700 0.5859232000000001
0.79800 0.5742076
0.79900 0.562492
0.80000 0.5505988
0.80100 0.5387056
0.80200 0.5268124000000001
0.80300 0.5149192
0.80400 0.503026
0.80500 0.48989400000000005
0.80600 0.476762
0.80700 0.46363000000000004
0.80800 0.45049799999999995
0.80900 0.43736600000000003
0.81000 0.4237324
0.81100 0.4100988
0.81200 0.3964652
0.81300 0.3828316
0.81400 0.369198
0.81500 0.3557912
0.81600 0.3423844
0.81700 0.3289776
0.81800 0.31557080000000004
0.81900 0.302164
0.82000 0.2893252
0.82100 0.2764864
0.82200 0.2636476
0.82300 0.2508088
0.82400 0.23797000000000001
0.82500 0.22519492000000002
0.82600 0.21241984
0.82700 0.19964476000000003
0.82800 0.18686968
0.82900 0.17409460000000002
0.83000 0.16031964
0.83100 0.14654468
0.83200 0.13276972
0.83300 0.11899476
0.83400 0.1052198
0.83500 0.0904286
0.83600 0.0756374
0.83700 0.0608462
0.83800 0.046055
0.83900 0.031263799999999994
0.84000 0.016566680000000004
0.84100 0.0018695600000000034
0.84200 -0.012827559999999998
0.84300 -0.027524679999999996
0.84400 -0.04222179999999999
0.84500 -0.05608492
0.84600 -0.06994804
0.84700 -0.08381116
0.84800 -0.09767428
0.84900 -0.11153740000000001
0.85000 -0.1250552
0.85100 -0.138573
0.85200 -0.1520908
0.85300 -0.1656086
0.85400 -0.1791264
0.85500 -0.19338912
0.85600 -0.20765183999999998
0.85700 -0.22191456
0.85800 -0.23617728
0.85900 -0.25044
0.86000 -0.2666112
0.86100 -0.2827824
0.86200 -0.29895360000000004
0.86300 -0.3151248
0.86400 -0.331296
0.86500 -0.3477476
0.86600 -0.36419919999999995
0.86700 -0.3806508
0.86800 -0.39710239999999997
0.86900 -0.413554
0.87000 -0.4294848
0.87100 -0.4454156
0.87200 -0.46134639999999993
0.87300 -0.47727719999999996
0.87400 -0.493208
0.87500 -0.5085976
0.87600 -0.5239872
0.87700 -0.5393768
0.87800 -0.5547664
0.87900 -0.570156
0.88000 -0.5857743999999999
0.88100 -0.6013928
0.88200 -0.6170112
0.88300 -0.6326296
0.88400 -0.6482479999999999
0.88500 -0.6656408
0.88600 -0.6830336
0.88700 -0.7004264
0.88800 -0.7178192
0.88900 -0.735212
0.89000 -0.7533564
0.89100 -0.7715008
0.89200 -0.7896452
0.89300 -0.8077895999999999
0.89400 -0.825934
0.89500 -0.8436344
0.89600 -0.8613348000000001
0.89700 -0.8790352
0.89800 -0.8967356000000001
0.89900 -0.914436
0.90000 -0.9309708000000001
0.90100 -0.9475056000000001
0.90200 -0.9640404
0.90300 -0.9805752
0.90400 -0.9971099999999999
0.90500 -1.0134812
0.90600 -1.0298524
0.90700 -1.0462235999999998
0.90800 -1.0625947999999998
0.90900 -1.0789659999999999
0.91000 -1.0964604
0.91100 -1.1139548
0.91200 -1.1314492
0.91300 -1.1489436
0.91400 -1.1664379999999999
0.91500 -1.1851236
0.91600 -1.2038092
0.91700 -1.2224948
0.91800 -1.2411804
0.91900 -1.2598660000000002
0.92000 -1.2784296000000002
0.92100 -1.2969932
0.92200 -1.3155568
0.92300 -1.3341204
0.92400 -1.352684
0.92500 -1.3700796
0.92600 -1.3874752000000001
0.92700 -1.4048707999999999
0.92800 -1.4222664
0.92900 -1.439662
0.93000 -1.4565508
0.93100 -1.4734396
0.93200 -1.4903283999999999
0.93300 -1.5072172
0.93400 -1.524106
0.93500 -1.5412595999999998
0.93600 -1.5584132
0.93700 -1.5755668
0.93800 -1.5927204
0.93900 -1.609874
0.94000 -1.6277383999999997
0.94100 -1.6456028
0.94200 -1.6634672
0.94300 -1.6813316
0.94400 -1.699196
0.94500 -1.7171747999999998
0.94600 -1.7351535999999999
0.94700 -1.7531323999999997
0.94800 -1.7711112
0.94900 -1.7890899999999998
0.95000 -1.8070764000000001
0.95100 -1.8250628
0.95200 -1.8430492
0.95300 -1.8610356
0.95400 -1.8790220000000002
0.95500 -1.8970176000000003
0.95600 -1.9150132000000002
0.95700 -1.9330088
0.95800 -1.9510044
0.95900 -1.969
0.96000 -1.9867160000000001
0.96100 -2.0044320000000004
0.96200 -2.022148
0.96300 -2.039864
0.96400 -2.05758
0.96500 -2.0731080000000004
0.96600 -2.088636
0.96700 -2.104164
0.96800 -2.1196919999999997
0.96900 -2.13522
0.97000 -2.149776
0.97100 -2.164332
0.97200 -2.1788879999999997
0.97300 -2.193444
0.97400 -2.2079999999999997
0.97500 -2.2229319999999997
0.97600 -2.2378639999999996
0.97700 -2.252796
0.97800 -2.267728
0.97900 -2.28266
0.98000 -2.298616
0.98100 -2.314572
0.98200 -2.330528
0.98300 -2.3464840000000002
0.98400 -2.3624400000000003
0.98500 -2.378548
0.98600 -2.3946560000000003
0.98700 -2.410764
0.98800 -2.4268720000000004
0.98900 -2.44298
0.99000 -2.457776
0.99100 -2.472572
0.99200 -2.487368
0.99300 -2.5021639999999996
0.99400 -2.51696
0.99500 -2.530308
0.99600 -2.543656
0.99700 -2.557004
0.99800 -2.570352
0.99900 -2.5837
1.00000 -2.5970839999999997
1.00100 -2.610468
1.00200 -2.6238520000000003
1.00300 -2.637236
1.00400 -2.65062
1.00500 -2.6646799999999997
1.00600 -2.67874
1.00700 -2.6928
1.00800 -2.70686
1.00900 -2.72092
1.01000 -2.735284
1.01100 -2.7496479999999996
1.01200 -2.764012
1.01300 -2.7783759999999997
1.01400 -2.79274
1.01500 -2.806472
1.01600 -2.820204
1.01700 -2.833936
1.01800 -2.847668
1.01900 -2.8614
1.02000 -2.87334
1.02100 -2.88528
1.02200 -2.89722
1.02300 -2.90916
1.02400 -2.9211
1.02500 -2.932736
1.02600 -2.944372
1.02700 -2.9560079999999997
1.02800 -2.967644
1.02900 -2.97928
1.03000 -2.9911280000000002
1.03100 -3.002976
1.03200 -3.014824
1.03300 -3.026672
1.03400 -3.03852
1.03500 -3.050608
1.03600 -3.062696
1.03700 -3.074784
1.03800 -3.086872
1.03900 -3.09896
1.04000 -3.110868
1.04100 -3.122776
1.04200 -3.134684
1.04300 -3.146592
1.04400 -3.1585
1.04500 -3.16888
1.04600 -3.17926
1.04700 -3.18964
1.04800 -3.20002
1.04900 -3.2104
1.05000 -3.220064
1.05100 -3.229728
1.05200 -3.239392
1.05300 -3.2490560000000004
1.05400 -3.2587200000000003
1.05500 -3.2682680000000004
1.05600 -3.277816
1.05700 -3.287364
1.05800 -3.296912
1.05900 -3.30646
1.06000 -3.315672
1.06100 -3.324884
1.06200 -3.3340959999999997
1.06300 -3.3433079999999995
1.06400 -3.3525199999999997
1.06500 -3.3616639999999998
1.06600 -3.3708079999999994
1.06700 -3.3799520000000003
1.06800 -3.389096
1.06900 -3.39824
1.07000 -3.406424
1.07100 -3.414608
1.07200 -3.422792
1.07300 -3.430976
1.07400 -3.4391599999999998
1.07500 -3.4462319999999997
1.07600 -3.453304
1.07700 -3.4603759999999992
1.07800 -3.4674479999999996
1.07900 -3.4745199999999996
1.08000 -3.4814079999999996
1.08100 -3.4882959999999996
1.08200 -3.4951839999999996
1.08300 -3.5020719999999996
1.08400 -3.5089599999999996
1.08500 -3.5146
1.08600 -3.52024
1.08700 -3.52588
1.08800 -3.5315199999999995
1.08900 -3.53716
1.09000 -3.542208
1.09100 -3.547256
1.09200 -3.5523040000000004
1.09300 -3.5573520000000003
1.09400 -3.5624000000000002
1.09500 -3.5670880000000005
1.09600 -3.5717760000000007
1.09700 -3.576464
1.09800 -3.5811520000000003
1.09900 -3.58584
1.10000 -3.589468
1.10100 -3.593096
1.10200 -3.5967240000000005
1.10300 -3.600352
1.10400 -3.60398
1.10500 -3.6074080000000004
1.10600 -3.610836
1.10700 -3.614264
1.10800 -3.6176919999999995
1.10900 -3.62112
1.11000 -3.6233239999999993
1.11100 -3.625528
1.11200 -3.6277319999999995
1.11300 -3.629936
1.11400 -3.6321399999999997
1.11500 -3.6329000000000002
1.11600 -3.63366
1.11700 -3.63442
1.11800 -3.6351799999999996
1.11900 -3.63594
1.12000 -3.636584
1.12100 -3.6372279999999995
1.12200 -3.637872
1.12300 -3.638516
1.12400 -3.6391599999999995
1.12500 -3.6392759999999997
1.12600 -3.6393919999999995
1.12700 -3.639508
1.12800 -3.639624
1.12900 -3.6397399999999998
1.13000 -3.6395959999999996
1.13100 -3.639452
1.13200 -3.6393079999999998
1.13300 -3.639164
1.13400 -3.63902
1.13500 -3.638328
1.13600 -3.6376359999999996
1.13700 -3.6369440000000006
1.13800 -3.6362520000000003
1.13900 -3.6355600000000003
1.14000 -3.6332120000000003
1.14100 -3.6308640000000003
1.14200 -3.628516
1.14300 -3.626168
1.14400 -3.62382
1.14500 -3.6211640000000003
1.14600 -3.618508
1.14700 -3.6158520000000003
1.14800 -3.613196
1.14900 -3.6105400000000003
1.15000 -3.6075120000000007
1.15100 -3.6044840000000002
1.15200 -3.601456
1.15300 -3.5984279999999997
1.15400 -3.5954
1.15500 -3.5919280000000002
1.15600 -3.588456
1.15700 -3.584984
1.15800 -3.581512
1.15900 -3.57804
1.16000 -3.574452
1.16100 -3.5708640000000003
1.16200 -3.5672759999999997
1.16300 -3.563688
1.16400 -3.5601
1.16500 -3.555592
1.16600 -3.5510840000000004
1.16700 -3.5465759999999995
1.16800 -3.5420679999999996
1.16900 -3.53756
1.17000 -3.5325879999999996
1.17100 -3.5276159999999996
1.17200 -3.5226440000000006
1.17300 -3.517672
1.17400 -3.5127
1.17500 -3.5074200000000006
1.17600 -3.50214
1.17700 -3.4968600000000003
1.17800 -3.49158
1.17900 -3.4863
1.18000 -3.4800519999999997
1.18100 -3.473804
1.18200 -3.4675560000000005
1.18300 -3.4613080000000003
1.18400 -3.4550600000000005
1.18500 -3.4486280000000002
1.18600 -3.442196
1.18700 -3.4357640000000003
1.18800 -3.429332
1.18900 -3.4229
1.19000 -3.4160719999999998
1.19100 -3.4092439999999997
1.19200 -3.402416
1.19300 -3.395588
1.19400 -3.38876
1.19500 -3.3814439999999997
1.19600 -3.374128
1.19700 -3.3668120000000004
1.19800 -3.359496
1.19900 -3.3521799999999997
1.20000 -3.3447240000000003
1.20100 -3.3372680000000003
1.20200 -3.3298119999999995
1.20300 -3.322356
1.20400 -3.3149
1.20500 -3.306292
1.20600 -3.2976840000000003
1.20700 -3.289076
1.20800 -3.2804680000000004
1.20900 -3.27186
1.21000 -3.262668
1.21100 -3.253476
1.21200 -3.2442840000000004
1.21300 -3.2350920000000003
1.21400 -3.2259
1.21500 -3.2167000000000003
1.21600 -3.2075000000000005
1.21700 -3.1983
1.21800 -3.1891
1.21900 -3.1799
1.22000 -3.170684
1.22100 -3.161468
1.22200 -3.152252
1.22300 -3.143036
1.22400 -3.13382
1.22500 -3.1246
1.22600 -3.11538
1.22700 -3.10616
1.22800 -3.09694
1.22900 -3.08772
1.23000 -3.077852
1.23100 -3.067984
1.23200 -3.058116
1.23300 -3.048248
1.23400 -3.03838
1.23500 -3.027692
1.23600 -3.017004
1.23700 -3.006316
1.23800 -2.995628
1.23900 -2.98494
1.24000 -2.974276
1.24100 -2.963612
1.24200 -2.952948
1.24300 -2.942284
1.24400 -2.9316199999999997
1.24500 -2.921592
1.24600 -2.911564
1.24700 -2.901536
1.24800 -2.891508
1.24900 -2.8814800000000003
1.25000 -2.8717840000000003
1.25100 -2.862088
1.25200 -2.852392
1.25300 -2.8426959999999997
1.25400 -2.8329999999999997
1.25500 -2.82292
1.25600 -2.81284
1.25700 -2.80276
1.25800 -2.79268
1.25900 -2.7826
1.26000 -2.771292
1.26100 -2.759984
1.26200 -2.748676
1.26300 -2.737368
1.26400 -2.72606
1.26500 -2.714508
1.26600 -2.702956
1.26700 -2.691404
1.26800 -2.679852
1.26900 -2.6683
1.27000 -2.657204
1.27100 -2.646108
1.27200 -2.635012
1.27300 -2.623916
1.27400 -2.61282
1.27500 -2.602308
1.27600 -2.591796
1.27700 -2.5812839999999997
1.27800 -2.570772
1.27900 -2.56026
1.28000 -2.549628
1.28100 -2.538996
1.28200 -2.5283640000000003
1.28300 -2.517732
1.28400 -2.5071000000000003
1.28500 -2.4948880000000004
1.28600 -2.482676
1.28700 -2.470464
1.28800 -2.458252
1.28900 -2.44604
1.29000 -2.4329840000000003
1.29100 -2.419928
1.29200 -2.406872
1.29300 -2.393816
1.29400 -2.38076
1.29500 -2.367948
1.29600 -2.3551360000000003
1.29700 -2.342324
1.29800 -2.3295120000000002
1.29900 -2.3167
1.30000 -2.304684
1.30100 -2.292668
1.30200 -2.280652
1.30300 -2.268636
1.30400 -2.25662
1.30500 -2.244784
1.30600 -2.232948
1.30700 -2.2211119999999998
1.30800 -2.209276
1.30900 -2.19744
1.31000 -2.189912
1.31100 -2.182384
1.31200 -2.1748559999999997
1.31300 -2.167328
1.31400 -2.1597999999999997
1.31500 -2.1579439999999996
1.31600 -2.1560879999999996
1.31700 -2.154232
1.31800 -2.152376
1.31900 -2.1505199999999998
1.32000 -2.1489559999999996
1.32100 -2.147392
1.32200 -2.145828
1.32300 -2.144264
1.32400 -2.1427
