0.00000 0.015622157661032901
0.00100 0.031244315322065803
0.00200 0.046866472983098706
0.00300 0.062488630644131606
0.00400 0.0781107883051645
0.00500 0.09373294596619741
0.00600 0.1093551036272303
0.00700 0.12497726128826321
0.00800 0.14059941894929612
0.00900 0.156221576610329
0.01000 0.1560720189492961
0.01100 0.1559224612882632
0.01200 0.1557729036272303
0.01300 0.1556233459661974
0.01400 0.1554737883051645
0.01500 0.15532423064413162
0.01600 0.1551746729830987
0.01700 0.1550251153220658
0.01800 0.15487555766103292
0.01900 0.154726
0.02000 0.1545765
0.02100 0.154427
0.02200 0.1542775
0.02300 0.154128
0.02400 0.15397850000000002
0.02500 0.15382900000000002
0.02600 0.15367950000000002
0.02700 0.15353
0.02800 0.1533805
0.02900 0.153231
0.03000 0.152715
0.03100 0.152199
0.03200 0.151683
0.03300 0.151167
0.03400 0.150651
0.03500 0.150135
0.03600 0.149619
0.03700 0.149103
0.03800 0.148587
0.03900 0.148071
0.04000 0.1469807
0.04100 0.1458904
0.04200 0.14480010000000001
0.04300 0.1437098
0.04400 0.14261949999999998
0.04500 0.1415292
0.04600 0.1404389
0.04700 0.1393486
0.04800 0.1382583
0.04900 0.137168
0.05000 0.1360306
0.05100 0.1348932
0.05200 0.1337558
0.05300 0.1326184
0.05400 0.13148100000000001
0.05500 0.1303436
0.05600 0.1292062
0.05700 0.1280688
0.05800 0.1269314
0.05900 0.12579400000000002
0.06000 0.12457960000000001
0.06100 0.1233652
0.06200 0.1221508
0.06300 0.12093640000000001
0.06400 0.11972200000000002
0.06500 0.1185076
0.06600 0.11729320000000001
0.06700 0.11607880000000001
0.06800 0.1148644
0.06900 0.11365
0.07000 0.11238540000000001
0.07100 0.11112079999999999
0.07200 0.1098562
0.07300 0.10859160000000001
0.07400 0.10732699999999999
0.07500 0.1060624
0.07600 0.10479780000000001
0.07700 0.10353320000000002
0.07800 0.1022686
0.07900 0.10100400000000001
0.08000 0.09977125
0.08100 0.0985385
0.08200 0.09730575
0.08300 0.096073
0.08400 0.09484025
0.08500 0.0936075
0.08600 0.09237475
0.08700 0.091142
0.08800 0.08990925000000001
0.08900 0.0886765
0.09000 0.08757467
0.09100 0.08647284000000001
0.09200 0.08537101
0.09300 0.08426918
0.09400 0.08316735
0.09500 0.08206552
0.09600 0.08096369
0.09700 0.07986185999999999
0.09800 0.07876003000000001
0.09900 0.0776582
0.10000 0.07658998
0.10100 0.07552176000000001
0.10200 0.07445354
0.10300 0.07338532
0.10400 0.0723171
0.10500 0.07124888
0.10600 0.07018066
0.10700 0.06911244
0.10800 0.06804422
0.10900 0.06697600000000001
0.11000 0.06586922
0.11100 0.06476244
0.11200 0.06365566
0.11300 0.06254888
0.11400 0.0614421
0.11500 0.06033531999999999
0.11600 0.059228539999999996
0.11700 0.05812176
0.11800 0.05701497999999999
0.11900 0.0559082
0.12000 0.05473952
0.12100 0.053570839999999995
0.12200 0.052402159999999996
0.12300 0.05123348
0.12400 0.0500648
0.12500 0.04889612
0.12600 0.047727439999999996
0.12700 0.04655876
0.12800 0.04539008
0.12900 0.0442214
0.13000 0.04305555
0.13100 0.0418897
0.13200 0.04072385
0.13300 0.039557999999999996
0.13400 0.03839215
0.13500 0.037226300000000004
0.13600 0.03606045
0.13700 0.0348946
0.13800 0.03372875
0.13900 0.0325629
0.14000 0.0315098
0.14100 0.030456699999999996
0.14200 0.029403599999999995
0.14300 0.0283505
0.14400 0.0272974
0.14500 0.026244299999999998
0.14600 0.025191199999999997
0.14700 0.0241381
0.14800 0.023085
0.14900 0.0220319
0.15000 0.02105425
0.15100 0.0200766
0.15200 0.019098949999999996
0.15300 0.0181213
0.15400 0.01714365
0.15500 0.016166
0.15600 0.01518835
0.15700 0.014210699999999998
0.15800 0.013233050000000001
0.15900 0.0122554
0.16000 0.011265122999999998
0.16100 0.010274846
0.16200 0.009284569
0.16300 0.008294292
0.16400 0.007304015
0.16500 0.006313737999999999
0.16600 0.005323461
0.16700 0.0043331839999999995
0.16800 0.003342906999999999
0.16900 0.00235263
0.17000 0.001309205
0.17100 0.00026577999999999986
0.17200 -0.0007776450000000004
0.17300 -0.0018210700000000004
0.17400 -0.0028644950000000003
0.17500 -0.0039079200000000005
0.17600 -0.004951345
0.17700 -0.005994770000000001
0.17800 -0.007038195000000001
0.17900 -0.008081620000000001
0.18000 -0.009139028
0.18100 -0.010196436
0.18200 -0.011253844
0.18300 -0.012311252
0.18400 -0.01336866
0.18500 -0.014426068
0.18600 -0.015483476000000001
0.18700 -0.016540884
0.18800 -0.017598291999999998
0.18900 -0.0186557
0.19000 -0.01965068
0.19100 -0.02064566
0.19200 -0.02164064
0.19300 -0.022635620000000002
0.19400 -0.0236306
0.19500 -0.02462558
0.19600 -0.025620560000000004
0.19700 -0.02661554
0.19800 -0.02761052
0.19900 -0.0286055
0.20000 -0.029497879999999997
0.20100 -0.030390260000000002
0.20200 -0.03128264
0.20300 -0.03217502
0.20400 -0.033067400000000004
0.20500 -0.03395978
0.20600 -0.03485216
0.20700 -0.035744540000000005
0.20800 -0.03663692
0.20900 -0.0375293
0.21000 -0.03841459
0.21100 -0.039299879999999995
0.21200 -0.04018517
0.21300 -0.041070459999999996
0.21400 -0.04195575
0.21500 -0.04284104
0.21600 -0.04372633
0.21700 -0.044611620000000005
0.21800 -0.04549691
0.21900 -0.0463822
0.22000 -0.0472833
0.22100 -0.0481844
0.22200 -0.0490855
0.22300 -0.0499866
0.22400 -0.0508877
0.22500 -0.0517888
0.22600 -0.0526899
0.22700 -0.053591
0.22800 -0.0544921
0.22900 -0.0553932
0.23000 -0.05630514
0.23100 -0.05721708
0.23200 -0.058129019999999997
0.23300 -0.059040959999999996
0.23400 -0.059952899999999996
0.23500 -0.060864839999999996
0.23600 -0.061776779999999996
0.23700 -0.06268872
0.23800 -0.06360066
0.23900 -0.0645126
0.24000 -0.0653994
0.24100 -0.06628619999999999
0.24200 -0.067173
0.24300 -0.06805979999999999
0.24400 -0.0689466
0.24500 -0.0698334
0.24600 -0.0707202
0.24700 -0.071607
0.24800 -0.0724938
0.24900 -0.07338059999999999
0.25000 -0.07415908
0.25100 -0.07493755999999999
0.25200 -0.07571604
0.25300 -0.07649452
0.25400 -0.077273
0.25500 -0.07805147999999999
0.25600 -0.07882996
0.25700 -0.07960844
0.25800 -0.08038692
0.25900 -0.0811654
0.26000 -0.08191465
0.26100 -0.0826639
0.26200 -0.08341315
0.26300 -0.0841624
0.26400 -0.08491165
0.26500 -0.0856609
0.26600 -0.08641014999999999
0.26700 -0.0871594
0.26800 -0.08790865
0.26900 -0.0886579
0.27000 -0.08940606
0.27100 -0.09015422
0.27200 -0.09090238
0.27300 -0.09165054
0.27400 -0.0923987
0.27500 -0.09314686
0.27600 -0.09389502
0.27700 -0.09464318000000001
0.27800 -0.09539134
0.27900 -0.0961395
0.28000 -0.09688585
0.28100 -0.0976322
0.28200 -0.09837855
0.28300 -0.0991249
0.28400 -0.09987125
0.28500 -0.1006176
0.28600 -0.10136395000000001
0.28700 -0.10211030000000001
0.28800 -0.10285665
0.28900 -0.103603
0.29000 -0.10434479999999999
0.29100 -0.1050866
0.29200 -0.1058284
0.29300 -0.10657019999999999
0.29400 -0.10731199999999999
0.29500 -0.1080538
0.29600 -0.10879559999999999
0.29700 -0.10953739999999998
0.29800 -0.1102792
0.29900 -0.111021
0.30000 -0.11169149999999999
0.30100 -0.11236199999999999
0.30200 -0.11303250000000001
0.30300 -0.113703
0.30400 -0.11437349999999999
0.30500 -0.115044
0.30600 -0.11571449999999998
0.30700 -0.116385
0.30800 -0.1170555
0.30900 -0.117726
0.31000 -0.1183465
0.31100 -0.118967
0.31200 -0.1195875
0.31300 -0.12020800000000001
0.31400 -0.1208285
0.31500 -0.12144899999999999
0.31600 -0.12206949999999998
0.31700 -0.12269
0.31800 -0.12331049999999999
0.31900 -0.12393099999999999
0.32000 -0.12454760000000001
0.32100 -0.1251642
0.32200 -0.12578079999999997
0.32300 -0.1263974
0.32400 -0.12701400000000002
0.32500 -0.12763059999999998
0.32600 -0.12824719999999998
0.32700 -0.1288638
0.32800 -0.1294804
0.32900 -0.130097
0.33000 -0.1306969
0.33100 -0.1312968
0.33200 -0.1318967
0.33300 -0.1324966
0.33400 -0.1330965
0.33500 -0.1336964
0.33600 -0.13429629999999998
0.33700 -0.1348962
0.33800 -0.13549609999999998
0.33900 -0.136096
0.34000 -0.13669119999999998
0.34100 -0.13728639999999998
0.34200 -0.1378816
0.34300 -0.1384768
0.34400 -0.139072
0.34500 -0.1396672
0.34600 -0.14026239999999998
0.34700 -0.1408576
0.34800 -0.1414528
0.34900 -0.142048
0.35000 -0.1426198
0.35100 -0.1431916
0.35200 -0.1437634
0.35300 -0.1443352
0.35400 -0.14490699999999998
0.35500 -0.1454788
0.35600 -0.1460506
0.35700 -0.14662239999999999
0.35800 -0.1471942
0.35900 -0.147766
0.36000 -0.1482973
0.36100 -0.1488286
0.36200 -0.14935990000000002
0.36300 -0.1498912
0.36400 -0.1504225
0.36500 -0.1509538
0.36600 -0.1514851
0.36700 -0.1520164
0.36800 -0.1525477
0.36900 -0.15307900000000002
0.37000 -0.1536045
0.37100 -0.15413000000000002
0.37200 -0.1546555
0.37300 -0.155181
0.37400 -0.15570650000000003
0.37500 -0.15623199999999998
0.37600 -0.1567575
0.37700 -0.157283
0.37800 -0.1578085
0.37900 -0.158334
0.38000 -0.1588166
0.38100 -0.1592992
0.38200 -0.1597818
0.38300 -0.1602644
0.38400 -0.160747
0.38500 -0.1612296
0.38600 -0.1617122
0.38700 -0.1621948
0.38800 -0.1626774
0.38900 -0.16316
0.39000 -0.163612
0.39100 -0.164064
0.39200 -0.164516
0.39300 -0.164968
0.39400 -0.16541999999999998
0.39500 -0.165872
0.39600 -0.166324
0.39700 -0.166776
0.39800 -0.167228
0.39900 -0.16768
0.40000 -0.1681323
0.40100 -0.1685846
0.40200 -0.1690369
0.40300 -0.1694892
0.40400 -0.16994150000000002
0.40500 -0.17039379999999998
0.40600 -0.1708461
0.40700 -0.17129840000000002
0.40800 -0.17175069999999998
0.40900 -0.172203
0.41000 -0.1726572
0.41100 -0.1731114
0.41200 -0.1735656
0.41300 -0.1740198
0.41400 -0.174474
0.41500 -0.1749282
0.41600 -0.1753824
0.41700 -0.17583659999999998
0.41800 -0.1762908
0.41900 -0.17674499999999999
0.42000 -0.1771999
0.42100 -0.1776548
0.42200 -0.17810969999999998
0.42300 -0.17856460000000002
0.42400 -0.1790195
0.42500 -0.17947439999999998
0.42600 -0.17992930000000001
0.42700 -0.1803842
0.42800 -0.1808391
0.42900 -0.181294
0.43000 -0.1817099
0.43100 -0.1821258
0.43200 -0.1825417
0.43300 -0.1829576
0.43400 -0.1833735
0.43500 -0.1837894
0.43600 -0.1842053
0.43700 -0.18462119999999999
0.43800 -0.1850371
0.43900 -0.185453
0.44000 -0.18580049999999998
0.44100 -0.186148
0.44200 -0.1864955
0.44300 -0.186843
0.44400 -0.18719049999999998
0.44500 -0.187538
0.44600 -0.1878855
0.44700 -0.188233
0.44800 -0.18858049999999998
0.44900 -0.188928
0.45000 -0.1892697
0.45100 -0.1896114
0.45200 -0.1899531
0.45300 -0.19029480000000001
0.45400 -0.19063650000000001
0.45500 -0.19097820000000001
0.45600 -0.19131990000000001
0.45700 -0.19166160000000002
0.45800 -0.19200330000000002
0.45900 -0.19234500000000002
0.46000 -0.1926951
0.46100 -0.1930452
0.46200 -0.1933953
0.46300 -0.1937454
0.46400 -0.19409550000000003
0.46500 -0.19444560000000002
0.46600 -0.19479570000000002
0.46700 -0.1951458
0.46800 -0.1954959
0.46900 -0.19584600000000002
0.47000 -0.19620200000000002
0.47100 -0.196558
0.47200 -0.196914
0.47300 -0.19727
0.47400 -0.197626
0.47500 -0.197982
0.47600 -0.198338
0.47700 -0.19869399999999998
0.47800 -0.19905
0.47900 -0.199406
0.48000 -0.1997465
0.48100 -0.200087
0.48200 -0.20042749999999998
0.48300 -0.20076799999999997
0.48400 -0.2011085
0.48500 -0.201449
0.48600 -0.20178949999999998
0.48700 -0.20213
0.48800 -0.2024705
0.48900 -0.202811
0.49000 -0.20307879999999998
0.49100 -0.2033466
0.49200 -0.20361439999999997
0.49300 -0.20388219999999996
0.49400 -0.20415
0.49500 -0.2044178
0.49600 -0.2046856
0.49700 -0.2049534
0.49800 -0.2052212
0.49900 -0.20548899999999998
0.50000 -0.20573569999999997
0.50100 -0.20598239999999998
0.50200 -0.2062291
0.50300 -0.2064758
0.50400 -0.20672249999999998
0.50500 -0.2069692
0.50600 -0.2072159
0.50700 -0.2074626
0.50800 -0.20770929999999996
0.50900 -0.20795599999999997
0.51000 -0.20819899999999997
0.51100 -0.20844199999999996
0.51200 -0.208685
0.51300 -0.208928
0.51400 -0.209171
0.51500 -0.209414
0.51600 -0.20965699999999998
0.51700 -0.20990000000000003
0.51800 -0.21014300000000002
0.51900 -0.21038600000000002
0.52000 -0.2106226
0.52100 -0.21085920000000002
0.52200 -0.2110958
0.52300 -0.2113324
0.52400 -0.21156899999999998
0.52500 -0.2118056
0.52600 -0.21204220000000001
0.52700 -0.2122788
0.52800 -0.21251540000000002
0.52900 -0.212752
0.53000 -0.2129854
0.53100 -0.2132188
0.53200 -0.2134522
0.53300 -0.21368560000000003
0.53400 -0.21391900000000003
0.53500 -0.2141524
0.53600 -0.21438580000000002
0.53700 -0.2146192
0.53800 -0.21485260000000003
0.53900 -0.21508600000000003
0.54000 -0.2152724
0.54100 -0.21545880000000003
0.54200 -0.21564520000000004
0.54300 -0.2158316
0.54400 -0.21601800000000004
0.54500 -0.21620440000000002
0.54600 -0.21639080000000002
0.54700 -0.2165772
0.54800 -0.21676360000000003
0.54900 -0.21695000000000003
0.55000 -0.2171011
0.55100 -0.21725220000000003
0.55200 -0.21740330000000002
0.55300 -0.21755440000000004
0.55400 -0.21770550000000002
0.55500 -0.2178566
0.55600 -0.21800770000000003
0.55700 -0.2181588
0.55800 -0.21830990000000003
0.55900 -0.21846100000000002
0.56000 -0.2186083
0.56100 -0.21875560000000002
0.56200 -0.2189029
0.56300 -0.2190502
0.56400 -0.21919750000000002
0.56500 -0.2193448
0.56600 -0.2194921
0.56700 -0.21963939999999998
0.56800 -0.2197867
0.56900 -0.219934
0.57000 -0.2200643
0.57100 -0.2201946
0.57200 -0.2203249
0.57300 -0.22045520000000002
0.57400 -0.22058549999999996
0.57500 -0.22071579999999996
0.57600 -0.2208461
0.57700 -0.2209764
0.57800 -0.2211067
0.57900 -0.221237
0.58000 -0.2213622
0.58100 -0.2214874
0.58200 -0.2216126
0.58300 -0.2217378
0.58400 -0.221863
0.58500 -0.22198819999999997
0.58600 -0.22211339999999996
0.58700 -0.22223859999999998
0.58800 -0.22236379999999997
0.58900 -0.222489
0.59000 -0.22259689999999996
0.59100 -0.22270479999999998
0.59200 -0.22281269999999997
0.59300 -0.2229206
0.59400 -0.2230285
0.59500 -0.22313639999999996
0.59600 -0.2232443
0.59700 -0.22335219999999997
0.59800 -0.2234601
0.59900 -0.223568
0.60000 -0.22364389999999998
0.60100 -0.22371979999999997
0.60200 -0.2237957
0.60300 -0.22387159999999998
0.60400 -0.22394749999999997
0.60500 -0.2240234
0.60600 -0.2240993
0.60700 -0.2241752
0.60800 -0.22425109999999998
0.60900 -0.224327
0.61000 -0.22439839999999997
0.61100 -0.2244698
0.61200 -0.2245412
0.61300 -0.2246126
0.61400 -0.22468399999999997
0.61500 -0.2247554
0.61600 -0.2248268
0.61700 -0.2248982
0.61800 -0.22496960000000002
0.61900 -0.225041
0.62000 -0.2250829
0.62100 -0.22512479999999999
0.62200 -0.2251667
0.62300 -0.22520859999999998
0.62400 -0.22525050000000002
0.62500 -0.2252924
0.62600 -0.22533430000000002
0.62700 -0.2253762
0.62800 -0.2254181
0.62900 -0.22546
0.63000 -0.2254794
0.63100 -0.2254988
0.63200 -0.2255182
0.63300 -0.2255376
0.63400 -0.225557
0.63500 -0.2255764
0.63600 -0.2255958
0.63700 -0.22561520000000002
0.63800 -0.22563460000000002
0.63900 -0.22565400000000002
0.64000 -0.22566870000000003
0.64100 -0.2256834
0.64200 -0.2256981
0.64300 -0.22571280000000002
0.64400 -0.2257275
0.64500 -0.2257422
0.64600 -0.2257569
0.64700 -0.22577160000000002
0.64800 -0.2257863
0.64900 -0.225801
0.65000 -0.22579280000000002
0.65100 -0.22578460000000003
0.65200 -0.2257764
0.65300 -0.2257682
0.65400 -0.22576000000000002
0.65500 -0.2257518
0.65600 -0.22574360000000002
0.65700 -0.22573539999999997
0.65800 -0.2257272
0.65900 -0.225719
0.66000 -0.2257037
0.66100 -0.22568839999999998
0.66200 -0.22567310000000002
0.66300 -0.22565780000000002
0.66400 -0.22564250000000002
0.66500 -0.2256272
0.66600 -0.2256119
0.66700 -0.22559660000000004
0.66800 -0.22558130000000004
0.66900 -0.22556600000000002
0.67000 -0.22550220000000004
0.67100 -0.22543840000000004
0.67200 -0.2253746
0.67300 -0.2253108
0.67400 -0.22524700000000003
0.67500 -0.22518320000000003
0.67600 -0.22511940000000003
0.67700 -0.2250556
0.67800 -0.22499180000000002
0.67900 -0.22492800000000002
0.68000 -0.22477210000000003
0.68100 -0.2246162
0.68200 -0.2244603
0.68300 -0.22430440000000001
0.68400 -0.2241485
0.68500 -0.22399260000000001
0.68600 -0.22383670000000003
0.68700 -0.22368080000000004
0.68800 -0.2235249
0.68900 -0.223369
0.69000 -0.22320330000000005
0.69100 -0.2230376
0.69200 -0.22287189999999998
0.69300 -0.22270620000000002
0.69400 -0.22254050000000003
0.69500 -0.2223748
0.69600 -0.2222091
0.69700 -0.2220434
0.69800 -0.2218777
0.69900 -0.221712
0.70000 -0.22153309999999998
0.70100 -0.2213542
0.70200 -0.2211753
0.70300 -0.22099639999999998
0.70400 -0.22081749999999997
0.70500 -0.22063860000000002
0.70600 -0.2204597
0.70700 -0.2202808
0.70800 -0.22010190000000002
0.70900 -0.219923
0.71000 -0.2197337
0.71100 -0.21954440000000003
0.71200 -0.21935509999999997
0.71300 -0.2191658
0.71400 -0.2189765
0.71500 -0.21878720000000001
0.71600 -0.2185979
0.71700 -0.21840859999999998
0.71800 -0.21821929999999998
0.71900 -0.21803
0.72000 -0.21778649999999997
0.72100 -0.217543
0.72200 -0.21729949999999998
0.72300 -0.217056
0.72400 -0.2168125
0.72500 -0.21656899999999996
0.72600 -0.2163255
0.72700 -0.21608199999999997
0.72800 -0.2158385
0.72900 -0.21559499999999998
0.73000 -0.21507829999999997
0.73100 -0.2145616
0.73200 -0.21404489999999998
0.73300 -0.2135282
0.73400 -0.2130115
0.73500 -0.21249479999999998
0.73600 -0.2119781
0.73700 -0.2114614
0.73800 -0.21094470000000004
0.73900 -0.210428
0.74000 -0.2098261
0.74100 -0.20922420000000003
0.74200 -0.20862230000000004
0.74300 -0.20802040000000002
0.74400 -0.2074185
0.74500 -0.20681660000000002
0.74600 -0.20621470000000003
0.74700 -0.2056128
0.74800 -0.2050109
0.74900 -0.204409
0.75000 -0.20377900000000002
0.75100 -0.20314900000000002
0.75200 -0.20251900000000003
0.75300 -0.20188900000000004
0.75400 -0.20125900000000002
0.75500 -0.200629
0.75600 -0.199999
0.75700 -0.199369
0.75800 -0.198739
0.75900 -0.198109
0.76000 -0.1974246
0.76100 -0.1967402
0.76200 -0.1960558
0.76300 -0.1953714
0.76400 -0.194687
0.76500 -0.1940026
0.76600 -0.1933182
0.76700 -0.1926338
0.76800 -0.1919494
0.76900 -0.191265
0.77000 -0.19056889999999999
0.77100 -0.1898728
0.77200 -0.1891767
0.77300 -0.1884806
0.77400 -0.1877845
0.77500 -0.1870884
0.77600 -0.1863923
0.77700 -0.1856962
0.77800 -0.1850001
0.77900 -0.184304
0.78000 -0.1834705
0.78100 -0.182637
0.78200 -0.1818035
0.78300 -0.18097000000000002
0.78400 -0.1801365
0.78500 -0.179303
0.78600 -0.1784695
0.78700 -0.177636
0.78800 -0.1768025
0.78900 -0.175969
0.79000 -0.1750255
0.79100 -0.17408200000000001
0.79200 -0.1731385
0.79300 -0.17219500000000001
0.79400 -0.1712515
0.79500 -0.170308
0.79600 -0.1693645
0.79700 -0.168421
0.79800 -0.1674775
0.79900 -0.16653400000000002
0.80000 -0.16556690000000002
0.80100 -0.16459980000000002
0.80200 -0.16363270000000002
0.80300 -0.16266560000000002
0.80400 -0.16169850000000002
0.80500 -0.1607314
0.80600 -0.1597643
0.80700 -0.1587972
0.80800 -0.1578301
0.80900 -0.156863
0.81000 -0.1557772
0.81100 -0.15469139999999998
0.81200 -0.1536056
0.81300 -0.1525198
0.81400 -0.151434
0.81500 -0.1503482
0.81600 -0.1492624
0.81700 -0.14817660000000002
0.81800 -0.14709080000000002
0.81900 -0.146005
0.82000 -0.1448812
0.82100 -0.1437574
0.82200 -0.1426336
0.82300 -0.1415098
0.82400 -0.14038599999999998
0.82500 -0.1392622
0.82600 -0.1381384
0.82700 -0.1370146
0.82800 -0.1358908
0.82900 -0.134767
0.83000 -0.13361689999999998
0.83100 -0.1324668
0.83200 -0.1313167
0.83300 -0.1301666
0.83400 -0.1290165
0.83500 -0.1278664
0.83600 -0.1267163
0.83700 -0.12556620000000002
0.83800 -0.1244161
0.83900 -0.12326600000000001
0.84000 -0.12206360000000001
0.84100 -0.1208612
0.84200 -0.1196588
0.84300 -0.11845639999999999
0.84400 -0.11725400000000001
0.84500 -0.1160516
0.84600 -0.11484920000000001
0.84700 -0.1136468
0.84800 -0.1124444
0.84900 -0.111242
0.85000 -0.11002835
0.85100 -0.1088147
0.85200 -0.10760105
0.85300 -0.1063874
0.85400 -0.10517375
0.85500 -0.1039601
0.85600 -0.10274645
0.85700 -0.1015328
0.85800 -0.10031915
0.85900 -0.0991055
0.86000 -0.09775786
0.86100 -0.09641022
0.86200 -0.09506258000000001
0.86300 -0.09371494
0.86400 -0.0923673
0.86500 -0.09101966
0.86600 -0.08967202
0.86700 -0.08832438000000001
0.86800 -0.08697674
0.86900 -0.0856291
0.87000 -0.0841716
0.87100 -0.0827141
0.87200 -0.0812566
0.87300 -0.0797991
0.87400 -0.0783416
0.87500 -0.0768841
0.87600 -0.0754266
0.87700 -0.0739691
0.87800 -0.0725116
0.87900 -0.0710541
0.88000 -0.06959705
0.88100 -0.06814
0.88200 -0.06668294999999999
0.88300 -0.0652259
0.88400 -0.06376885
0.88500 -0.06231180000000001
0.88600 -0.06085475
0.88700 -0.0593977
0.88800 -0.05794065
0.88900 -0.0564836
0.89000 -0.05503301000000001
0.89100 -0.05358242
0.89200 -0.052131830000000004
0.89300 -0.05068124
0.89400 -0.04923065
0.89500 -0.04778006
0.89600 -0.04632947
0.89700 -0.044878879999999996
0.89800 -0.04342829
0.89900 -0.0419777
0.90000 -0.040529209999999996
0.90100 -0.03908072
0.90200 -0.03763223
0.90300 -0.036183740000000006
0.90400 -0.03473525
0.90500 -0.033286760000000006
0.90600 -0.03183827
0.90700 -0.030389779999999998
0.90800 -0.028941289999999998
0.90900 -0.0274928
0.91000 -0.025962790000000003
0.91100 -0.02443278
0.91200 -0.02290277
0.91300 -0.02137276
0.91400 -0.01984275
0.91500 -0.01831274
0.91600 -0.016782730000000003
0.91700 -0.01525272
0.91800 -0.013722709999999999
0.91900 -0.0121927
0.92000 -0.010497208
0.92100 -0.008801715999999998
0.92200 -0.007106223999999999
0.92300 -0.005410731999999999
0.92400 -0.003715239999999999
0.92500 -0.0020197479999999974
0.92600 -0.00032425599999999776
0.92700 0.001371236000000002
0.92800 0.0030667280000000034
0.92900 0.004762220000000002
0.93000 0.006473478
0.93100 0.008184736000000001
0.93200 0.009895994
0.93300 0.011607252
0.93400 0.01331851
0.93500 0.015029767999999999
0.93600 0.016741026
0.93700 0.018452284
0.93800 0.020163542
0.93900 0.0218748
0.94000 0.02352226
0.94100 0.02516972
0.94200 0.026817180000000003
0.94300 0.028464639999999996
0.94400 0.030112099999999996
0.94500 0.03175956
0.94600 0.033407019999999996
0.94700 0.03505448
0.94800 0.03670194
0.94900 0.0383494
0.95000 0.03994341
0.95100 0.041537420000000005
0.95200 0.043131430000000005
0.95300 0.04472544
0.95400 0.04631945
0.95500 0.047913460000000005
0.95600 0.049507470000000005
0.95700 0.05110148
0.95800 0.05269549
0.95900 0.054289500000000004
0.96000 0.05590596
0.96100 0.05752242
0.96200 0.059138880000000005
0.96300 0.060755340000000005
0.96400 0.0623718
0.96500 0.06398825999999999
0.96600 0.06560471999999999
0.96700 0.06722117999999999
0.96800 0.06883764
0.96900 0.07045409999999999
0.97000 0.07219578
0.97100 0.07393746
0.97200 0.07567914
0.97300 0.07742082
0.97400 0.0791625
0.97500 0.08090417999999999
0.97600 0.08264585999999999
0.97700 0.08438754
0.97800 0.08612921999999999
0.97900 0.0878709
0.98000 0.08965450999999999
0.98100 0.09143812
0.98200 0.09322172999999999
0.98300 0.09500534
0.98400 0.09678895
0.98500 0.09857256
0.98600 0.10035617
0.98700 0.10213977999999999
0.98800 0.10392338999999999
0.98900 0.105707
0.99000 0.10742369999999998
0.99100 0.1091404
0.99200 0.1108571
0.99300 0.11257379999999999
0.99400 0.11429049999999999
0.99500 0.1160072
0.99600 0.11772389999999999
0.99700 0.11944059999999998
0.99800 0.1211573
0.99900 0.122874
1.00000 0.1244516
1.00100 0.1260292
1.00200 0.1276068
1.00300 0.1291844
1.00400 0.130762
1.00500 0.1323396
1.00600 0.13391720000000001
1.00700 0.1354948
1.00800 0.1370724
1.00900 0.13865
1.01000 0.14021350000000002
1.01100 0.141777
1.01200 0.1433405
1.01300 0.144904
1.01400 0.14646750000000003
1.01500 0.148031
1.01600 0.14959450000000002
1.01700 0.15115800000000001
1.01800 0.1527215
1.01900 0.154285
1.02000 0.15589550000000002
1.02100 0.157506
1.02200 0.1591165
1.02300 0.160727
1.02400 0.1623375
1.02500 0.163948
1.02600 0.1655585
1.02700 0.16716899999999998
1.02800 0.1687795
1.02900 0.17038999999999999
1.03000 0.1720408
1.03100 0.1736916
1.03200 0.1753424
1.03300 0.17699320000000002
1.03400 0.178644
1.03500 0.1802948
1.03600 0.18194559999999999
1.03700 0.18359640000000002
1.03800 0.1852472
1.03900 0.186898
1.04000 0.1885211
1.04100 0.1901442
1.04200 0.1917673
1.04300 0.19339040000000002
1.04400 0.1950135
1.04500 0.1966366
1.04600 0.19825969999999998
1.04700 0.19988279999999997
1.04800 0.2015059
1.04900 0.20312899999999998
1.05000 0.204594
1.05100 0.206059
1.05200 0.207524
1.05300 0.208989
1.05400 0.210454
1.05500 0.21191899999999997
1.05600 0.21338399999999996
1.05700 0.21484899999999998
1.05800 0.21631399999999998
1.05900 0.217779
1.06000 0.2191897
1.06100 0.2206004
1.06200 0.22201109999999996
1.06300 0.22342179999999998
1.06400 0.2248325
1.06500 0.2262432
1.06600 0.22765390000000002
1.06700 0.22906459999999998
1.06800 0.2304753
1.06900 0.23188599999999998
1.07000 0.23330489999999998
1.07100 0.23472379999999998
1.07200 0.23614269999999998
1.07300 0.23756159999999998
1.07400 0.23898049999999998
1.07500 0.24039939999999999
1.07600 0.24181829999999999
1.07700 0.2432372
1.07800 0.2446561
1.07900 0.246075
1.08000 0.24751150000000002
1.08100 0.248948
1.08200 0.2503845
1.08300 0.25182099999999996
1.08400 0.2532575
1.08500 0.25469400000000003
1.08600 0.2561305
1.08700 0.257567
1.08800 0.2590035
1.08900 0.26044
1.09000 0.26187550000000004
1.09100 0.26331099999999996
1.09200 0.2647465
1.09300 0.26618200000000003
1.09400 0.26761749999999995
1.09500 0.269053
1.09600 0.2704885
1.09700 0.271924
1.09800 0.2733595
1.09900 0.274795
1.10000 0.2761447
1.10100 0.27749440000000003
1.10200 0.2788441
1.10300 0.2801938
1.10400 0.2815435
1.10500 0.2828932
1.10600 0.2842429
1.10700 0.2855926
1.10800 0.2869423
1.10900 0.288292
1.11000 0.2895667
1.11100 0.2908414
1.11200 0.2921161
1.11300 0.2933908
1.11400 0.29466549999999997
1.11500 0.2959402
1.11600 0.2972149
1.11700 0.2984896
1.11800 0.2997643
1.11900 0.301039
1.12000 0.3022964
1.12100 0.30355380000000004
1.12200 0.3048112
1.12300 0.3060686
1.12400 0.30732600000000004
1.12500 0.3085834
1.12600 0.3098408
1.12700 0.3110982
1.12800 0.3123556
1.12900 0.31361300000000003
1.13000 0.3147748
1.13100 0.3159366
1.13200 0.3170984
1.13300 0.3182602
1.13400 0.319422
1.13500 0.3205838
1.13600 0.32174559999999996
1.13700 0.3229074
1.13800 0.3240692
1.13900 0.325231
1.14000 0.3263592
1.14100 0.3274874
1.14200 0.3286156
1.14300 0.32974380000000003
1.14400 0.330872
1.14500 0.3320002
1.14600 0.3331284
1.14700 0.3342566
1.14800 0.33538480000000004
1.14900 0.336513
1.15000 0.3376334
1.15100 0.3387538
1.15200 0.3398742
1.15300 0.34099460000000004
1.15400 0.342115
1.15500 0.3432354
1.15600 0.34435580000000005
1.15700 0.3454762
1.15800 0.3465966
1.15900 0.347717
1.16000 0.3488207
1.16100 0.3499244
1.16200 0.3510281
1.16300 0.3521318
1.16400 0.3532355
1.16500 0.3543392
1.16600 0.3554429
1.16700 0.35654660000000005
1.16800 0.35765030000000003
1.16900 0.358754
1.17000 0.3598498
1.17100 0.36094560000000003
1.17200 0.3620414
1.17300 0.36313720000000005
1.17400 0.36423300000000003
1.17500 0.3653288
1.17600 0.3664246
1.17700 0.36752039999999997
1.17800 0.3686162
1.17900 0.369712
1.18000 0.3706286
1.18100 0.3715452
1.18200 0.3724618
1.18300 0.3733784
1.18400 0.374295
1.18500 0.3752116
1.18600 0.3761282
1.18700 0.3770448
1.18800 0.3779614
1.18900 0.378878
1.19000 0.3796345
1.19100 0.38039100000000003
1.19200 0.38114750000000003
1.19300 0.381904
1.19400 0.38266049999999996
1.19500 0.383417
1.19600 0.3841735
1.19700 0.38493
1.19800 0.3856865
1.19900 0.386443
1.20000 0.38720889999999997
1.20100 0.3879748
1.20200 0.3887407
1.20300 0.3895066
1.20400 0.3902725
1.20500 0.3910384
1.20600 0.3918043
1.20700 0.3925702
1.20800 0.3933361
1.20900 0.394102
1.21000 0.3949359
1.21100 0.39576979999999995
1.21200 0.3966037
1.21300 0.3974376
1.21400 0.3982715
1.21500 0.39910539999999994
1.21600 0.39993929999999994
1.21700 0.4007732
1.21800 0.40160709999999994
1.21900 0.40244099999999994
1.22000 0.4032994
1.22100 0.40415779999999996
1.22200 0.40501619999999994
1.22300 0.4058745999999999
1.22400 0.406733
1.22500 0.4075914
1.22600 0.4084498
1.22700 0.4093082
1.22800 0.4101666
1.22900 0.411025
1.23000 0.4118577
1.23100 0.41269039999999996
1.23200 0.41352310000000003
1.23300 0.41435579999999994
1.23400 0.4151885
1.23500 0.41602120000000004
1.23600 0.4168539
1.23700 0.4176866
1.23800 0.4185193
1.23900 0.41935200000000006
1.24000 0.4201277
1.24100 0.4209034
1.24200 0.4216791000000001
1.24300 0.4224548
1.24400 0.4232305
1.24500 0.4240062
1.24600 0.4247819
1.24700 0.42555760000000004
1.24800 0.4263333
1.24900 0.427109
1.25000 0.4278791
1.25100 0.4286492
1.25200 0.4294193
1.25300 0.4301894
1.25400 0.4309595
1.25500 0.4317296
1.25600 0.4324997
1.25700 0.4332698
1.25800 0.4340399
1.25900 0.43481
1.26000 0.4356389
1.26100 0.43646779999999996
1.26200 0.4372967
1.26300 0.43812559999999995
1.26400 0.4389545
1.26500 0.43978340000000005
1.26600 0.4406123
1.26700 0.44144120000000003
1.26800 0.4422701
1.26900 0.443099
1.27000 0.44398160000000003
1.27100 0.44486420000000004
1.27200 0.44574680000000005
1.27300 0.44662940000000007
1.27400 0.447512
1.27500 0.44839460000000003
1.27600 0.44927720000000004
1.27700 0.45015980000000005
1.27800 0.45104240000000007
1.27900 0.451925
1.28000 0.4527994000000001
1.28100 0.45367380000000007
1.28200 0.45454820000000007
1.28300 0.45542260000000007
1.28400 0.456297
1.28500 0.4571714
1.28600 0.4580458
1.28700 0.4589202
1.28800 0.45979460000000005
1.28900 0.46066900000000005
1.29000 0.4614885
1.29100 0.46230800000000005
1.29200 0.4631275
1.29300 0.463947
1.29400 0.46476649999999997
1.29500 0.46558600000000006
1.29600 0.46640550000000003
1.29700 0.467225
1.29800 0.4680445000000001
1.29900 0.46886400000000006
1.30000 0.46966340000000006
1.30100 0.47046280000000007
1.30200 0.4712622000000001
1.30300 0.4720616000000001
1.30400 0.472861
1.30500 0.4736604
1.30600 0.4744598
1.30700 0.4752592
1.30800 0.4760586
1.30900 0.476858
1.31000 0.4776794
1.31100 0.47850080000000006
1.31200 0.47932220000000003
1.31300 0.4801436
1.31400 0.480965
1.31500 0.4817864
1.31600 0.4826078
1.31700 0.48342919999999995
1.31800 0.48425060000000003
1.31900 0.485072
1.32000 0.4859436
1.32100 0.4868152
1.32200 0.4876868
1.32300 0.48855839999999995
1.32400 0.4894299999999999
1.32500 0.4903016
1.32600 0.4911732
1.32700 0.49204479999999995
1.32800 0.49291640000000003
1.32900 0.493788
1.33000 0.4946644
1.33100 0.4955408
1.33200 0.49641719999999995
1.33300 0.4972936
1.33400 0.49817
1.33500 0.4990464
1.33600 0.49992280000000006
1.33700 0.5007992
1.33800 0.5016756
1.33900 0.502552
1.34000 0.5033645
1.34100 0.5041770000000001
1.34200 0.5049895
1.34300 0.505802
1.34400 0.5066145000000001
1.34500 0.5074270000000001
1.34600 0.5082395
1.34700 0.509052
1.34800 0.5098645
1.34900 0.510677
1.35000 0.5114301
1.35100 0.5121832000000001
1.35200 0.5129363
1.35300 0.5136894
1.35400 0.5144425
1.35500 0.5151956
1.35600 0.5159487
1.35700 0.5167018
1.35800 0.5174548999999999
1.35900 0.518208
1.36000 0.5189608
1.36100 0.5197136
1.36200 0.5204664
1.36300 0.5212192
1.36400 0.5219720000000001
1.36500 0.5227248
1.36600 0.5234776
1.36700 0.5242304
1.36800 0.5249832000000001
1.36900 0.525736
1.37000 0.5264933
1.37100 0.5272506
1.37200 0.5280079000000001
1.37300 0.5287652
1.37400 0.5295225
1.37500 0.5302798
1.37600 0.5310371
1.37700 0.5317944000000001
1.37800 0.5325517000000001
1.37900 0.533309
1.38000 0.5340680000000001
1.38100 0.534827
1.38200 0.535586
1.38300 0.5363450000000001
1.38400 0.537104
1.38500 0.537863
1.38600 0.5386219999999999
1.38700 0.539381
1.38800 0.5401400000000001
1.38900 0.540899
1.39000 0.5416198000000001
1.39100 0.5423406
1.39200 0.5430614
1.39300 0.5437822
1.39400 0.544503
1.39500 0.5452238
1.39600 0.5459446
1.39700 0.5466654
1.39800 0.5473861999999999
1.39900 0.548107
1.40000 0.5487387
1.40100 0.5493704
1.40200 0.5500021
1.40300 0.5506338000000001
1.40400 0.5512655000000001
1.40500 0.5518972
1.40600 0.5525289
1.40700 0.5531606
1.40800 0.5537923
1.40900 0.554424
1.41000 0.5550431
1.41100 0.5556622
1.41200 0.5562813
1.41300 0.5569004000000001
1.41400 0.5575195000000001
1.41500 0.5581386
1.41600 0.5587577
1.41700 0.5593768000000001
1.41800 0.5599959
1.41900 0.5606150000000001
1.42000 0.5612118
1.42100 0.5618086
1.42200 0.5624054
1.42300 0.5630022
1.42400 0.563599
1.42500 0.5641958
1.42600 0.5647926
1.42700 0.5653894
1.42800 0.5659862
1.42900 0.566583
1.43000 0.5671584999999999
1.43100 0.567734
1.43200 0.5683095
1.43300 0.568885
1.43400 0.5694604999999999
1.43500 0.570036
1.43600 0.5706114999999999
1.43700 0.5711869999999999
1.43800 0.5717625
1.43900 0.572338
1.44000 0.5729023
1.44100 0.5734665999999999
1.44200 0.5740309
1.44300 0.5745952
1.44400 0.5751595
1.44500 0.5757238
1.44600 0.5762881
1.44700 0.5768524
1.44800 0.5774167
1.44900 0.5779810000000001
1.45000 0.5784754000000001
1.45100 0.5789698000000001
1.45200 0.5794642000000001
1.45300 0.5799586000000001
1.45400 0.580453
1.45500 0.5809474
1.45600 0.5814418
1.45700 0.5819362
1.45800 0.5824306
1.45900 0.582925
1.46000 0.5833923999999999
1.46100 0.5838598
1.46200 0.5843271999999999
1.46300 0.5847946
1.46400 0.585262
1.46500 0.5857294
1.46600 0.5861968
1.46700 0.5866642
1.46800 0.5871316
1.46900 0.587599
1.47000 0.5880896
1.47100 0.5885802
1.47200 0.5890708
1.47300 0.5895614
1.47400 0.590052
1.47500 0.5905425999999999
1.47600 0.5910331999999999
1.47700 0.5915237999999999
1.47800 0.5920143999999999
1.47900 0.592505
1.48000 0.5930508
1.48100 0.5935965999999999
1.48200 0.5941424
1.48300 0.5946882
1.48400 0.5952339999999999
1.48500 0.5957798000000001
1.48600 0.5963256
1.48700 0.5968714
1.48800 0.5974172
1.48900 0.597963
1.49000 0.5985164000000001
1.49100 0.5990698
1.49200 0.5996232
1.49300 0.6001766
1.49400 0.6007300000000001
1.49500 0.6012834
1.49600 0.6018368000000001
1.49700 0.6023902000000001
1.49800 0.6029436
1.49900 0.6034970000000001
1.50000 0.6040453
1.50100 0.6045936000000001
1.50200 0.6051419
1.50300 0.6056902
1.50400 0.6062385000000001
1.50500 0.6067868000000001
1.50600 0.6073351
1.50700 0.6078834000000001
1.50800 0.6084317
1.50900 0.6089800000000001
1.51000 0.6095234
1.51100 0.6100668
1.51200 0.6106102
1.51300 0.6111536
1.51400 0.611697
1.51500 0.6122404
1.51600 0.6127838000000001
1.51700 0.6133272
1.51800 0.6138706
1.51900 0.614414
1.52000 0.6149582
1.52100 0.6155024
1.52200 0.6160466
1.52300 0.6165908
1.52400 0.617135
1.52500 0.6176792
1.52600 0.6182234
1.52700 0.6187676
1.52800 0.6193118
1.52900 0.619856
1.53000 0.6204072999999999
1.53100 0.6209586
1.53200 0.6215099
1.53300 0.6220612
1.53400 0.6226125
1.53500 0.6231637999999999
1.53600 0.6237151
1.53700 0.6242664
1.53800 0.6248177
1.53900 0.625369
1.54000 0.625923
1.54100 0.626477
1.54200 0.627031
1.54300 0.6275850000000001
1.54400 0.628139
1.54500 0.628693
1.54600 0.629247
1.54700 0.629801
1.54800 0.630355
1.54900 0.630909
1.55000 0.6314801
1.55100 0.6320512
1.55200 0.6326223000000001
1.55300 0.6331934
1.55400 0.6337645000000001
1.55500 0.6343356
1.55600 0.6349066999999999
1.55700 0.6354778000000001
1.55800 0.6360489
1.55900 0.63662
1.56000 0.6372324
1.56100 0.6378448
1.56200 0.6384572000000001
1.56300 0.6390696
1.56400 0.639682
1.56500 0.6402943999999999
1.56600 0.6409068
1.56700 0.6415192000000001
1.56800 0.6421316
1.56900 0.642744
1.57000 0.6433622
1.57100 0.6439804
1.57200 0.6445985999999999
1.57300 0.6452167999999999
1.57400 0.6458349999999999
1.57500 0.6464532000000001
1.57600 0.6470714
1.57700 0.6476896
1.57800 0.6483078
1.57900 0.648926
1.58000 0.64953
1.58100 0.650134
1.58200 0.6507379999999999
1.58300 0.651342
1.58400 0.651946
1.58500 0.65255
1.58600 0.653154
1.58700 0.6537580000000001
1.58800 0.6543620000000001
1.58900 0.654966
1.59000 0.6555559000000001
1.59100 0.6561458
1.59200 0.6567357
1.59300 0.6573256
1.59400 0.6579155
1.59500 0.6585054
1.59600 0.6590952999999999
1.59700 0.6596852
1.59800 0.6602751
1.59900 0.660865
1.60000 0.6614639999999999
1.60100 0.6620630000000001
1.60200 0.662662
1.60300 0.663261
1.60400 0.66386
1.60500 0.664459
1.60600 0.6650579999999999
1.60700 0.6656569999999999
1.60800 0.666256
1.60900 0.666855
1.61000 0.6675186
1.61100 0.6681822
1.61200 0.6688457999999999
1.61300 0.6695094
1.61400 0.6701729999999999
1.61500 0.6708366
1.61600 0.6715002
1.61700 0.6721638000000001
1.61800 0.6728274
1.61900 0.6734910000000001
1.62000 0.6741805000000001
1.62100 0.6748700000000001
1.62200 0.6755595000000001
1.62300 0.6762490000000001
1.62400 0.6769385
1.62500 0.677628
1.62600 0.6783175
1.62700 0.679007
1.62800 0.6796965
1.62900 0.680386
1.63000 0.6810657
1.63100 0.6817454000000001
1.63200 0.6824251
1.63300 0.6831048
1.63400 0.6837845
1.63500 0.6844642000000001
1.63600 0.6851439
1.63700 0.6858236
1.63800 0.6865033
1.63900 0.687183
1.64000 0.6878379
1.64100 0.6884928
1.64200 0.6891477
1.64300 0.6898025999999999
1.64400 0.6904575
1.64500 0.6911124
1.64600 0.6917673
1.64700 0.6924222
1.64800 0.6930771
1.64900 0.693732
1.65000 0.6943832
1.65100 0.6950343999999999
1.65200 0.6956856
1.65300 0.6963368
1.65400 0.6969879999999999
1.65500 0.6976392
1.65600 0.6982904
1.65700 0.6989416
1.65800 0.6995928
1.65900 0.700244
1.66000 0.7008978
1.66100 0.7015515999999999
1.66200 0.7022054
1.66300 0.7028592
1.66400 0.703513
1.66500 0.7041668000000001
1.66600 0.7048206
1.66700 0.7054744000000001
1.66800 0.7061282
1.66900 0.706782
1.67000 0.7074384
1.67100 0.7080948
1.67200 0.7087512
1.67300 0.7094076
1.67400 0.710064
1.67500 0.7107204
1.67600 0.7113768
1.67700 0.7120332
1.67800 0.7126896
1.67900 0.713346
1.68000 0.7139871
1.68100 0.7146282
1.68200 0.7152693
1.68300 0.7159104000000001
1.68400 0.7165515
1.68500 0.7171926
1.68600 0.7178337
1.68700 0.7184748
1.68800 0.7191159
1.68900 0.719757
1.69000 0.7202887
1.69100 0.7208204
1.69200 0.7213521
1.69300 0.7218838
1.69400 0.7224155
1.69500 0.7229472
1.69600 0.7234789
1.69700 0.7240106
1.69800 0.7245423000000001
1.69900 0.725074
1.70000 0.7255606
1.70100 0.7260472
1.70200 0.7265338000000001
1.70300 0.7270204
1.70400 0.727507
1.70500 0.7279936
1.70600 0.7284802
1.70700 0.7289668
1.70800 0.7294534
1.70900 0.72994
1.71000 0.7303084
1.71100 0.7306768
1.71200 0.7310452000000001
1.71300 0.7314136
1.71400 0.731782
1.71500 0.7321504
1.71600 0.7325188
1.71700 0.7328872000000001
1.71800 0.7332556
1.71900 0.733624
1.72000 0.7336898
1.72100 0.7337556000000001
1.72200 0.7338214
1.72300 0.7338872000000001
1.72400 0.733953
1.72500 0.7340188
1.72600 0.7340846
1.72700 0.7341504
1.72800 0.7342162
1.72900 0.734282
1.73000 0.7342985
1.73100 0.7343149999999999
1.73200 0.7343314999999999
1.73300 0.734348
1.73400 0.7343645000000001
1.73500 0.7343810000000001
1.73600 0.7343975
1.73700 0.734414
1.73800 0.7344305
1.73900 0.7344470000000001
1.74000 0.7342781
1.74100 0.7341092
1.74200 0.7339403
1.74300 0.7337714
1.74400 0.7336025
1.74500 0.7334336
1.74600 0.7332647000000001
1.74700 0.7330958
1.74800 0.7329269
1.74900 0.732758
1.75000 0.7323966000000001
1.75100 0.7320352
1.75200 0.7316738
1.75300 0.7313124
1.75400 0.7309509999999999
1.75500 0.7305896
1.75600 0.7302282
1.75700 0.7298668
1.75800 0.7295054
1.75900 0.729144
1.76000 0.7287180999999999
1.76100 0.7282922000000001
1.76200 0.7278663
1.76300 0.7274404
1.76400 0.7270144999999999
1.76500 0.7265886
1.76600 0.7261626999999999
1.76700 0.7257368
1.76800 0.7253109
1.76900 0.724885
1.77000 0.7240205
1.77100 0.723156
1.77200 0.7222915000000001
1.77300 0.721427
1.77400 0.7205625
1.77500 0.719698
1.77600 0.7188335
1.77700 0.717969
1.77800 0.7171044999999999
1.77900 0.71624
1.78000 0.7151897
1.78100 0.7141394
1.78200 0.7130891
1.78300 0.7120388
1.78400 0.7109885
1.78500 0.7099382
1.78600 0.7088878999999999
1.78700 0.7078376
1.78800 0.7067873
1.78900 0.705737
1.79000 0.7046475
1.79100 0.7035579999999999
1.79200 0.7024684999999999
1.79300 0.701379
1.79400 0.7002895
1.79500 0.6992
1.79600 0.6981105
1.79700 0.697021
1.79800 0.6959314999999999
1.79900 0.694842
1.80000 0.6936496
1.80100 0.6924572
1.80200 0.6912648
1.80300 0.6900723999999999
1.80400 0.6888799999999999
1.80500 0.6876876000000001
1.80600 0.6864952
1.80700 0.6853028
1.80800 0.6841104
1.80900 0.682918
1.81000 0.6817036
1.81100 0.6804892
1.81200 0.6792748000000001
1.81300 0.6780604
1.81400 0.6768460000000001
1.81500 0.6756316
1.81600 0.6744171999999999
1.81700 0.6732028000000001
1.81800 0.6719884
1.81900 0.670774
1.82000 0.6691951
1.82100 0.6676162000000001
1.82200 0.6660372999999999
1.82300 0.6644584
1.82400 0.6628795000000001
1.82500 0.6613006
1.82600 0.6597217000000001
1.82700 0.6581428
1.82800 0.6565639
1.82900 0.654985
1.83000 0.6530195
1.83100 0.651054
1.83200 0.6490885000000001
1.83300 0.647123
1.83400 0.6451575
1.83500 0.643192
1.83600 0.6412264999999999
1.83700 0.6392610000000001
1.83800 0.6372955
1.83900 0.63533
1.84000 0.633357
1.84100 0.631384
1.84200 0.6294109999999999
1.84300 0.6274379999999999
1.84400 0.6254649999999999
1.84500 0.6234919999999999
1.84600 0.6215189999999999
1.84700 0.6195459999999999
1.84800 0.6175729999999999
1.84900 0.6155999999999999
1.85000 0.6136486999999999
1.85100 0.6116974
1.85200 0.6097461
1.85300 0.6077948
1.85400 0.6058435
1.85500 0.6038922
1.85600 0.6019409
1.85700 0.5999896
1.85800 0.5980383
1.85900 0.596087
1.86000 0.5941451
1.86100 0.5922031999999999
1.86200 0.5902613
1.86300 0.5883193999999999
1.86400 0.5863775
1.86500 0.5844356
1.86600 0.5824937
1.86700 0.5805518000000001
1.86800 0.5786099
1.86900 0.576668
1.87000 0.5745291
1.87100 0.5723902
1.87200 0.5702513
1.87300 0.5681124
1.87400 0.5659734999999999
1.87500 0.5638346000000001
1.87600 0.5616957
1.87700 0.5595568
1.87800 0.5574179
1.87900 0.555279
1.88000 0.5526116
1.88100 0.5499442
1.88200 0.5472768
1.88300 0.5446094
1.88400 0.541942
1.88500 0.5392745999999999
1.88600 0.5366072
1.88700 0.5339398
1.88800 0.5312724
1.88900 0.528605
1.89000 0.5258508
1.89100 0.5230966
1.89200 0.5203424
1.89300 0.5175882
1.89400 0.514834
1.89500 0.5120798
1.89600 0.5093256
1.89700 0.5065714
1.89800 0.5038172000000001
1.89900 0.501063
1.90000 0.4982005
1.90100 0.495338
1.90200 0.4924755
1.90300 0.489613
1.90400 0.4867505
1.90500 0.483888
1.90600 0.4810255
1.90700 0.478163
1.90800 0.4753005
1.90900 0.472438
1.91000 0.46945810000000004
1.91100 0.46647819999999995
1.91200 0.46349830000000003
1.91300 0.46051839999999994
1.91400 0.45753849999999996
1.91500 0.45455860000000003
1.91600 0.45157869999999994
1.91700 0.44859879999999996
1.91800 0.44561889999999993
1.91900 0.44263899999999995
1.92000 0.43963279999999993
1.92100 0.4366266
1.92200 0.43362039999999996
1.92300 0.43061419999999995
1.92400 0.42760800000000004
1.92500 0.42460180000000003
1.92600 0.4215956
1.92700 0.4185894
1.92800 0.41558320000000004
1.92900 0.412577
1.93000 0.4093915
1.93100 0.40620599999999996
1.93200 0.40302050000000006
1.93300 0.39983500000000005
1.93400 0.3966495
1.93500 0.393464
1.93600 0.39027850000000003
1.93700 0.387093
1.93800 0.3839075
1.93900 0.380722
1.94000 0.3774569
1.94100 0.3741918
1.94200 0.3709267
1.94300 0.36766160000000003
1.94400 0.3643965
1.94500 0.3611314
1.94600 0.3578663
1.94700 0.3546012
1.94800 0.35133610000000004
1.94900 0.348071
1.95000 0.3446275
1.95100 0.34118400000000004
1.95200 0.3377405
1.95300 0.334297
1.95400 0.3308535
1.95500 0.32741
1.95600 0.3239665
1.95700 0.320523
1.95800 0.3170795
1.95900 0.31363599999999997
1.96000 0.30970259999999994
1.96100 0.30576919999999996
1.96200 0.3018358
1.96300 0.2979024
1.96400 0.293969
1.96500 0.2900356
1.96600 0.28610220000000003
1.96700 0.2821688
1.96800 0.27823539999999997
1.96900 0.274302
1.97000 0.270285
1.97100 0.266268
1.97200 0.262251
1.97300 0.25823399999999996
1.97400 0.254217
1.97500 0.25020000000000003
1.97600 0.24618299999999999
1.97700 0.24216600000000002
1.97800 0.238149
1.97900 0.234132
1.98000 0.2299412
1.98100 0.2257504
1.98200 0.22155960000000002
1.98300 0.21736879999999997
1.98400 0.213178
1.98500 0.20898719999999998
1.98600 0.2047964
1.98700 0.2006056
1.98800 0.1964148
1.98900 0.192224
1.99000 0.1878406
1.99100 0.1834572
1.99200 0.1790738
1.99300 0.1746904
1.99400 0.170307
1.99500 0.1659236
1.99600 0.1615402
1.99700 0.1571568
1.99800 0.1527734
1.99900 0.14839
2.00000 0.1439298
2.00100 0.1394696
2.00200 0.1350094
2.00300 0.13054919999999998
2.00400 0.12608899999999998
2.00500 0.12162880000000001
2.00600 0.1171686
2.00700 0.1127084
2.00800 0.10824819999999999
2.00900 0.10378799999999999
2.01000 0.09875603999999999
2.01100 0.09372408
2.01200 0.08869212
2.01300 0.08366016
2.01400 0.0786282
2.01500 0.07359624000000001
2.01600 0.06856428
2.01700 0.06353232
2.01800 0.05850036000000001
2.01900 0.053468400000000006
2.02000 0.04817669370000001
2.02100 0.042884987400000005
2.02200 0.0375932811
2.02300 0.032301574799999996
2.02400 0.0270098685
2.02500 0.021718162200000002
2.02600 0.016426455899999998
2.02700 0.011134749599999999
2.02800 0.0058430433000000006
2.02900 0.0005513369999999961
2.03000 -0.0047112767
2.03100 -0.0099738904
2.03200 -0.015236504100000001
2.03300 -0.0204991178
2.03400 -0.025761731499999996
2.03500 -0.031024345199999998
2.03600 -0.03628695889999999
2.03700 -0.041549572599999994
2.03800 -0.046812186299999996
2.03900 -0.0520748
2.04000 -0.057255520000000004
2.04100 -0.06243624
2.04200 -0.06761696
2.04300 -0.07279768
2.04400 -0.0779784
2.04500 -0.08315912
2.04600 -0.08833984000000002
2.04700 -0.09352056
2.04800 -0.09870128
2.04900 -0.103882
2.05000 -0.1090538
2.05100 -0.11422560000000001
2.05200 -0.11939740000000001
2.05300 -0.1245692
2.05400 -0.12974100000000002
2.05500 -0.1349128
2.05600 -0.1400846
2.05700 -0.1452564
2.05800 -0.1504282
2.05900 -0.15560000000000002
2.06000 -0.1612034
2.06100 -0.1668068
2.06200 -0.1724102
2.06300 -0.17801360000000002
2.06400 -0.183617
2.06500 -0.1892204
2.06600 -0.19482380000000002
2.06700 -0.20042720000000003
2.06800 -0.2060306
2.06900 -0.21163400000000002
2.07000 -0.2177254
2.07100 -0.22381679999999998
2.07200 -0.22990820000000003
2.07300 -0.23599960000000003
2.07400 -0.242091
2.07500 -0.2481824
2.07600 -0.2542738
2.07700 -0.2603652
2.07800 -0.26645660000000004
2.07900 -0.272548
2.08000 -0.2786204
2.08100 -0.2846928
2.08200 -0.2907652
2.08300 -0.29683760000000003
2.08400 -0.30291
2.08500 -0.3089824
2.08600 -0.3150548
2.08700 -0.3211272
2.08800 -0.32719960000000003
2.08900 -0.333272
2.09000 -0.3390492
2.09100 -0.3448264
2.09200 -0.3506036
2.09300 -0.3563808
2.09400 -0.362158
2.09500 -0.36793519999999996
2.09600 -0.3737124
2.09700 -0.3794896
2.09800 -0.3852668
2.09900 -0.391044
2.10000 -0.39668380000000003
2.10100 -0.4023236
2.10200 -0.40796340000000003
2.10300 -0.4136032
2.10400 -0.419243
2.10500 -0.42488280000000006
2.10600 -0.43052260000000003
2.10700 -0.4361624
2.10800 -0.44180220000000003
2.10900 -0.447442
2.11000 -0.4532938000000001
2.11100 -0.4591456
2.11200 -0.4649974
2.11300 -0.47084919999999997
2.11400 -0.476701
2.11500 -0.4825528
2.11600 -0.48840459999999997
2.11700 -0.4942564
2.11800 -0.5001081999999999
2.11900 -0.50596
2.12000 -0.5124219999999999
2.12100 -0.518884
2.12200 -0.525346
2.12300 -0.5318080000000001
2.12400 -0.53827
2.12500 -0.544732
2.12600 -0.551194
2.12700 -0.5576559999999999
2.12800 -0.564118
2.12900 -0.57058
2.13000 -0.5771461
2.13100 -0.5837122
2.13200 -0.5902782999999999
2.13300 -0.5968443999999999
2.13400 -0.6034105000000001
2.13500 -0.6099766
2.13600 -0.6165426999999999
2.13700 -0.6231088
2.13800 -0.6296749
2.13900 -0.636241
2.14000 -0.6425091
2.14100 -0.6487771999999999
2.14200 -0.6550453
2.14300 -0.6613133999999999
2.14400 -0.6675815
2.14500 -0.6738496
2.14600 -0.6801177
2.14700 -0.6863858
2.14800 -0.6926539
2.14900 -0.698922
2.15000 -0.7048458
2.15100 -0.7107696000000001
2.15200 -0.7166934
2.15300 -0.7226172
2.15400 -0.7285410000000001
2.15500 -0.7344648
2.15600 -0.7403886
2.15700 -0.7463124
2.15800 -0.7522362
2.15900 -0.75816
2.16000 -0.7641331
2.16100 -0.7701062000000001
2.16200 -0.7760792999999999
2.16300 -0.7820524
2.16400 -0.7880255
2.16500 -0.7939986
2.16600 -0.7999717000000001
2.16700 -0.8059448
2.16800 -0.8119179000000001
2.16900 -0.817891
2.17000 -0.8243963000000001
2.17100 -0.8309016
2.17200 -0.8374069000000001
2.17300 -0.8439121999999999
2.17400 -0.8504175
2.17500 -0.8569228000000001
2.17600 -0.8634280999999999
2.17700 -0.8699334000000001
2.17800 -0.8764386999999999
2.17900 -0.882944
2.18000 -0.8897025
2.18100 -0.8964610000000001
2.18200 -0.9032195
2.18300 -0.9099780000000001
2.18400 -0.9167365000000001
2.18500 -0.923495
2.18600 -0.9302535000000001
2.18700 -0.937012
2.18800 -0.9437705000000001
2.18900 -0.9505290000000001
2.19000 -0.9571170999999999
2.19100 -0.9637052
2.19200 -0.9702933
2.19300 -0.9768814000000001
2.19400 -0.9834695
2.19500 -0.9900575999999999
2.19600 -0.9966457
2.19700 -1.0032337999999998
2.19800 -1.0098219
2.19900 -1.01641
2.20000 -1.0224929999999999
2.20100 -1.028576
2.20200 -1.034659
2.20300 -1.040742
2.20400 -1.046825
2.20500 -1.052908
2.20600 -1.058991
2.20700 -1.0650739999999999
2.20800 -1.071157
2.20900 -1.07724
2.21000 -1.083238
2.21100 -1.089236
2.21200 -1.095234
2.21300 -1.101232
2.21400 -1.10723
2.21500 -1.1132279999999999
2.21600 -1.1192259999999998
2.21700 -1.1252239999999998
2.21800 -1.131222
2.21900 -1.13722
2.22000 -1.1437899999999999
2.22100 -1.1503599999999998
2.22200 -1.15693
2.22300 -1.1635
2.22400 -1.17007
2.22500 -1.17664
2.22600 -1.1832099999999999
2.22700 -1.18978
2.22800 -1.19635
2.22900 -1.20292
2.23000 -1.210164
2.23100 -1.217408
2.23200 -1.224652
2.23300 -1.231896
2.23400 -1.2391400000000001
2.23500 -1.246384
2.23600 -1.253628
2.23700 -1.260872
2.23800 -1.268116
2.23900 -1.27536
2.24000 -1.282613
2.24100 -1.289866
2.24200 -1.297119
2.24300 -1.304372
2.24400 -1.311625
2.24500 -1.318878
2.24600 -1.326131
2.24700 -1.3333840000000001
2.24800 -1.3406369999999999
2.24900 -1.34789
2.25000 -1.354981
2.25100 -1.362072
2.25200 -1.369163
2.25300 -1.3762539999999999
2.25400 -1.3833449999999998
2.25500 -1.390436
2.25600 -1.397527
2.25700 -1.404618
2.25800 -1.411709
2.25900 -1.4188
2.26000 -1.4258130000000002
2.26100 -1.432826
2.26200 -1.439839
2.26300 -1.446852
2.26400 -1.453865
2.26500 -1.4608780000000001
2.26600 -1.467891
2.26700 -1.474904
2.26800 -1.481917
2.26900 -1.48893
2.27000 -1.495953
2.27100 -1.5029759999999999
2.27200 -1.509999
2.27300 -1.517022
2.27400 -1.5240449999999999
2.27500 -1.5310679999999999
2.27600 -1.538091
2.27700 -1.545114
2.27800 -1.5521369999999999
2.27900 -1.5591599999999999
2.28000 -1.566216
2.28100 -1.573272
2.28200 -1.580328
2.28300 -1.587384
2.28400 -1.59444
2.28500 -1.6014959999999998
2.28600 -1.608552
2.28700 -1.615608
2.28800 -1.6226639999999999
2.28900 -1.62972
2.29000 -1.636783
2.29100 -1.643846
2.29200 -1.650909
2.29300 -1.6579719999999998
2.29400 -1.665035
2.29500 -1.672098
2.29600 -1.679161
2.29700 -1.686224
2.29800 -1.6932869999999998
2.29900 -1.7003499999999998
2.30000 -1.7076319999999998
2.30100 -1.7149139999999998
2.30200 -1.7221959999999998
2.30300 -1.7294779999999998
2.30400 -1.7367599999999999
2.30500 -1.7440419999999999
2.30600 -1.7513239999999999
2.30700 -1.758606
2.30800 -1.765888
2.30900 -1.77317
2.31000 -1.780715
2.31100 -1.78826
2.31200 -1.795805
2.31300 -1.80335
2.31400 -1.810895
2.31500 -1.81844
2.31600 -1.825985
2.31700 -1.83353
2.31800 -1.841075
2.31900 -1.84862
2.32000 -1.856109
2.32100 -1.863598
2.32200 -1.871087
2.32300 -1.878576
2.32400 -1.8860649999999999
2.32500 -1.893554
2.32600 -1.901043
2.32700 -1.908532
2.32800 -1.916021
2.32900 -1.9235099999999998
2.33000 -1.9303979999999998
2.33100 -1.9372859999999998
2.33200 -1.9441739999999998
2.33300 -1.9510619999999999
2.33400 -1.9579499999999999
2.33500 -1.9648379999999999
2.33600 -1.9717259999999999
2.33700 -1.9786139999999999
2.33800 -1.9855019999999999
2.33900 -1.9923899999999999
2.34000 -1.998978
2.34100 -2.005566
2.34200 -2.0121539999999998
2.34300 -2.018742
2.34400 -2.02533
2.34500 -2.031918
2.34600 -2.038506
2.34700 -2.0450939999999997
2.34800 -2.051682
2.34900 -2.05827
2.35000 -2.0650120000000003
2.35100 -2.071754
2.35200 -2.078496
2.35300 -2.085238
2.35400 -2.0919800000000004
2.35500 -2.098722
2.35600 -2.105464
2.35700 -2.112206
2.35800 -2.1189480000000005
2.35900 -2.12569
2.36000 -2.132911
2.36100 -2.1401320000000004
2.36200 -2.147353
2.36300 -2.154574
2.36400 -2.161795
2.36500 -2.169016
2.36600 -2.176237
2.36700 -2.183458
2.36800 -2.1906790000000003
2.36900 -2.1978999999999997
2.37000 -2.205208
2.37100 -2.212516
2.37200 -2.219824
2.37300 -2.227132
2.37400 -2.23444
2.37500 -2.2417480000000003
2.37600 -2.2490560000000004
2.37700 -2.256364
2.37800 -2.263672
2.37900 -2.27098
2.38000 -2.277786
2.38100 -2.284592
2.38200 -2.291398
2.38300 -2.298204
2.38400 -2.3050100000000002
2.38500 -2.311816
2.38600 -2.318622
2.38700 -2.325428
2.38800 -2.332234
2.38900 -2.33904
2.39000 -2.345224
2.39100 -2.351408
2.39200 -2.357592
2.39300 -2.363776
2.39400 -2.36996
2.39500 -2.376144
2.39600 -2.3823280000000002
2.39700 -2.388512
2.39800 -2.394696
2.39900 -2.40088
2.40000 -2.407063
2.40100 -2.413246
2.40200 -2.419429
2.40300 -2.425612
2.40400 -2.431795
2.40500 -2.437978
2.40600 -2.4441610000000003
2.40700 -2.450344
2.40800 -2.456527
2.40900 -2.46271
2.41000 -2.4691289999999997
2.41100 -2.475548
2.41200 -2.481967
2.41300 -2.4883859999999998
2.41400 -2.494805
2.41500 -2.5012239999999997
2.41600 -2.507643
2.41700 -2.514062
2.41800 -2.5204809999999997
2.41900 -2.5269
2.42000 -2.533441
2.42100 -2.5399819999999997
2.42200 -2.5465229999999996
2.42300 -2.553064
2.42400 -2.559605
2.42500 -2.5661460000000003
2.42600 -2.572687
2.42700 -2.579228
2.42800 -2.585769
2.42900 -2.5923100000000003
2.43000 -2.59858
2.43100 -2.60485
2.43200 -2.61112
2.43300 -2.61739
2.43400 -2.62366
2.43500 -2.6299300000000003
2.43600 -2.6362
2.43700 -2.6424700000000003
2.43800 -2.64874
2.43900 -2.65501
2.44000 -2.660422
2.44100 -2.665834
2.44200 -2.671246
2.44300 -2.676658
2.44400 -2.6820700000000004
2.44500 -2.687482
2.44600 -2.692894
2.44700 -2.698306
2.44800 -2.703718
2.44900 -2.70913
2.45000 -2.714376
2.45100 -2.719622
2.45200 -2.724868
2.45300 -2.730114
2.45400 -2.73536
2.45500 -2.740606
2.45600 -2.745852
2.45700 -2.751098
2.45800 -2.756344
2.45900 -2.76159
2.46000 -2.766964
2.46100 -2.772338
2.46200 -2.777712
2.46300 -2.783086
2.46400 -2.7884599999999997
2.46500 -2.793834
2.46600 -2.799208
2.46700 -2.8045820000000004
2.46800 -2.809956
2.46900 -2.8153300000000003
2.47000 -2.8208670000000002
2.47100 -2.826404
2.47200 -2.831941
2.47300 -2.837478
2.47400 -2.8430150000000003
2.47500 -2.848552
2.47600 -2.854089
2.47700 -2.859626
2.47800 -2.865163
2.47900 -2.8707000000000003
2.48000 -2.8761850000000004
2.48100 -2.88167
2.48200 -2.887155
2.48300 -2.89264
2.48400 -2.8981250000000003
2.48500 -2.90361
2.48600 -2.9090949999999998
2.48700 -2.91458
2.48800 -2.920065
2.48900 -2.9255500000000003
2.49000 -2.9304490000000003
2.49100 -2.9353480000000003
2.49200 -2.9402470000000003
2.49300 -2.9451460000000003
2.49400 -2.9500450000000003
2.49500 -2.9549440000000002
2.49600 -2.9598430000000002
2.49700 -2.964742
2.49800 -2.969641
2.49900 -2.97454
2.50000 -2.979133
2.50100 -2.983726
2.50200 -2.9883189999999997
2.50300 -2.992912
2.50400 -2.997505
2.50500 -3.0020979999999997
2.50600 -3.006691
2.50700 -3.011284
2.50800 -3.015877
2.50900 -3.02047
2.51000 -3.02513
2.51100 -3.0297899999999998
2.51200 -3.03445
2.51300 -3.03911
2.51400 -3.04377
2.51500 -3.04843
2.51600 -3.05309
2.51700 -3.05775
2.51800 -3.06241
2.51900 -3.06707
2.52000 -3.071948
2.52100 -3.076826
2.52200 -3.0817039999999998
2.52300 -3.086582
2.52400 -3.09146
2.52500 -3.0963380000000003
2.52600 -3.101216
2.52700 -3.1060939999999997
2.52800 -3.110972
2.52900 -3.11585
2.53000 -3.120771
2.53100 -3.125692
2.53200 -3.130613
2.53300 -3.1355340000000003
2.53400 -3.140455
2.53500 -3.1453759999999997
2.53600 -3.150297
2.53700 -3.155218
2.53800 -3.160139
2.53900 -3.16506
2.54000 -3.1696809999999997
2.54100 -3.174302
2.54200 -3.178923
2.54300 -3.183544
2.54400 -3.188165
2.54500 -3.192786
2.54600 -3.1974069999999997
2.54700 -3.202028
2.54800 -3.2066489999999996
2.54900 -3.21127
2.55000 -3.2155049999999994
2.55100 -3.2197399999999994
2.55200 -3.2239750000000003
2.55300 -3.22821
2.55400 -3.232445
2.55500 -3.23668
2.55600 -3.2409149999999998
2.55700 -3.24515
2.55800 -3.249385
2.55900 -3.25362
2.56000 -3.2578450000000005
2.56100 -3.26207
2.56200 -3.2662950000000004
2.56300 -3.27052
2.56400 -3.2747450000000002
2.56500 -3.27897
2.56600 -3.283195
2.56700 -3.28742
2.56800 -3.291645
2.56900 -3.29587
2.57000 -3.300186
2.57100 -3.3045020000000003
2.57200 -3.308818
2.57300 -3.3131340000000002
2.57400 -3.31745
2.57500 -3.321766
2.57600 -3.3260820000000004
2.57700 -3.330398
2.57800 -3.3347140000000004
2.57900 -3.33903
2.58000 -3.3433960000000007
2.58100 -3.3477620000000003
2.58200 -3.3521280000000004
2.58300 -3.356494
2.58400 -3.36086
2.58500 -3.3652260000000007
2.58600 -3.369592
2.58700 -3.3739580000000005
2.58800 -3.378324
2.58900 -3.38269
2.59000 -3.3869320000000003
2.59100 -3.3911740000000004
2.59200 -3.395416
2.59300 -3.399658
2.59400 -3.4039
2.59500 -3.4081420000000002
2.59600 -3.4123840000000003
2.59700 -3.416626
2.59800 -3.420868
2.59900 -3.42511
2.60000 -3.4289410000000005
2.60100 -3.432772
2.60200 -3.4366030000000003
2.60300 -3.4404339999999998
2.60400 -3.444265
2.60500 -3.4480960000000005
2.60600 -3.451927
2.60700 -3.4557580000000003
2.60800 -3.459589
2.60900 -3.46342
2.61000 -3.4671619999999996
2.61100 -3.470904
2.61200 -3.474646
2.61300 -3.4783880000000003
2.61400 -3.48213
2.61500 -3.4858719999999996
2.61600 -3.4896140000000004
2.61700 -3.493356
2.61800 -3.4970980000000003
2.61900 -3.50084
2.62000 -3.503221
2.62100 -3.5056020000000006
2.62200 -3.5079830000000003
2.62300 -3.510364
2.62400 -3.512745
2.62500 -3.515126
2.62600 -3.5175069999999997
2.62700 -3.5198879999999995
2.62800 -3.522269
2.62900 -3.52465
2.63000 -3.5252369999999997
2.63100 -3.525824
2.63200 -3.5264109999999995
2.63300 -3.526998
2.63400 -3.5275849999999997
2.63500 -3.528172
2.63600 -3.528759
2.63700 -3.5293459999999994
2.63800 -3.5299329999999998
2.63900 -3.53052
2.64000 -3.531015
2.64100 -3.53151
2.64200 -3.5320050000000003
2.64300 -3.5325
2.64400 -3.5329949999999997
2.64500 -3.5334899999999996
2.64600 -3.533985
2.64700 -3.53448
2.64800 -3.534975
2.64900 -3.53547
