0.00000 -0.00072102944079802
0.00100 -0.00144205888159604
0.00200 -0.00216308832239406
0.00300 -0.00288411776319208
0.00400 -0.0036051472039901
0.00500 -0.00432617664478812
0.00600 -0.00504720608558614
0.00700 -0.00576823552638416
0.00800 -0.0064892649671821805
0.00900 -0.0072102944079802
0.01000 -0.00701700896718218
0.01100 -0.00682372352638416
0.01200 -0.00663043808558614
0.01300 -0.00643715264478812
0.01400 -0.0062438672039901
0.01500 -0.00605058176319208
0.01600 -0.00585729632239406
0.01700 -0.00566401088159604
0.01800 -0.0054707254407980205
0.01900 -0.0052774399999999996
0.02000 -0.005084155
0.02100 -0.00489087
0.02200 -0.004697585
0.02300 -0.0045043
0.02400 -0.004311015
0.02500 -0.00411773
0.02600 -0.003924445
0.02700 -0.00373116
0.02800 -0.0035378750000000002
0.02900 -0.00334459
0.03000 -0.002677505
0.03100 -0.0020104199999999997
0.03200 -0.0013433349999999998
0.03300 -0.0006762499999999998
0.03400 -9.164999999999867e-06
0.03500 0.0006579200000000007
0.03600 0.0013250050000000006
0.03700 0.0019920900000000006
0.03800 0.0026591750000000006
0.03900 0.00332626
0.04000 0.004735764000000001
0.04100 0.006145268000000001
0.04200 0.0075547719999999995
0.04300 0.008964276
0.04400 0.01037378
0.04500 0.011783284
0.04600 0.013192788
0.04700 0.014602292
0.04800 0.016011796000000002
0.04900 0.0174213
0.05000 0.01889269
0.05100 0.02036408
0.05200 0.021835470000000003
0.05300 0.023306860000000002
0.05400 0.02477825
0.05500 0.02624964
0.05600 0.02772103
0.05700 0.029192420000000004
0.05800 0.030663810000000003
0.05900 0.0321352
0.06000 0.03371977
0.06100 0.035304340000000003
0.06200 0.036888910000000004
0.06300 0.038473480000000004
0.06400 0.04005805
0.06500 0.041642620000000005
0.06600 0.043227190000000006
0.06700 0.04481176
0.06800 0.04639633
0.06900 0.0479809
0.07000 0.04963947
0.07100 0.05129804
0.07200 0.05295661
0.07300 0.05461518
0.07400 0.05627375
0.07500 0.057932319999999995
0.07600 0.059590889999999994
0.07700 0.06124946
0.07800 0.06290803
0.07900 0.0645666
0.08000 0.06619455999999999
0.08100 0.06782252
0.08200 0.06945048000000001
0.08300 0.07107843999999999
0.08400 0.07270639999999999
0.08500 0.07433436
0.08600 0.07596232
0.08700 0.07759028
0.08800 0.07921824
0.08900 0.08084620000000001
0.09000 0.08234882
0.09100 0.08385144
0.09200 0.08535406
0.09300 0.08685667999999999
0.09400 0.0883593
0.09500 0.08986192
0.09600 0.09136454000000001
0.09700 0.09286716
0.09800 0.09436978
0.09900 0.0958724
0.10000 0.09734286
0.10100 0.09881332000000001
0.10200 0.10028378
0.10300 0.10175424
0.10400 0.10322469999999999
0.10500 0.10469515999999998
0.10600 0.10616562
0.10700 0.10763608
0.10800 0.10910654
0.10900 0.110577
0.11000 0.1121084
0.11100 0.1136398
0.11200 0.11517119999999999
0.11300 0.11670259999999999
0.11400 0.11823399999999999
0.11500 0.1197654
0.11600 0.12129680000000001
0.11700 0.12282819999999998
0.11800 0.12435959999999999
0.11900 0.125891
0.12000 0.1275201
0.12100 0.12914920000000002
0.12200 0.1307783
0.12300 0.1324074
0.12400 0.1340365
0.12500 0.1356656
0.12600 0.13729470000000002
0.12700 0.1389238
0.12800 0.1405529
0.12900 0.142182
0.13000 0.1438095
0.13100 0.145437
0.13200 0.1470645
0.13300 0.148692
0.13400 0.1503195
0.13500 0.151947
0.13600 0.1535745
0.13700 0.155202
0.13800 0.1568295
0.13900 0.15845700000000001
0.14000 0.15994809999999998
0.14100 0.1614392
0.14200 0.16293030000000003
0.14300 0.1644214
0.14400 0.1659125
0.14500 0.1674036
0.14600 0.1688947
0.14700 0.1703858
0.14800 0.1718769
0.14900 0.17336800000000002
0.15000 0.1747678
0.15100 0.1761676
0.15200 0.17756740000000001
0.15300 0.17896720000000002
0.15400 0.180367
0.15500 0.1817668
0.15600 0.1831666
0.15700 0.18456640000000002
0.15800 0.18596620000000003
0.15900 0.187366
0.16000 0.1887845
0.16100 0.190203
0.16200 0.1916215
0.16300 0.19304000000000002
0.16400 0.1944585
0.16500 0.195877
0.16600 0.1972955
0.16700 0.198714
0.16800 0.2001325
0.16900 0.20155099999999998
0.17000 0.2030482
0.17100 0.2045454
0.17200 0.20604260000000002
0.17300 0.2075398
0.17400 0.209037
0.17500 0.21053420000000003
0.17600 0.2120314
0.17700 0.2135286
0.17800 0.2150258
0.17900 0.21652300000000002
0.18000 0.2180409
0.18100 0.21955880000000003
0.18200 0.22107670000000001
0.18300 0.2225946
0.18400 0.22411250000000002
0.18500 0.2256304
0.18600 0.2271483
0.18700 0.2286662
0.18800 0.2301841
0.18900 0.231702
0.19000 0.2331318
0.19100 0.23456159999999998
0.19200 0.2359914
0.19300 0.2374212
0.19400 0.238851
0.19500 0.2402808
0.19600 0.2417106
0.19700 0.2431404
0.19800 0.2445702
0.19900 0.246
0.20000 0.24728499999999998
0.20100 0.24857
0.20200 0.249855
0.20300 0.25114000000000003
0.20400 0.252425
0.20500 0.25371
0.20600 0.25499499999999997
0.20700 0.25627999999999995
0.20800 0.257565
0.20900 0.25884999999999997
0.21000 0.26012219999999997
0.21100 0.2613944
0.21200 0.2626666
0.21300 0.2639388
0.21400 0.265211
0.21500 0.26648320000000003
0.21600 0.26775540000000003
0.21700 0.2690276
0.21800 0.2702998
0.21900 0.27157200000000004
0.22000 0.27282330000000005
0.22100 0.2740746
0.22200 0.2753259
0.22300 0.2765772
0.22400 0.27782850000000003
0.22500 0.2790798
0.22600 0.2803311
0.22700 0.2815824
0.22800 0.2828337
0.22900 0.28408500000000003
0.23000 0.285322
0.23100 0.286559
0.23200 0.287796
0.23300 0.289033
0.23400 0.29027000000000003
0.23500 0.291507
0.23600 0.292744
0.23700 0.293981
0.23800 0.29521800000000004
0.23900 0.296455
0.24000 0.29764979999999996
0.24100 0.2988446
0.24200 0.3000394
0.24300 0.3012342
0.24400 0.30242899999999995
0.24500 0.3036238
0.24600 0.3048186
0.24700 0.3060134
0.24800 0.3072082
0.24900 0.308403
0.25000 0.3094156
0.25100 0.3104282
0.25200 0.3114408
0.25300 0.3124534
0.25400 0.313466
0.25500 0.3144786
0.25600 0.31549119999999997
0.25700 0.3165038
0.25800 0.31751640000000003
0.25900 0.318529
0.26000 0.3194925
0.26100 0.320456
0.26200 0.3214195
0.26300 0.322383
0.26400 0.3233465
0.26500 0.32431
0.26600 0.3252735
0.26700 0.326237
0.26800 0.3272005
0.26900 0.328164
0.27000 0.3290794
0.27100 0.32999480000000003
0.27200 0.3309102
0.27300 0.3318256
0.27400 0.332741
0.27500 0.3336564
0.27600 0.33457180000000003
0.27700 0.3354872
0.27800 0.3364026
0.27900 0.337318
0.28000 0.33815270000000003
0.28100 0.3389874
0.28200 0.3398221
0.28300 0.3406568
0.28400 0.34149149999999995
0.28500 0.34232619999999997
0.28600 0.3431609
0.28700 0.3439956
0.28800 0.3448303
0.28900 0.345665
0.29000 0.34648629999999997
0.29100 0.3473076
0.29200 0.34812889999999996
0.29300 0.3489502
0.29400 0.3497715
0.29500 0.3505928
0.29600 0.3514141
0.29700 0.3522354
0.29800 0.3530567
0.29900 0.353878
0.30000 0.3545881
0.30100 0.3552982
0.30200 0.3560083
0.30300 0.3567184
0.30400 0.3574285
0.30500 0.3581386
0.30600 0.35884869999999996
0.30700 0.35955879999999996
0.30800 0.3602689
0.30900 0.360979
0.31000 0.361611
0.31100 0.362243
0.31200 0.36287499999999995
0.31300 0.36350699999999997
0.31400 0.364139
0.31500 0.364771
0.31600 0.36540300000000003
0.31700 0.366035
0.31800 0.36666699999999997
0.31900 0.367299
0.32000 0.3679081
0.32100 0.3685172
0.32200 0.3691263
0.32300 0.36973540000000005
0.32400 0.3703445
0.32500 0.3709536
0.32600 0.3715627
0.32700 0.3721718
0.32800 0.3727809
0.32900 0.37339
0.33000 0.37389780000000006
0.33100 0.3744056
0.33200 0.3749134
0.33300 0.3754212
0.33400 0.375929
0.33500 0.3764368
0.33600 0.37694459999999996
0.33700 0.3774524
0.33800 0.37796019999999997
0.33900 0.37846799999999997
0.34000 0.3789478
0.34100 0.3794276
0.34200 0.3799074
0.34300 0.38038720000000004
0.34400 0.380867
0.34500 0.3813468
0.34600 0.3818266
0.34700 0.3823064
0.34800 0.3827862
0.34900 0.383266
0.35000 0.38371410000000006
0.35100 0.3841622
0.35200 0.3846103
0.35300 0.3850584
0.35400 0.38550650000000003
0.35500 0.38595460000000004
0.35600 0.3864027
0.35700 0.38685080000000005
0.35800 0.3872989
0.35900 0.387747
0.36000 0.3881403
0.36100 0.38853360000000003
0.36200 0.3889269
0.36300 0.3893202
0.36400 0.3897135
0.36500 0.3901068
0.36600 0.3905001
0.36700 0.3908934
0.36800 0.3912867
0.36900 0.39168
0.37000 0.3920636
0.37100 0.3924472
0.37200 0.3928308
0.37300 0.39321439999999996
0.37400 0.393598
0.37500 0.3939816
0.37600 0.39436519999999997
0.37700 0.3947488
0.37800 0.39513239999999994
0.37900 0.395516
0.38000 0.39581229999999995
0.38100 0.3961086
0.38200 0.39640489999999995
0.38300 0.3967012
0.38400 0.3969975
0.38500 0.3972938
0.38600 0.3975901
0.38700 0.3978864
0.38800 0.3981827
0.38900 0.39847899999999997
0.39000 0.39871249999999997
0.39100 0.39894599999999997
0.39200 0.39917949999999996
0.39300 0.39941299999999996
0.39400 0.39964649999999996
0.39500 0.39988
0.39600 0.40011349999999996
0.39700 0.400347
0.39800 0.40058049999999995
0.39900 0.400814
0.40000 0.40104550000000005
0.40100 0.401277
0.40200 0.4015085
0.40300 0.40174000000000004
0.40400 0.4019715
0.40500 0.402203
0.40600 0.40243450000000003
0.40700 0.4026660000000001
0.40800 0.4028975
0.40900 0.403129
0.41000 0.4033514
0.41100 0.40357380000000004
0.41200 0.40379620000000005
0.41300 0.4040186
0.41400 0.404241
0.41500 0.40446340000000003
0.41600 0.40468580000000004
0.41700 0.40490820000000005
0.41800 0.4051306
0.41900 0.405353
0.42000 0.4055727
0.42100 0.4057924
0.42200 0.40601210000000004
0.42300 0.40623180000000003
0.42400 0.4064515
0.42500 0.4066712
0.42600 0.40689089999999994
0.42700 0.40711060000000004
0.42800 0.40733030000000003
0.42900 0.40754999999999997
0.43000 0.40774239999999995
0.43100 0.40793479999999993
0.43200 0.4081272
0.43300 0.4083196
0.43400 0.408512
0.43500 0.40870439999999997
0.43600 0.40889679999999995
0.43700 0.40908920000000004
0.43800 0.4092816
0.43900 0.409474
0.44000 0.40961790000000003
0.44100 0.40976179999999995
0.44200 0.40990570000000004
0.44300 0.41004959999999996
0.44400 0.4101935
0.44500 0.4103374000000001
0.44600 0.4104813
0.44700 0.4106252
0.44800 0.4107691
0.44900 0.41091300000000003
0.45000 0.411055
0.45100 0.41119700000000003
0.45200 0.41133900000000007
0.45300 0.41148100000000004
0.45400 0.41162299999999996
0.45500 0.41176500000000005
0.45600 0.4119070000000001
0.45700 0.412049
0.45800 0.412191
0.45900 0.412333
0.46000 0.4125179
0.46100 0.41270280000000004
0.46200 0.4128877
0.46300 0.4130726
0.46400 0.4132575
0.46500 0.4134424
0.46600 0.41362730000000003
0.46700 0.4138122
0.46800 0.4139971
0.46900 0.414182
0.47000 0.4143981
0.47100 0.41461420000000004
0.47200 0.41483030000000004
0.47300 0.41504640000000004
0.47400 0.41526250000000003
0.47500 0.4154786
0.47600 0.4156947
0.47700 0.41591079999999997
0.47800 0.41612689999999997
0.47900 0.416343
0.48000 0.4165743
0.48100 0.4168056
0.48200 0.4170369
0.48300 0.4172682
0.48400 0.4174995
0.48500 0.4177308
0.48600 0.4179621
0.48700 0.4181934
0.48800 0.4184247
0.48900 0.41865600000000003
0.49000 0.4189567
0.49100 0.41925740000000006
0.49200 0.4195581
0.49300 0.4198588
0.49400 0.4201595
0.49500 0.42046020000000006
0.49600 0.42076090000000005
0.49700 0.4210616
0.49800 0.4213623
0.49900 0.421663
0.50000 0.421984
0.50100 0.42230500000000004
0.50200 0.422626
0.50300 0.422947
0.50400 0.42326800000000003
0.50500 0.42358900000000005
0.50600 0.42391000000000006
0.50700 0.42423099999999997
0.50800 0.424552
0.50900 0.424873
0.51000 0.4252359
0.51100 0.42559880000000005
0.51200 0.42596170000000005
0.51300 0.42632460000000005
0.51400 0.42668750000000005
0.51500 0.4270504
0.51600 0.4274133
0.51700 0.4277762
0.51800 0.4281391
0.51900 0.42850200000000005
0.52000 0.4289408
0.52100 0.42937960000000003
0.52200 0.4298184
0.52300 0.43025720000000006
0.52400 0.430696
0.52500 0.4311348
0.52600 0.4315736
0.52700 0.43201239999999996
0.52800 0.43245120000000004
0.52900 0.43289
0.53000 0.4333374
0.53100 0.4337848
0.53200 0.4342322
0.53300 0.43467960000000005
0.53400 0.43512699999999993
0.53500 0.4355744
0.53600 0.43602179999999996
0.53700 0.4364692
0.53800 0.4369166
0.53900 0.437364
0.54000 0.437843
0.54100 0.438322
0.54200 0.43880100000000005
0.54300 0.43928
0.54400 0.439759
0.54500 0.440238
0.54600 0.44071699999999997
0.54700 0.44119600000000003
0.54800 0.44167500000000004
0.54900 0.44215400000000005
0.55000 0.4426568000000001
0.55100 0.4431596
0.55200 0.4436624
0.55300 0.44416520000000004
0.55400 0.44466800000000006
0.55500 0.4451708
0.55600 0.4456736
0.55700 0.44617640000000003
0.55800 0.4466792
0.55900 0.447182
0.56000 0.4477025
0.56100 0.44822300000000004
0.56200 0.44874349999999996
0.56300 0.449264
0.56400 0.4497845
0.56500 0.450305
0.56600 0.4508255
0.56700 0.4513459999999999
0.56800 0.45186649999999995
0.56900 0.452387
0.57000 0.4529915
0.57100 0.45359599999999994
0.57200 0.45420049999999995
0.57300 0.454805
0.57400 0.4554095
0.57500 0.456014
0.57600 0.4566185
0.57700 0.45722300000000005
0.57800 0.45782749999999994
0.57900 0.458432
0.58000 0.45906149999999996
0.58100 0.459691
0.58200 0.4603205
0.58300 0.46094999999999997
0.58400 0.46157950000000003
0.58500 0.462209
0.58600 0.4628385
0.58700 0.46346799999999994
0.58800 0.4640975
0.58900 0.464727
0.59000 0.4653486
0.59100 0.4659702
0.59200 0.46659179999999995
0.59300 0.4672134
0.59400 0.467835
0.59500 0.4684566
0.59600 0.46907820000000006
0.59700 0.4696998
0.59800 0.4703214
0.59900 0.470943
0.60000 0.4715502
0.60100 0.47215740000000006
0.60200 0.4727646
0.60300 0.47337180000000006
0.60400 0.47397900000000004
0.60500 0.47458619999999996
0.60600 0.47519340000000004
0.60700 0.4758006
0.60800 0.47640780000000005
0.60900 0.477015
0.61000 0.47762380000000004
0.61100 0.4782326
0.61200 0.47884140000000003
0.61300 0.47945020000000005
0.61400 0.48005899999999996
0.61500 0.4806678
0.61600 0.4812766
0.61700 0.4818854
0.61800 0.4824942
0.61900 0.483103
0.62000 0.48377290000000006
0.62100 0.48444279999999995
0.62200 0.4851127
0.62300 0.4857826
0.62400 0.48645250000000007
0.62500 0.48712239999999996
0.62600 0.4877923
0.62700 0.4884622
0.62800 0.48913209999999996
0.62900 0.48980199999999996
0.63000 0.49051900000000004
0.63100 0.49123599999999995
0.63200 0.491953
0.63300 0.49266999999999994
0.63400 0.49338699999999996
0.63500 0.494104
0.63600 0.49482099999999996
0.63700 0.495538
0.63800 0.49625499999999995
0.63900 0.49697199999999997
0.64000 0.49767989999999995
0.64100 0.4983878
0.64200 0.4990957
0.64300 0.4998036
0.64400 0.5005115
0.64500 0.5012194
0.64600 0.5019273
0.64700 0.5026352000000001
0.64800 0.5033431
0.64900 0.504051
0.65000 0.5047140999999999
0.65100 0.5053772000000001
0.65200 0.5060403
0.65300 0.5067034
0.65400 0.5073665
0.65500 0.5080296
0.65600 0.5086927
0.65700 0.5093558
0.65800 0.5100189
0.65900 0.510682
0.66000 0.5113315
0.66100 0.511981
0.66200 0.5126305
0.66300 0.5132800000000001
0.66400 0.5139295
0.66500 0.514579
0.66600 0.5152285
0.66700 0.5158780000000001
0.66800 0.5165275
0.66900 0.517177
0.67000 0.517888
0.67100 0.518599
0.67200 0.51931
0.67300 0.5200210000000001
0.67400 0.520732
0.67500 0.521443
0.67600 0.522154
0.67700 0.522865
0.67800 0.523576
0.67900 0.524287
0.68000 0.5251144
0.68100 0.5259418
0.68200 0.5267692
0.68300 0.5275966000000001
0.68400 0.528424
0.68500 0.5292513999999999
0.68600 0.5300788
0.68700 0.5309062
0.68800 0.5317336
0.68900 0.5325610000000001
0.69000 0.5333981999999999
0.69100 0.5342354
0.69200 0.5350726
0.69300 0.5359098
0.69400 0.536747
0.69500 0.5375842
0.69600 0.5384214
0.69700 0.5392585999999999
0.69800 0.5400958
0.69900 0.540933
0.70000 0.5417335999999999
0.70100 0.5425342
0.70200 0.5433348
0.70300 0.5441353999999999
0.70400 0.5449360000000001
0.70500 0.5457366
0.70600 0.5465372000000001
0.70700 0.5473378
0.70800 0.5481384
0.70900 0.5489390000000001
0.71000 0.5497107999999999
0.71100 0.5504826
0.71200 0.5512544
0.71300 0.5520262
0.71400 0.5527979999999999
0.71500 0.5535698
0.71600 0.5543416
0.71700 0.5551134
0.71800 0.5558852
0.71900 0.556657
0.72000 0.5575093
0.72100 0.5583615999999999
0.72200 0.5592138999999999
0.72300 0.5600662
0.72400 0.5609185
0.72500 0.5617707999999999
0.72600 0.5626230999999999
0.72700 0.5634754
0.72800 0.5643277
0.72900 0.56518
0.73000 0.5664391
0.73100 0.5676981999999999
0.73200 0.5689572999999999
0.73300 0.5702164
0.73400 0.5714755
0.73500 0.5727346
0.73600 0.5739936999999999
0.73700 0.5752528
0.73800 0.5765119000000001
0.73900 0.577771
0.74000 0.5791572
0.74100 0.5805434
0.74200 0.5819295999999999
0.74300 0.5833158
0.74400 0.584702
0.74500 0.5860882000000001
0.74600 0.5874744
0.74700 0.5888606000000001
0.74800 0.5902468000000001
0.74900 0.5916330000000001
0.75000 0.5930529
0.75100 0.5944728
0.75200 0.5958927
0.75300 0.5973126000000001
0.75400 0.5987325
0.75500 0.6001524
0.75600 0.6015723000000001
0.75700 0.6029922
0.75800 0.6044121
0.75900 0.605832
0.76000 0.6073174
0.76100 0.6088028000000001
0.76200 0.6102882000000001
0.76300 0.6117736
0.76400 0.613259
0.76500 0.6147444
0.76600 0.6162297999999999
0.76700 0.6177151999999999
0.76800 0.6192006
0.76900 0.620686
0.77000 0.6221848
0.77100 0.6236836
0.77200 0.6251824
0.77300 0.6266811999999999
0.77400 0.6281800000000001
0.77500 0.6296788
0.77600 0.6311776
0.77700 0.6326764
0.77800 0.6341752
0.77900 0.6356740000000001
0.78000 0.6373252
0.78100 0.6389764
0.78200 0.6406276
0.78300 0.6422788
0.78400 0.64393
0.78500 0.6455812
0.78600 0.6472324
0.78700 0.6488836
0.78800 0.6505348000000001
0.78900 0.652186
0.79000 0.6539594
0.79100 0.6557328
0.79200 0.6575062
0.79300 0.6592796
0.79400 0.6610530000000001
0.79500 0.6628264
0.79600 0.6645998000000001
0.79700 0.6663732
0.79800 0.6681466
0.79900 0.6699200000000001
0.80000 0.6717313
0.80100 0.6735426
0.80200 0.6753539
0.80300 0.6771652
0.80400 0.6789765
0.80500 0.6807877999999999
0.80600 0.6825991
0.80700 0.6844104
0.80800 0.6862217
0.80900 0.688033
0.81000 0.6900373
0.81100 0.6920415999999999
0.81200 0.6940459
0.81300 0.6960502
0.81400 0.6980544999999999
0.81500 0.7000588
0.81600 0.7020630999999999
0.81700 0.7040674
0.81800 0.7060717
0.81900 0.7080759999999999
0.82000 0.7101419
0.82100 0.7122078000000001
0.82200 0.7142736999999999
0.82300 0.7163396
0.82400 0.7184055
0.82500 0.7204714
0.82600 0.7225373
0.82700 0.7246032
0.82800 0.7266691
0.82900 0.728735
0.83000 0.7308106999999999
0.83100 0.7328864
0.83200 0.7349621
0.83300 0.7370378
0.83400 0.7391135
0.83500 0.7411892
0.83600 0.7432649
0.83700 0.7453405999999999
0.83800 0.7474163
0.83900 0.7494919999999999
0.84000 0.7515872
0.84100 0.7536824
0.84200 0.7557775999999999
0.84300 0.7578728
0.84400 0.759968
0.84500 0.7620631999999999
0.84600 0.7641584
0.84700 0.7662536
0.84800 0.7683487999999999
0.84900 0.770444
0.85000 0.7725499
0.85100 0.7746558
0.85200 0.7767617
0.85300 0.7788676
0.85400 0.7809735
0.85500 0.7830794
0.85600 0.7851853
0.85700 0.7872912
0.85800 0.7893971
0.85900 0.791503
0.86000 0.7938175000000001
0.86100 0.796132
0.86200 0.7984465000000001
0.86300 0.800761
0.86400 0.8030754999999999
0.86500 0.80539
0.86600 0.8077045
0.86700 0.8100189999999999
0.86800 0.8123335
0.86900 0.814648
0.87000 0.8171333000000001
0.87100 0.8196186000000001
0.87200 0.8221038999999999
0.87300 0.8245891999999999
0.87400 0.8270744999999999
0.87500 0.8295598
0.87600 0.8320451
0.87700 0.8345303999999999
0.87800 0.8370156999999999
0.87900 0.8395009999999999
0.88000 0.8419760999999999
0.88100 0.8444512
0.88200 0.8469263
0.88300 0.8494014
0.88400 0.8518764999999998
0.88500 0.8543515999999999
0.88600 0.8568266999999998
0.88700 0.8593017999999999
0.88800 0.8617769
0.88900 0.8642519999999999
0.89000 0.8666668
0.89100 0.8690816
0.89200 0.8714964000000001
0.89300 0.8739112
0.89400 0.8763259999999999
0.89500 0.8787407999999999
0.89600 0.8811555999999999
0.89700 0.8835704
0.89800 0.8859852
0.89900 0.8884000000000001
0.90000 0.890795
0.90100 0.89319
0.90200 0.895585
0.90300 0.8979800000000001
0.90400 0.900375
0.90500 0.90277
0.90600 0.905165
0.90700 0.9075599999999999
0.90800 0.9099550000000001
0.90900 0.91235
0.91000 0.9148782000000001
0.91100 0.9174064
0.91200 0.9199346
0.91300 0.9224627999999999
0.91400 0.924991
0.91500 0.9275192000000001
0.91600 0.9300474
0.91700 0.9325756000000001
0.91800 0.9351037999999999
0.91900 0.937632
0.92000 0.9404309
0.92100 0.9432297999999999
0.92200 0.9460287
0.92300 0.9488275999999999
0.92400 0.9516265
0.92500 0.9544254000000001
0.92600 0.9572243
0.92700 0.9600232
0.92800 0.9628221
0.92900 0.965621
0.93000 0.9684455
0.93100 0.97127
0.93200 0.9740945
0.93300 0.976919
0.93400 0.9797435
0.93500 0.982568
0.93600 0.9853925
0.93700 0.988217
0.93800 0.9910415
0.93900 0.993866
0.94000 0.9965824000000001
0.94100 0.9992988
0.94200 1.0020152
0.94300 1.0047316
0.94400 1.0074480000000001
0.94500 1.0101644
0.94600 1.0128808
0.94700 1.0155972
0.94800 1.0183136000000002
0.94900 1.02103
0.95000 1.0236560000000001
0.95100 1.026282
0.95200 1.028908
0.95300 1.031534
0.95400 1.03416
0.95500 1.036786
0.95600 1.039412
0.95700 1.042038
0.95800 1.0446639999999998
0.95900 1.0472899999999998
0.96000 1.049981
0.96100 1.0526719999999998
0.96200 1.055363
0.96300 1.0580539999999998
0.96400 1.060745
0.96500 1.063436
0.96600 1.066127
0.96700 1.068818
0.96800 1.071509
0.96900 1.0742
0.97000 1.0772530000000002
0.97100 1.080306
0.97200 1.0833590000000002
0.97300 1.086412
0.97400 1.0894650000000001
0.97500 1.092518
0.97600 1.095571
0.97700 1.098624
0.97800 1.101677
0.97900 1.10473
0.98000 1.1079029999999999
0.98100 1.111076
0.98200 1.114249
0.98300 1.117422
0.98400 1.120595
0.98500 1.1237679999999999
0.98600 1.126941
0.98700 1.130114
0.98800 1.133287
0.98900 1.13646
0.99000 1.1395629999999999
0.99100 1.142666
0.99200 1.145769
0.99300 1.148872
0.99400 1.1519749999999997
0.99500 1.155078
0.99600 1.158181
0.99700 1.1612839999999998
0.99800 1.164387
0.99900 1.16749
1.00000 1.170445
1.00100 1.1734
1.00200 1.1763549999999998
1.00300 1.1793099999999999
1.00400 1.182265
1.00500 1.18522
1.00600 1.188175
1.00700 1.1911299999999998
1.00800 1.1940849999999998
1.00900 1.1970399999999999
1.01000 1.199989
1.01100 1.202938
1.01200 1.205887
1.01300 1.208836
1.01400 1.2117850000000001
1.01500 1.214734
1.01600 1.2176829999999998
1.01700 1.220632
1.01800 1.223581
1.01900 1.22653
1.02000 1.22973
1.02100 1.23293
1.02200 1.23613
1.02300 1.23933
1.02400 1.24253
1.02500 1.24573
1.02600 1.24893
1.02700 1.25213
1.02800 1.25533
1.02900 1.25853
1.03000 1.261946
1.03100 1.265362
1.03200 1.268778
1.03300 1.272194
1.03400 1.27561
1.03500 1.279026
1.03600 1.282442
1.03700 1.285858
1.03800 1.289274
1.03900 1.29269
1.04000 1.296065
1.04100 1.2994400000000002
1.04200 1.302815
1.04300 1.30619
1.04400 1.3095649999999999
1.04500 1.31294
1.04600 1.316315
1.04700 1.31969
1.04800 1.3230650000000002
1.04900 1.32644
1.05000 1.3295780000000001
1.05100 1.332716
1.05200 1.3358539999999999
1.05300 1.338992
1.05400 1.34213
1.05500 1.3452680000000001
1.05600 1.3484060000000002
1.05700 1.351544
1.05800 1.354682
1.05900 1.35782
1.06000 1.360876
1.06100 1.3639320000000001
1.06200 1.366988
1.06300 1.370044
1.06400 1.3731000000000002
1.06500 1.3761560000000002
1.06600 1.379212
1.06700 1.382268
1.06800 1.3853240000000002
1.06900 1.3883800000000002
1.07000 1.391547
1.07100 1.394714
1.07200 1.3978810000000002
1.07300 1.401048
1.07400 1.404215
1.07500 1.407382
1.07600 1.410549
1.07700 1.413716
1.07800 1.416883
1.07900 1.42005
1.08000 1.42345
1.08100 1.42685
1.08200 1.43025
1.08300 1.4336499999999999
1.08400 1.43705
1.08500 1.44045
1.08600 1.4438499999999999
1.08700 1.44725
1.08800 1.45065
1.08900 1.45405
1.09000 1.4574719999999999
1.09100 1.4608940000000001
1.09200 1.464316
1.09300 1.467738
1.09400 1.47116
1.09500 1.474582
1.09600 1.4780039999999999
1.09700 1.481426
1.09800 1.484848
1.09900 1.48827
1.10000 1.491536
1.10100 1.494802
1.10200 1.498068
1.10300 1.501334
1.10400 1.5046
1.10500 1.5078660000000002
1.10600 1.5111320000000001
1.10700 1.5143980000000001
1.10800 1.5176640000000001
1.10900 1.5209300000000001
1.11000 1.52406
1.11100 1.52719
1.11200 1.5303200000000001
1.11300 1.53345
1.11400 1.53658
1.11500 1.53971
1.11600 1.54284
1.11700 1.54597
1.11800 1.5491
1.11900 1.55223
1.12000 1.555357
1.12100 1.558484
1.12200 1.5616109999999999
1.12300 1.564738
1.12400 1.567865
1.12500 1.570992
1.12600 1.574119
1.12700 1.5772460000000001
1.12800 1.5803730000000002
1.12900 1.5835000000000001
1.13000 1.5866230000000001
1.13100 1.589746
1.13200 1.592869
1.13300 1.595992
1.13400 1.599115
1.13500 1.6022380000000003
1.13600 1.6053610000000003
1.13700 1.608484
1.13800 1.611607
1.13900 1.6147300000000002
1.14000 1.6178530000000002
1.14100 1.620976
1.14200 1.624099
1.14300 1.6272220000000002
1.14400 1.6303449999999997
1.14500 1.633468
1.14600 1.636591
1.14700 1.6397140000000001
1.14800 1.6428369999999997
1.14900 1.6459599999999999
1.15000 1.6490959999999997
1.15100 1.6522319999999997
1.15200 1.655368
1.15300 1.658504
1.15400 1.6616399999999998
1.15500 1.6647759999999998
1.15600 1.6679119999999998
1.15700 1.671048
1.15800 1.674184
1.15900 1.67732
1.16000 1.6804849999999998
1.16100 1.68365
1.16200 1.686815
1.16300 1.6899799999999998
1.16400 1.693145
1.16500 1.69631
1.16600 1.699475
1.16700 1.70264
1.16800 1.7058050000000002
1.16900 1.70897
1.17000 1.7121300000000002
1.17100 1.71529
1.17200 1.71845
1.17300 1.72161
1.17400 1.7247700000000001
1.17500 1.72793
1.17600 1.73109
1.17700 1.73425
1.17800 1.73741
1.17900 1.74057
1.18000 1.7434290000000001
1.18100 1.7462879999999998
1.18200 1.749147
1.18300 1.7520060000000002
1.18400 1.7548650000000001
1.18500 1.757724
1.18600 1.760583
1.18700 1.7634420000000002
1.18800 1.766301
1.18900 1.76916
1.19000 1.7717490000000002
1.19100 1.7743380000000002
1.19200 1.7769270000000001
1.19300 1.7795160000000003
1.19400 1.782105
1.19500 1.784694
1.19600 1.787283
1.19700 1.7898720000000001
1.19800 1.792461
1.19900 1.7950500000000003
1.20000 1.797683
1.20100 1.800316
1.20200 1.8029490000000004
1.20300 1.805582
1.20400 1.808215
1.20500 1.810848
1.20600 1.8134810000000001
1.20700 1.816114
1.20800 1.8187469999999997
1.20900 1.82138
1.21000 1.8242929999999997
1.21100 1.8272059999999999
1.21200 1.8301189999999998
1.21300 1.833032
1.21400 1.835945
1.21500 1.8388579999999997
1.21600 1.841771
1.21700 1.8446839999999998
1.21800 1.847597
1.21900 1.8505099999999999
1.22000 1.853522
1.22100 1.856534
1.22200 1.859546
1.22300 1.862558
1.22400 1.86557
1.22500 1.868582
1.22600 1.871594
1.22700 1.874606
1.22800 1.877618
1.22900 1.88063
1.23000 1.883601
1.23100 1.886572
1.23200 1.8895430000000002
1.23300 1.8925139999999998
1.23400 1.895485
1.23500 1.8984560000000001
1.23600 1.901427
1.23700 1.904398
1.23800 1.9073689999999999
1.23900 1.9103400000000001
1.24000 1.9132190000000002
1.24100 1.9160980000000003
1.24200 1.918977
1.24300 1.921856
1.24400 1.924735
1.24500 1.9276140000000002
1.24600 1.9304930000000002
1.24700 1.9333719999999999
1.24800 1.936251
1.24900 1.93913
1.25000 1.942004
1.25100 1.9448779999999999
1.25200 1.9477520000000001
1.25300 1.9506260000000002
1.25400 1.9535
1.25500 1.9563739999999998
1.25600 1.9592479999999999
1.25700 1.9621220000000001
1.25800 1.964996
1.25900 1.96787
1.26000 1.970984
1.26100 1.9740980000000001
1.26200 1.9772120000000002
1.26300 1.9803260000000003
1.26400 1.9834400000000003
1.26500 1.986554
1.26600 1.989668
1.26700 1.992782
1.26800 1.9958960000000001
1.26900 1.9990100000000002
1.27000 2.0023410000000004
1.27100 2.005672
1.27200 2.0090030000000003
1.27300 2.012334
1.27400 2.015665
1.27500 2.018996
1.27600 2.0223269999999998
1.27700 2.025658
1.27800 2.028989
1.27900 2.03232
1.28000 2.035627
1.28100 2.0389340000000002
1.28200 2.0422409999999998
1.28300 2.045548
1.28400 2.048855
1.28500 2.052162
1.28600 2.055469
1.28700 2.058776
1.28800 2.0620830000000003
1.28900 2.06539
1.29000 2.068526
1.29100 2.071662
1.29200 2.0747980000000004
1.29300 2.077934
1.29400 2.08107
1.29500 2.084206
1.29600 2.087342
1.29700 2.090478
1.29800 2.093614
1.29900 2.09675
1.30000 2.099822
1.30100 2.102894
1.30200 2.105966
1.30300 2.109038
1.30400 2.11211
1.30500 2.115182
1.30600 2.118254
1.30700 2.121326
1.30800 2.1243980000000002
1.30900 2.1274699999999998
1.31000 2.130662
1.31100 2.133854
1.31200 2.1370460000000002
1.31300 2.140238
1.31400 2.14343
1.31500 2.146622
1.31600 2.149814
1.31700 2.1530060000000004
1.31800 2.1561980000000003
1.31900 2.15939
1.32000 2.162855
1.32100 2.16632
1.32200 2.169785
1.32300 2.1732500000000003
1.32400 2.176715
1.32500 2.18018
1.32600 2.183645
1.32700 2.18711
1.32800 2.190575
1.32900 2.19404
1.33000 2.197535
1.33100 2.2010300000000003
1.33200 2.204525
1.33300 2.2080200000000003
1.33400 2.211515
1.33500 2.21501
1.33600 2.218505
1.33700 2.222
1.33800 2.225495
1.33900 2.22899
1.34000 2.2322879999999996
1.34100 2.235586
1.34200 2.238884
1.34300 2.242182
1.34400 2.2454799999999997
1.34500 2.248778
1.34600 2.252076
1.34700 2.255374
1.34800 2.258672
1.34900 2.2619700000000003
1.35000 2.265085
1.35100 2.2682
1.35200 2.2713150000000004
1.35300 2.27443
1.35400 2.277545
1.35500 2.28066
1.35600 2.283775
1.35700 2.28689
1.35800 2.290005
1.35900 2.29312
1.36000 2.296266
1.36100 2.299412
1.36200 2.3025580000000003
1.36300 2.305704
1.36400 2.30885
1.36500 2.3119959999999997
1.36600 2.315142
1.36700 2.318288
1.36800 2.321434
1.36900 2.32458
1.37000 2.327935
1.37100 2.33129
1.37200 2.3346449999999996
1.37300 2.338
1.37400 2.341355
1.37500 2.34471
1.37600 2.3480649999999996
1.37700 2.35142
1.37800 2.354775
1.37900 2.35813
1.38000 2.361564
1.38100 2.364998
1.38200 2.368432
1.38300 2.371866
1.38400 2.3753
1.38500 2.378734
1.38600 2.382168
1.38700 2.385602
1.38800 2.389036
1.38900 2.3924700000000003
1.39000 2.3957810000000004
1.39100 2.3990920000000004
1.39200 2.402403
1.39300 2.405714
1.39400 2.409025
1.39500 2.4123360000000003
1.39600 2.4156470000000003
1.39700 2.418958
1.39800 2.422269
1.39900 2.42558
1.40000 2.428603
1.40100 2.431626
1.40200 2.434649
1.40300 2.437672
1.40400 2.4406950000000003
1.40500 2.443718
1.40600 2.4467410000000003
1.40700 2.449764
1.40800 2.452787
1.40900 2.45581
1.41000 2.4587969999999997
1.41100 2.461784
1.41200 2.464771
1.41300 2.467758
1.41400 2.470745
1.41500 2.473732
1.41600 2.476719
1.41700 2.4797059999999997
1.41800 2.4826930000000003
1.41900 2.48568
1.42000 2.488749
1.42100 2.491818
1.42200 2.494887
1.42300 2.497956
1.42400 2.501025
1.42500 2.504094
1.42600 2.507163
1.42700 2.510232
1.42800 2.513301
1.42900 2.5163699999999998
1.43000 2.519516
1.43100 2.522662
1.43200 2.525808
1.43300 2.5289539999999997
1.43400 2.5321
1.43500 2.535246
1.43600 2.538392
1.43700 2.541538
1.43800 2.544684
1.43900 2.5478300000000003
1.44000 2.550933
1.44100 2.554036
1.44200 2.5571390000000003
1.44300 2.5602419999999997
1.44400 2.563345
1.44500 2.5664480000000003
1.44600 2.5695509999999997
1.44700 2.572654
1.44800 2.575757
1.44900 2.5788599999999997
1.45000 2.581676
1.45100 2.584492
1.45200 2.5873079999999997
1.45300 2.590124
1.45400 2.59294
1.45500 2.595756
1.45600 2.598572
1.45700 2.601388
1.45800 2.604204
1.45900 2.60702
1.46000 2.6097259999999998
1.46100 2.612432
1.46200 2.615138
1.46300 2.6178440000000003
1.46400 2.62055
1.46500 2.623256
1.46600 2.6259620000000004
1.46700 2.6286680000000002
1.46800 2.631374
1.46900 2.63408
1.47000 2.636877
1.47100 2.6396740000000003
1.47200 2.642471
1.47300 2.645268
1.47400 2.648065
1.47500 2.650862
1.47600 2.653659
1.47700 2.656456
1.47800 2.659253
1.47900 2.66205
1.48000 2.665065
1.48100 2.6680800000000002
1.48200 2.671095
1.48300 2.6741099999999998
1.48400 2.677125
1.48500 2.68014
1.48600 2.683155
1.48700 2.6861699999999997
1.48800 2.689185
1.48900 2.6922
1.49000 2.6952439999999998
1.49100 2.6982880000000002
1.49200 2.701332
1.49300 2.7043760000000003
1.49400 2.70742
1.49500 2.710464
1.49600 2.713508
1.49700 2.716552
1.49800 2.719596
1.49900 2.72264
1.50000 2.7256270000000002
1.50100 2.728614
1.50200 2.7316010000000004
1.50300 2.734588
1.50400 2.737575
1.50500 2.7405619999999997
1.50600 2.743549
1.50700 2.746536
1.50800 2.749523
1.50900 2.75251
1.51000 2.755442
1.51100 2.758374
1.51200 2.761306
1.51300 2.7642379999999998
1.51400 2.76717
1.51500 2.770102
1.51600 2.773034
1.51700 2.775966
1.51800 2.7788980000000003
1.51900 2.7818300000000002
1.52000 2.7847370000000002
1.52100 2.7876440000000002
1.52200 2.790551
1.52300 2.793458
1.52400 2.796365
1.52500 2.799272
1.52600 2.802179
1.52700 2.805086
1.52800 2.807993
1.52900 2.8109
1.53000 2.8136520000000003
1.53100 2.816404
1.53200 2.8191560000000004
1.53300 2.821908
1.53400 2.82466
1.53500 2.827412
1.53600 2.830164
1.53700 2.832916
1.53800 2.835668
1.53900 2.83842
1.54000 2.84111
1.54100 2.8438
1.54200 2.84649
1.54300 2.8491799999999996
1.54400 2.85187
1.54500 2.85456
1.54600 2.8572499999999996
1.54700 2.85994
1.54800 2.86263
1.54900 2.8653199999999996
1.55000 2.868063
1.55100 2.870806
1.55200 2.8735489999999997
1.55300 2.876292
1.55400 2.8790349999999996
1.55500 2.8817779999999997
1.55600 2.884521
1.55700 2.8872639999999996
1.55800 2.8900069999999998
1.55900 2.89275
1.56000 2.895619
1.56100 2.898488
1.56200 2.901357
1.56300 2.904226
1.56400 2.907095
1.56500 2.909964
1.56600 2.912833
1.56700 2.915702
1.56800 2.918571
1.56900 2.92144
1.57000 2.924322
1.57100 2.927204
1.57200 2.930086
1.57300 2.932968
1.57400 2.93585
1.57500 2.9387320000000003
1.57600 2.9416140000000004
1.57700 2.944496
1.57800 2.947378
1.57900 2.95026
1.58000 2.952903
1.58100 2.955546
1.58200 2.958189
1.58300 2.960832
1.58400 2.963475
1.58500 2.9661180000000003
1.58600 2.9687609999999998
1.58700 2.971404
1.58800 2.9740469999999997
1.58900 2.97669
1.59000 2.979094
1.59100 2.9814979999999998
1.59200 2.983902
1.59300 2.986306
1.59400 2.98871
1.59500 2.991114
1.59600 2.993518
1.59700 2.995922
1.59800 2.998326
1.59900 3.00073
1.60000 3.0031480000000004
1.60100 3.005566
1.60200 3.007984
1.60300 3.010402
1.60400 3.01282
1.60500 3.015238
1.60600 3.0176559999999997
1.60700 3.020074
1.60800 3.0224919999999997
1.60900 3.0249099999999998
1.61000 3.0274609999999997
1.61100 3.030012
1.61200 3.032563
1.61300 3.035114
1.61400 3.0376649999999996
1.61500 3.040216
1.61600 3.042767
1.61700 3.045318
1.61800 3.047869
1.61900 3.05042
1.62000 3.053023
1.62100 3.055626
1.62200 3.058229
1.62300 3.0608320000000004
1.62400 3.063435
1.62500 3.066038
1.62600 3.0686410000000004
1.62700 3.071244
1.62800 3.073847
1.62900 3.0764500000000004
1.63000 3.07892
1.63100 3.08139
1.63200 3.0838600000000005
1.63300 3.0863300000000002
1.63400 3.0888
1.63500 3.09127
1.63600 3.09374
1.63700 3.09621
1.63800 3.0986800000000003
1.63900 3.10115
1.64000 3.1032850000000005
1.64100 3.10542
1.64200 3.107555
1.64300 3.10969
1.64400 3.1118250000000005
1.64500 3.11396
1.64600 3.116095
1.64700 3.11823
1.64800 3.1203650000000005
1.64900 3.1225
1.65000 3.124586
1.65100 3.126672
1.65200 3.1287580000000004
1.65300 3.130844
1.65400 3.13293
1.65500 3.135016
1.65600 3.1371019999999996
1.65700 3.139188
1.65800 3.141274
1.65900 3.14336
1.66000 3.14546
1.66100 3.14756
1.66200 3.14966
1.66300 3.15176
1.66400 3.15386
1.66500 3.15596
1.66600 3.15806
1.66700 3.16016
1.66800 3.16226
1.66900 3.16436
1.67000 3.1664719999999997
1.67100 3.168584
1.67200 3.170696
1.67300 3.172808
1.67400 3.17492
1.67500 3.177032
1.67600 3.179144
1.67700 3.1812560000000003
1.67800 3.183368
1.67900 3.18548
1.68000 3.187545
1.68100 3.18961
1.68200 3.191675
1.68300 3.19374
1.68400 3.195805
1.68500 3.1978700000000004
1.68600 3.1999350000000004
1.68700 3.2020000000000004
1.68800 3.204065
1.68900 3.2061300000000004
1.69000 3.2078510000000002
1.69100 3.209572
1.69200 3.2112930000000004
1.69300 3.2130140000000003
1.69400 3.214735
1.69500 3.216456
1.69600 3.218177
1.69700 3.2198980000000006
1.69800 3.2216190000000005
1.69900 3.2233400000000003
1.70000 3.224918
1.70100 3.226496
1.70200 3.2280740000000003
1.70300 3.229652
1.70400 3.23123
1.70500 3.232808
1.70600 3.2343859999999998
1.70700 3.235964
1.70800 3.237542
1.70900 3.2391199999999998
1.71000 3.2406749999999995
1.71100 3.24223
1.71200 3.243785
1.71300 3.24534
1.71400 3.246895
1.71500 3.2484499999999996
1.71600 3.2500050000000003
1.71700 3.25156
1.71800 3.253115
1.71900 3.25467
1.72000 3.2561640000000005
1.72100 3.257658
1.72200 3.2591520000000003
1.72300 3.260646
1.72400 3.26214
1.72500 3.2636340000000006
1.72600 3.265128
1.72700 3.2666220000000004
1.72800 3.268116
1.72900 3.26961
1.73000 3.2710909999999997
1.73100 3.2725720000000003
1.73200 3.274053
1.73300 3.2755340000000004
1.73400 3.277015
1.73500 3.2784959999999996
1.73600 3.279977
1.73700 3.2814579999999998
1.73800 3.2829390000000003
1.73900 3.28442
1.74000 3.285712
1.74100 3.2870040000000005
1.74200 3.288296
1.74300 3.2895879999999997
1.74400 3.29088
1.74500 3.292172
1.74600 3.293464
1.74700 3.2947559999999996
1.74800 3.296048
1.74900 3.2973399999999997
1.75000 3.298437
1.75100 3.299534
1.75200 3.300631
1.75300 3.3017279999999998
1.75400 3.302825
1.75500 3.303922
1.75600 3.305019
1.75700 3.3061160000000003
1.75800 3.307213
1.75900 3.30831
1.76000 3.309386
1.76100 3.3104620000000002
1.76200 3.311538
1.76300 3.312614
1.76400 3.31369
1.76500 3.314766
1.76600 3.315842
1.76700 3.316918
1.76800 3.317994
1.76900 3.31907
1.77000 3.3200200000000004
1.77100 3.32097
1.77200 3.32192
1.77300 3.3228699999999995
1.77400 3.32382
1.77500 3.32477
1.77600 3.3257199999999996
1.77700 3.32667
1.77800 3.3276199999999996
1.77900 3.32857
1.78000 3.3294669999999997
1.78100 3.3303640000000003
1.78200 3.331261
1.78300 3.3321579999999997
1.78400 3.3330550000000003
1.78500 3.333952
1.78600 3.3348489999999997
1.78700 3.3357459999999994
1.78800 3.336643
1.78900 3.3375399999999997
1.79000 3.3383739999999995
1.79100 3.339208
1.79200 3.3400419999999995
1.79300 3.340876
1.79400 3.34171
1.79500 3.3425439999999993
1.79600 3.343378
1.79700 3.3442119999999997
1.79800 3.345046
1.79900 3.3458799999999997
1.80000 3.346548
1.80100 3.3472159999999995
1.80200 3.3478839999999996
1.80300 3.3485519999999993
1.80400 3.34922
1.80500 3.349888
1.80600 3.3505559999999996
1.80700 3.3512239999999998
1.80800 3.3518919999999994
1.80900 3.3525599999999995
1.81000 3.3531999999999997
1.81100 3.3538399999999995
1.81200 3.3544799999999997
1.81300 3.3551199999999994
1.81400 3.355759999999999
1.81500 3.3564
1.81600 3.35704
1.81700 3.3576799999999998
1.81800 3.35832
1.81900 3.3589599999999997
1.82000 3.3594619999999997
1.82100 3.359964
1.82200 3.3604659999999997
1.82300 3.3609679999999997
1.82400 3.3614699999999997
1.82500 3.361972
1.82600 3.362474
1.82700 3.3629759999999997
1.82800 3.3634779999999997
1.82900 3.36398
1.83000 3.364333
1.83100 3.3646860000000003
1.83200 3.3650390000000003
1.83300 3.365392
1.83400 3.3657449999999995
1.83500 3.366098
1.83600 3.366451
1.83700 3.3668039999999997
1.83800 3.367157
1.83900 3.3675100000000002
1.84000 3.3678490000000005
1.84100 3.368188
1.84200 3.3685270000000003
1.84300 3.3688659999999997
1.84400 3.369205
1.84500 3.3695440000000003
1.84600 3.369883
1.84700 3.3702220000000005
1.84800 3.370561
1.84900 3.3709000000000002
1.85000 3.37115
1.85100 3.3714000000000004
1.85200 3.3716500000000003
1.85300 3.3719
1.85400 3.3721500000000004
1.85500 3.3724000000000003
1.85600 3.37265
1.85700 3.3729
1.85800 3.3731500000000003
1.85900 3.3734
1.86000 3.373612
1.86100 3.3738240000000004
1.86200 3.3740360000000003
1.86300 3.374248
1.86400 3.3744600000000005
1.86500 3.3746720000000003
1.86600 3.374884
1.86700 3.375096
1.86800 3.3753080000000004
1.86900 3.3755200000000003
1.87000 3.37562
1.87100 3.3757200000000003
1.87200 3.37582
1.87300 3.37592
1.87400 3.3760199999999996
1.87500 3.3761200000000002
1.87600 3.37622
1.87700 3.3763199999999998
1.87800 3.3764200000000004
1.87900 3.37652
1.88000 3.376323
1.88100 3.376126
1.88200 3.375929
1.88300 3.375732
1.88400 3.375535
1.88500 3.375338
1.88600 3.375141
1.88700 3.374944
1.88800 3.374747
1.88900 3.37455
1.89000 3.374303
1.89100 3.3740560000000004
1.89200 3.373809
1.89300 3.3735619999999997
1.89400 3.3733149999999994
1.89500 3.373068
1.89600 3.3728209999999996
1.89700 3.3725739999999993
1.89800 3.372327
1.89900 3.3720799999999995
1.90000 3.3717689999999996
1.90100 3.3714579999999996
1.90200 3.3711469999999997
1.90300 3.3708359999999997
1.90400 3.3705249999999998
1.90500 3.370214
1.90600 3.369903
1.90700 3.369592
1.90800 3.369281
1.90900 3.36897
1.91000 3.3685880000000004
1.91100 3.368206
1.91200 3.367824
1.91300 3.3674419999999996
1.91400 3.36706
1.91500 3.3666780000000003
1.91600 3.3662959999999997
1.91700 3.365914
1.91800 3.3655319999999995
1.91900 3.36515
1.92000 3.364734
1.92100 3.364318
1.92200 3.3639020000000004
1.92300 3.3634860000000004
1.92400 3.3630700000000004
1.92500 3.362654
1.92600 3.362238
1.92700 3.361822
1.92800 3.361406
1.92900 3.36099
1.93000 3.3603180000000004
1.93100 3.359646
1.93200 3.358974000000001
1.93300 3.3583020000000006
1.93400 3.3576300000000003
1.93500 3.356958
1.93600 3.356286
1.93700 3.3556140000000005
1.93800 3.3549420000000003
1.93900 3.3542700000000005
1.94000 3.3534850000000005
1.94100 3.3527
1.94200 3.3519150000000004
1.94300 3.35113
1.94400 3.350345
1.94500 3.3495600000000003
1.94600 3.348775
1.94700 3.3479900000000002
1.94800 3.3472049999999998
1.94900 3.3464199999999997
1.95000 3.3455909999999998
1.95100 3.3447620000000002
1.95200 3.343933
1.95300 3.3431040000000003
1.95400 3.342275
1.95500 3.341446
1.95600 3.3406170000000004
1.95700 3.339788
1.95800 3.3389590000000005
1.95900 3.3381300000000005
1.96000 3.337181
1.96100 3.3362320000000003
1.96200 3.3352830000000004
1.96300 3.3343340000000006
1.96400 3.333385
1.96500 3.332436
1.96600 3.331487
1.96700 3.3305379999999998
1.96800 3.329589
1.96900 3.32864
1.97000 3.32767
1.97100 3.3267
1.97200 3.32573
1.97300 3.32476
1.97400 3.32379
1.97500 3.32282
1.97600 3.32185
1.97700 3.32088
1.97800 3.31991
1.97900 3.31894
1.98000 3.3179229999999995
1.98100 3.3169060000000004
1.98200 3.315889
1.98300 3.314872
1.98400 3.3138549999999993
1.98500 3.312838
1.98600 3.3118209999999997
1.98700 3.3108039999999996
1.98800 3.309787
1.98900 3.30877
1.99000 3.307702
1.99100 3.306634
1.99200 3.305566
1.99300 3.3044979999999997
1.99400 3.30343
1.99500 3.302362
1.99600 3.301294
1.99700 3.300226
1.99800 3.299158
1.99900 3.2980899999999997
2.00000 3.297005
2.00100 3.2959199999999997
2.00200 3.294835
2.00300 3.29375
2.00400 3.2926649999999995
2.00500 3.2915799999999997
2.00600 3.290495
2.00700 3.28941
2.00800 3.2883249999999995
2.00900 3.2872399999999997
2.01000 3.286032
2.01100 3.2848239999999995
2.01200 3.283616
2.01300 3.282408
2.01400 3.2811999999999997
2.01500 3.279992
2.01600 3.2787840000000004
2.01700 3.2775760000000007
2.01800 3.276368
2.01900 3.2751600000000005
2.02000 3.2738960000000006
2.02100 3.272632
2.02200 3.2713680000000003
2.02300 3.270104
2.02400 3.26884
2.02500 3.2675760000000005
2.02600 3.266312
2.02700 3.265048
2.02800 3.263784
2.02900 3.26252
2.03000 3.2612699999999997
2.03100 3.26002
2.03200 3.2587699999999997
2.03300 3.2575200000000004
2.03400 3.2562699999999998
2.03500 3.2550199999999996
2.03600 3.2537700000000003
2.03700 3.2525199999999996
2.03800 3.2512700000000003
2.03900 3.25002
2.04000 3.2488149999999996
2.04100 3.2476100000000003
2.04200 3.246405
2.04300 3.2451999999999996
2.04400 3.2439949999999995
2.04500 3.2427900000000003
2.04600 3.2415849999999997
2.04700 3.2403799999999996
2.04800 3.2391750000000004
2.04900 3.23797
2.05000 3.23677
2.05100 3.23557
2.05200 3.2343699999999997
2.05300 3.23317
2.05400 3.2319699999999996
2.05500 3.2307700000000006
2.05600 3.2295700000000003
2.05700 3.2283700000000004
2.05800 3.22717
2.05900 3.2259700000000002
2.06000 3.224673
2.06100 3.2233760000000005
2.06200 3.222079
2.06300 3.2207820000000007
2.06400 3.219485
2.06500 3.218188
2.06600 3.2168910000000004
2.06700 3.2155940000000003
2.06800 3.2142970000000006
2.06900 3.213
2.07000 3.2115930000000006
2.07100 3.210186
2.07200 3.208779
2.07300 3.2073720000000003
2.07400 3.2059650000000004
2.07500 3.204558
2.07600 3.2031509999999996
2.07700 3.201744
2.07800 3.200337
2.07900 3.19893
2.08000 3.197528
2.08100 3.196126
2.08200 3.194724
2.08300 3.1933219999999998
2.08400 3.19192
2.08500 3.190518
2.08600 3.189116
2.08700 3.187714
2.08800 3.186312
2.08900 3.18491
2.09000 3.18358
2.09100 3.1822500000000002
2.09200 3.18092
2.09300 3.17959
2.09400 3.1782600000000003
2.09500 3.17693
2.09600 3.1756
2.09700 3.17427
2.09800 3.17294
2.09900 3.1716100000000003
2.10000 3.170313
2.10100 3.169016
2.10200 3.167719
2.10300 3.166422
2.10400 3.165125
2.10500 3.163828
2.10600 3.1625310000000004
2.10700 3.161234
2.10800 3.159937
2.10900 3.15864
2.11000 3.157292
2.11100 3.1559440000000003
2.11200 3.154596
2.11300 3.153248
2.11400 3.1519
2.11500 3.1505520000000002
2.11600 3.149204
2.11700 3.147856
2.11800 3.146508
2.11900 3.1451599999999997
2.12000 3.143665
2.12100 3.1421699999999997
2.12200 3.140675
2.12300 3.13918
2.12400 3.137685
2.12500 3.13619
2.12600 3.134695
2.12700 3.1332
2.12800 3.1317049999999997
2.12900 3.13021
2.13000 3.1286899999999997
2.13100 3.12717
2.13200 3.12565
2.13300 3.12413
2.13400 3.12261
2.13500 3.1210899999999997
2.13600 3.11957
2.13700 3.1180499999999998
2.13800 3.11653
2.13900 3.11501
2.14000 3.113556
2.14100 3.1121019999999997
2.14200 3.110648
2.14300 3.1091939999999996
2.14400 3.1077399999999997
2.14500 3.106286
2.14600 3.104832
2.14700 3.103378
2.14800 3.101924
2.14900 3.10047
2.15000 3.099093
2.15100 3.097716
2.15200 3.096339
2.15300 3.0949619999999998
2.15400 3.093585
2.15500 3.0922080000000003
2.15600 3.090831
2.15700 3.089454
2.15800 3.088077
2.15900 3.0867
2.16000 3.085316
2.16100 3.083932
2.16200 3.082548
2.16300 3.0811640000000002
2.16400 3.0797800000000004
2.16500 3.078396
2.16600 3.077012
2.16700 3.075628
2.16800 3.074244
2.16900 3.07286
2.17000 3.0714010000000003
2.17100 3.069942
2.17200 3.0684829999999996
2.17300 3.067024
2.17400 3.0655650000000003
2.17500 3.0641059999999998
2.17600 3.0626469999999997
2.17700 3.061188
2.17800 3.059729
2.17900 3.05827
2.18000 3.056774
2.18100 3.055278
2.18200 3.053782
2.18300 3.0522859999999996
2.18400 3.05079
2.18500 3.049294
2.18600 3.047798
2.18700 3.046302
2.18800 3.044806
2.18900 3.04331
2.19000 3.041858
2.19100 3.040406
2.19200 3.038954
2.19300 3.037502
2.19400 3.0360500000000004
2.19500 3.034598
2.19600 3.033146
2.19700 3.031694
2.19800 3.0302420000000003
2.19900 3.02879
2.20000 3.027467
2.20100 3.026144
2.20200 3.024821
2.20300 3.023498
2.20400 3.022175
2.20500 3.020852
2.20600 3.019529
2.20700 3.018206
2.20800 3.016883
2.20900 3.01556
2.21000 3.01426
2.21100 3.01296
2.21200 3.01166
2.21300 3.01036
2.21400 3.0090600000000003
2.21500 3.00776
2.21600 3.0064599999999997
2.21700 3.00516
2.21800 3.0038600000000004
2.21900 3.00256
2.22000 3.001334
2.22100 3.000108
2.22200 2.998882
2.22300 2.997656
2.22400 2.99643
2.22500 2.995204
2.22600 2.993978
2.22700 2.992752
2.22800 2.991526
2.22900 2.9903
2.23000 2.98916
2.23100 2.9880199999999997
2.23200 2.98688
2.23300 2.98574
2.23400 2.9846
2.23500 2.98346
2.23600 2.98232
2.23700 2.98118
2.23800 2.98004
2.23900 2.9789000000000003
2.24000 2.977774
2.24100 2.976648
2.24200 2.9755220000000002
2.24300 2.974396
2.24400 2.9732700000000003
2.24500 2.972144
2.24600 2.971018
2.24700 2.969892
2.24800 2.968766
2.24900 2.9676400000000003
2.25000 2.966608
2.25100 2.965576
2.25200 2.964544
2.25300 2.963512
2.25400 2.9624800000000002
2.25500 2.961448
2.25600 2.960416
2.25700 2.959384
2.25800 2.958352
2.25900 2.95732
2.26000 2.956335
2.26100 2.95535
2.26200 2.954365
2.26300 2.95338
2.26400 2.952395
2.26500 2.95141
2.26600 2.950425
2.26700 2.94944
2.26800 2.948455
2.26900 2.94747
2.27000 2.9465709999999996
2.27100 2.9456719999999996
2.27200 2.944773
2.27300 2.943874
2.27400 2.9429749999999997
2.27500 2.9420759999999997
2.27600 2.9411769999999997
2.27700 2.940278
2.27800 2.9393789999999997
2.27900 2.9384799999999998
2.28000 2.937843
2.28100 2.9372059999999998
2.28200 2.936569
2.28300 2.935932
2.28400 2.935295
2.28500 2.9346579999999998
2.28600 2.934021
2.28700 2.933384
2.28800 2.932747
2.28900 2.93211
2.29000 2.931522
2.29100 2.930934
2.29200 2.930346
2.29300 2.929758
2.29400 2.92917
2.29500 2.928582
2.29600 2.927994
2.29700 2.927406
2.29800 2.926818
2.29900 2.92623
2.30000 2.925671
2.30100 2.925112
2.30200 2.924553
2.30300 2.923994
2.30400 2.923435
2.30500 2.9228759999999996
2.30600 2.922317
2.30700 2.9217579999999996
2.30800 2.921199
2.30900 2.9206399999999997
2.31000 2.920115
2.31100 2.91959
2.31200 2.919065
2.31300 2.9185399999999997
2.31400 2.9180149999999996
2.31500 2.91749
2.31600 2.9169650000000003
2.31700 2.91644
2.31800 2.915915
2.31900 2.91539
2.32000 2.914894
2.32100 2.914398
2.32200 2.9139019999999998
2.32300 2.9134059999999997
2.32400 2.91291
2.32500 2.912414
2.32600 2.911918
2.32700 2.911422
2.32800 2.910926
2.32900 2.91043
2.33000 2.910173
2.33100 2.909916
2.33200 2.909659
2.33300 2.909402
2.33400 2.909145
2.33500 2.908888
2.33600 2.908631
2.33700 2.9083740000000002
2.33800 2.908117
2.33900 2.9078600000000003
2.34000 2.907723
2.34100 2.9075860000000002
2.34200 2.907449
2.34300 2.907312
2.34400 2.907175
2.34500 2.907038
2.34600 2.9069010000000004
2.34700 2.906764
2.34800 2.9066270000000003
2.34900 2.9064900000000002
2.35000 2.906382
2.35100 2.9062740000000002
2.35200 2.906166
2.35300 2.9060580000000003
2.35400 2.90595
2.35500 2.905842
2.35600 2.905734
2.35700 2.905626
2.35800 2.905518
2.35900 2.90541
2.36000 2.905391
2.36100 2.905372
2.36200 2.905353
2.36300 2.905334
2.36400 2.905315
2.36500 2.905296
2.36600 2.905277
2.36700 2.905258
2.36800 2.905239
2.36900 2.90522
2.37000 2.905218
2.37100 2.9052160000000002
2.37200 2.905214
2.37300 2.9052119999999997
2.37400 2.90521
2.37500 2.905208
2.37600 2.905206
2.37700 2.905204
2.37800 2.905202
2.37900 2.9052
2.38000 2.905335
2.38100 2.90547
2.38200 2.905605
2.38300 2.90574
2.38400 2.905875
2.38500 2.9060099999999998
2.38600 2.906145
2.38700 2.9062799999999998
2.38800 2.906415
2.38900 2.90655
2.39000 2.906855
2.39100 2.90716
2.39200 2.9074649999999997
2.39300 2.90777
2.39400 2.908075
2.39500 2.90838
2.39600 2.9086849999999997
2.39700 2.90899
2.39800 2.909295
2.39900 2.9096
2.40000 2.909926
2.40100 2.910252
2.40200 2.910578
2.40300 2.910904
2.40400 2.9112299999999998
2.40500 2.911556
2.40600 2.911882
2.40700 2.912208
2.40800 2.912534
2.40900 2.91286
2.41000 2.9133299999999998
2.41100 2.9137999999999997
2.41200 2.9142699999999997
2.41300 2.9147399999999997
2.41400 2.9152099999999996
2.41500 2.91568
2.41600 2.91615
2.41700 2.91662
2.41800 2.91709
2.41900 2.91756
2.42000 2.918104
2.42100 2.918648
2.42200 2.919192
2.42300 2.919736
2.42400 2.92028
2.42500 2.920824
2.42600 2.921368
2.42700 2.921912
2.42800 2.922456
2.42900 2.923
2.43000 2.923579
2.43100 2.924158
2.43200 2.924737
2.43300 2.925316
2.43400 2.9258949999999997
2.43500 2.926474
2.43600 2.927053
2.43700 2.927632
2.43800 2.928211
2.43900 2.9287900000000002
2.44000 2.929484
2.44100 2.930178
2.44200 2.930872
2.44300 2.931566
2.44400 2.9322600000000003
2.44500 2.9329539999999996
2.44600 2.933648
2.44700 2.934342
2.44800 2.9350359999999998
2.44900 2.93573
2.45000 2.9364459999999997
2.45100 2.937162
2.45200 2.937878
2.45300 2.9385939999999997
2.45400 2.93931
2.45500 2.940026
2.45600 2.9407419999999997
2.45700 2.941458
2.45800 2.942174
2.45900 2.94289
2.46000 2.943655
2.46100 2.94442
2.46200 2.945185
2.46300 2.94595
2.46400 2.946715
2.46500 2.94748
2.46600 2.948245
2.46700 2.9490100000000004
2.46800 2.949775
2.46900 2.95054
2.47000 2.951368
2.47100 2.952196
2.47200 2.953024
2.47300 2.9538520000000004
2.47400 2.95468
2.47500 2.955508
2.47600 2.956336
2.47700 2.957164
2.47800 2.957992
2.47900 2.9588200000000002
2.48000 2.959645
2.48100 2.96047
2.48200 2.9612950000000002
2.48300 2.96212
2.48400 2.962945
2.48500 2.96377
2.48600 2.964595
2.48700 2.96542
2.48800 2.966245
2.48900 2.96707
2.49000 2.967845
2.49100 2.96862
2.49200 2.969395
2.49300 2.97017
2.49400 2.970945
2.49500 2.9717200000000004
2.49600 2.972495
2.49700 2.9732700000000003
2.49800 2.974045
2.49900 2.9748200000000002
2.50000 2.975569
2.50100 2.976318
2.50200 2.977067
2.50300 2.977816
2.50400 2.978565
2.50500 2.979314
2.50600 2.9800630000000004
2.50700 2.980812
2.50800 2.981561
2.50900 2.98231
2.51000 2.983078
2.51100 2.983846
2.51200 2.9846139999999997
2.51300 2.985382
2.51400 2.98615
2.51500 2.986918
2.51600 2.987686
2.51700 2.988454
2.51800 2.989222
2.51900 2.9899899999999997
2.52000 2.990822
2.52100 2.9916539999999996
2.52200 2.992486
2.52300 2.993318
2.52400 2.99415
2.52500 2.994982
2.52600 2.995814
2.52700 2.996646
2.52800 2.997478
2.52900 2.99831
2.53000 2.999154
2.53100 2.999998
2.53200 3.000842
2.53300 3.0016860000000003
2.53400 3.00253
2.53500 3.003374
2.53600 3.004218
2.53700 3.0050619999999997
2.53800 3.005906
2.53900 3.00675
2.54000 3.007551
2.54100 3.008352
2.54200 3.009153
2.54300 3.009954
2.54400 3.010755
2.54500 3.0115559999999997
2.54600 3.012357
2.54700 3.013158
2.54800 3.0139590000000003
2.54900 3.01476
2.55000 3.0155070000000004
2.55100 3.016254
2.55200 3.017001
2.55300 3.017748
2.55400 3.018495
2.55500 3.019242
2.55600 3.019989
2.55700 3.0207360000000003
2.55800 3.021483
2.55900 3.02223
2.56000 3.022983
2.56100 3.023736
2.56200 3.024489
2.56300 3.025242
2.56400 3.025995
2.56500 3.026748
2.56600 3.027501
2.56700 3.028254
2.56800 3.029007
2.56900 3.02976
2.57000 3.030602
2.57100 3.0314439999999996
2.57200 3.032286
2.57300 3.033128
2.57400 3.03397
2.57500 3.0348119999999996
2.57600 3.035654
2.57700 3.036496
2.57800 3.0373379999999996
2.57900 3.0381799999999997
2.58000 3.039069
2.58100 3.039958
2.58200 3.040847
2.58300 3.0417359999999998
2.58400 3.042625
2.58500 3.043514
2.58600 3.044403
2.58700 3.045292
2.58800 3.046181
2.58900 3.04707
2.59000 3.0479410000000002
2.59100 3.0488120000000003
2.59200 3.049683
2.59300 3.050554
2.59400 3.051425
2.59500 3.052296
2.59600 3.053167
2.59700 3.054038
2.59800 3.054909
2.59900 3.05578
2.60000 3.05659
2.60100 3.0574000000000003
2.60200 3.05821
2.60300 3.05902
2.60400 3.0598300000000003
2.60500 3.0606400000000002
2.60600 3.06145
2.60700 3.0622599999999998
2.60800 3.06307
2.60900 3.06388
2.61000 3.064677
2.61100 3.065474
2.61200 3.066271
2.61300 3.067068
2.61400 3.067865
2.61500 3.068662
2.61600 3.0694589999999997
2.61700 3.0702559999999997
2.61800 3.071053
2.61900 3.07185
2.62000 3.072357
2.62100 3.072864
2.62200 3.073371
2.62300 3.0738779999999997
2.62400 3.0743850000000004
2.62500 3.074892
2.62600 3.075399
2.62700 3.0759060000000003
2.62800 3.076413
2.62900 3.0769200000000003
2.63000 3.077045
2.63100 3.07717
2.63200 3.0772950000000003
2.63300 3.07742
2.63400 3.0775449999999998
2.63500 3.0776700000000003
2.63600 3.077795
2.63700 3.0779199999999998
2.63800 3.0780450000000004
2.63900 3.07817
2.64000 3.078276
2.64100 3.0783820000000004
2.64200 3.078488
2.64300 3.078594
2.64400 3.0787
2.64500 3.078806
2.64600 3.078912
2.64700 3.079018
2.64800 3.079124
2.64900 3.07923
