0.00000 -0.057266585930896
0.00100 -0.114533171861792
0.00200 -0.115304085930896
0.00300 -0.116075
0.00400 -0.116846
0.00500 -0.117617
0.00600 -0.120278
0.00700 -0.122939
0.00800 -0.1285615
0.00900 -0.134184
0.01000 -0.140064
0.01100 -0.145944
0.01200 -0.15243025
0.01300 -0.1589165
0.01400 -0.16579875
0.01500 -0.172681
0.01600 -0.17956175000000002
0.01700 -0.1864425
0.01800 -0.19331775
0.01900 -0.200193
0.02000 -0.20706675000000002
0.02100 -0.2139405
0.02200 -0.22118225
0.02300 -0.228424
0.02400 -0.23625625
0.02500 -0.2440885
0.02600 -0.25193625000000003
0.02700 -0.259784
0.02800 -0.267193
0.02900 -0.274602
0.03000 -0.281717
0.03100 -0.288832
0.03200 -0.29609399999999997
0.03300 -0.303356
0.03400 -0.311234
0.03500 -0.319112
0.03600 -0.3271525
0.03700 -0.335193
0.03800 -0.34288975
0.03900 -0.3505865
0.04000 -0.35771925000000004
0.04100 -0.364852
0.04200 -0.37197975
0.04300 -0.3791075
0.04400 -0.38686149999999997
0.04500 -0.3946155
0.04600 -0.4027985
0.04700 -0.4109815
0.04800 -0.41903275
0.04900 -0.427084
0.05000 -0.434566
0.05100 -0.442048
0.05200 -0.4493765
0.05300 -0.456705
0.05400 -0.464393
0.05500 -0.472081
0.05600 -0.48037375
0.05700 -0.4886665
0.05800 -0.49697575
0.05900 -0.505285
0.06000 -0.5130524999999999
0.06100 -0.52082
0.06200 -0.5282074999999999
0.06300 -0.535595
0.06400 -0.543095
0.06500 -0.550595
0.06600 -0.5585975
0.06700 -0.5666
0.06800 -0.5747424999999999
0.06900 -0.582885
0.07000 -0.59082
0.07100 -0.598755
0.07200 -0.6063324999999999
0.07300 -0.61391
0.07400 -0.6214599999999999
0.07500 -0.62901
0.07600 -0.6365875
0.07700 -0.644165
0.07800 -0.65176
0.07900 -0.659355
0.08000 -0.6670175
0.08100 -0.67468
0.08200 -0.682645
0.08300 -0.69061
0.08400 -0.69866
0.08500 -0.70671
0.08600 -0.7145325
0.08700 -0.722355
0.08800 -0.72977
0.08900 -0.737185
0.09000 -0.7445999999999999
0.09100 -0.752015
0.09200 -0.76004
0.09300 -0.768065
0.09400 -0.77654
0.09500 -0.785015
0.09600 -0.7933875
0.09700 -0.80176
0.09800 -0.809655
0.09900 -0.81755
0.10000 -0.825305
0.10100 -0.83306
0.10200 -0.841135
0.10300 -0.84921
0.10400 -0.8578600000000001
0.10500 -0.86651
0.10600 -0.8751800000000001
0.10700 -0.88385
0.10800 -0.8919025
0.10900 -0.899955
0.11000 -0.90754
0.11100 -0.915125
0.11200 -0.9228125
0.11300 -0.9305
0.11400 -0.9386675
0.11500 -0.946835
0.11600 -0.9551425
0.11700 -0.96345
0.11800 -0.971365
0.11900 -0.97928
0.12000 -0.98646
0.12100 -0.99364
0.12200 -1.0007575
0.12300 -1.007875
0.12400 -1.01516
0.12500 -1.022445
0.12600 -1.02986
0.12700 -1.037275
0.12800 -1.0445275
0.12900 -1.05178
0.13000 -1.0582449999999999
0.13100 -1.06471
0.13200 -1.070935
0.13300 -1.07716
0.13400 -1.0832549999999999
0.13500 -1.08935
0.13600 -1.0952000000000002
0.13700 -1.10105
0.13800 -1.1068475000000002
0.13900 -1.112645
0.14000 -1.1178775
0.14100 -1.12311
0.14200 -1.1278975
0.14300 -1.132685
0.14400 -1.1373875
0.14500 -1.14209
0.14600 -1.1463775
0.14700 -1.150665
0.14800 -1.154825
0.14900 -1.158985
0.15000 -1.1630175
0.15100 -1.16705
0.15200 -1.1708375
0.15300 -1.174625
0.15400 -1.178355
0.15500 -1.182085
0.15600 -1.1850625
0.15700 -1.18804
0.15800 -1.1904124999999999
0.15900 -1.192785
0.16000 -1.19515
0.16100 -1.197515
0.16200 -1.19985
0.16300 -1.202185
0.16400 -1.2045124999999999
0.16500 -1.20684
0.16600 -1.2088
0.16700 -1.21076
0.16800 -1.211995
0.16900 -1.21323
0.17000 -1.21438
0.17100 -1.21553
0.17200 -1.2164975
0.17300 -1.217465
0.17400 -1.2182825
0.17500 -1.2191
0.17600 -1.219795
0.17700 -1.22049
0.17800 -1.2205475
0.17900 -1.220605
0.18000 -1.2204525
0.18100 -1.2203
0.18200 -1.21984
0.18300 -1.21938
0.18400 -1.2182925
0.18500 -1.217205
0.18600 -1.2160275
0.18700 -1.21485
0.18800 -1.21318
0.18900 -1.21151
0.19000 -1.2094274999999999
0.19100 -1.207345
0.19200 -1.2049824999999998
0.19300 -1.20262
0.19400 -1.1987325
0.19500 -1.194845
0.19600 -1.19045
0.19700 -1.186055
0.19800 -1.1813975
0.19900 -1.17674
0.20000 -1.1715425
0.20100 -1.166345
0.20200 -1.1610325000000001
0.20300 -1.15572
0.20400 -1.1489850000000001
0.20500 -1.14225
0.20600 -1.1342975
0.20700 -1.126345
0.20800 -1.1183925000000001
0.20900 -1.11044
0.21000 -1.1025575
0.21100 -1.094675
0.21200 -1.0868175
0.21300 -1.07896
0.21400 -1.0702824999999998
0.21500 -1.061605
0.21600 -1.0511875
0.21700 -1.04077
0.21800 -1.0301525
0.21900 -1.019535
0.22000 -1.0091425
0.22100 -0.99875
0.22200 -0.9885525
0.22300 -0.978355
0.22400 -0.9679225
0.22500 -0.95749
0.22600 -0.945685
0.22700 -0.93388
0.22800 -0.9215949999999999
0.22900 -0.90931
0.23000 -0.8967624999999999
0.23100 -0.884215
0.23200 -0.8710975
0.23300 -0.85798
0.23400 -0.8447875
0.23500 -0.831595
0.23600 -0.8183625
0.23700 -0.80513
0.23800 -0.7918575
0.23900 -0.778585
0.24000 -0.7649775
0.24100 -0.75137
0.24200 -0.7357549999999999
0.24300 -0.72014
0.24400 -0.703805
0.24500 -0.68747
0.24600 -0.6707700000000001
0.24700 -0.65407
0.24800 -0.63656
0.24900 -0.61905
0.25000 -0.60138
0.25100 -0.58371
0.25200 -0.5641425
0.25300 -0.544575
0.25400 -0.5232725
0.25500 -0.50197
0.25600 -0.4806995
0.25700 -0.459429
0.25800 -0.4384955
0.25900 -0.417562
0.26000 -0.39675275
0.26100 -0.3759435
0.26200 -0.3540585
0.26300 -0.3321735
0.26400 -0.3078365
0.26500 -0.2834995
0.26600 -0.25887
0.26700 -0.2342405
0.26800 -0.210575
0.26900 -0.1869095
0.27000 -0.1641435
0.27100 -0.1413775
0.27200 -0.11823975
0.27300 -0.095102
0.27400 -0.0695336
0.27500 -0.0439652
0.27600 -0.017479925
0.27700 0.009005350000000002
0.27800 0.034753425
0.27900 0.0605015
0.28000 0.08452925
0.28100 0.108557
0.28200 0.13239875
0.28300 0.1562405
0.28400 0.18182500000000001
0.28500 0.2074095
0.28600 0.234655
0.28700 0.2619005
0.28800 0.28886725
0.28900 0.315834
0.29000 0.34080475
0.29100 0.3657755
0.29200 0.38997574999999995
0.29300 0.414176
0.29400 0.43994975000000003
0.29500 0.4657235
0.29600 0.49525675
0.29700 0.52479
0.29800 0.55484
0.29900 0.58489
0.30000 0.61473
0.30100 0.64457
0.30200 0.67421
0.30300 0.70385
0.30400 0.7334575
0.30500 0.763065
0.30600 0.7924975000000001
0.30700 0.82193
0.30800 0.851295
0.30900 0.88066
0.31000 0.9107425
0.31100 0.940825
0.31200 0.9726675
0.31300 1.00451
0.31400 1.0365625
0.31500 1.068615
0.31600 1.09884
0.31700 1.129065
0.31800 1.1574675
0.31900 1.18587
0.32000 1.2145424999999999
0.32100 1.243215
0.32200 1.273995
0.32300 1.304775
0.32400 1.3364099999999999
0.32500 1.368045
0.32600 1.3984925000000001
0.32700 1.42894
0.32800 1.4564124999999999
0.32900 1.483885
0.33000 1.510945
0.33100 1.538005
0.33200 1.5661675000000002
0.33300 1.59433
0.33400 1.623615
0.33500 1.6529
0.33600 1.6817674999999999
0.33700 1.710635
0.33800 1.7363374999999999
0.33900 1.76204
0.34000 1.7864325
0.34100 1.810825
0.34200 1.83601
0.34300 1.861195
0.34400 1.8884124999999998
0.34500 1.91563
0.34600 1.943125
0.34700 1.97062
0.34800 1.9965424999999999
0.34900 2.022465
0.35000 2.046755
0.35100 2.071045
0.35200 2.0955174999999997
0.35300 2.11999
0.35400 2.146125
0.35500 2.17226
0.35600 2.1991
0.35700 2.22594
0.35800 2.2519325
0.35900 2.277925
0.36000 2.3017075
0.36100 2.32549
0.36200 2.3489375
0.36300 2.372385
0.36400 2.3965674999999997
0.36500 2.42075
0.36600 2.4457125
0.36700 2.470675
0.36800 2.4954099999999997
0.36900 2.520145
0.37000 2.543
0.37100 2.565855
0.37200 2.5878975
0.37300 2.60994
0.37400 2.6317575
0.37500 2.653575
0.37600 2.67479
0.37700 2.696005
0.37800 2.7171175
0.37900 2.73823
0.38000 2.75903
0.38100 2.77983
0.38200 2.80029
0.38300 2.82075
0.38400 2.8406925
0.38500 2.860635
0.38600 2.8765925
0.38700 2.89255
0.38800 2.90674
0.38900 2.92093
0.39000 2.935365
0.39100 2.9498
0.39200 2.9649150000000004
0.39300 2.98003
0.39400 2.995235
0.39500 3.01044
0.39600 3.02379
0.39700 3.03714
0.39800 3.0484425
0.39900 3.059745
0.40000 3.0710100000000002
0.40100 3.082275
0.40200 3.0937825
0.40300 3.10529
0.40400 3.116905
0.40500 3.12852
0.40600 3.1394275
0.40700 3.150335
0.40800 3.1592525
0.40900 3.16817
0.41000 3.1767425
0.41100 3.185315
0.41200 3.19372
0.41300 3.202125
0.41400 3.21034
0.41500 3.218555
0.41600 3.2265800000000002
0.41700 3.234605
0.41800 3.2411325
0.41900 3.24766
0.42000 3.2534925
0.42100 3.259325
0.42200 3.2648125
0.42300 3.2703
0.42400 3.274795
0.42500 3.27929
0.42600 3.2836024999999998
0.42700 3.287915
0.42800 3.2913924999999997
0.42900 3.29487
0.43000 3.29738
0.43100 3.29989
0.43200 3.3021525
0.43300 3.304415
0.43400 3.304815
0.43500 3.305215
0.43600 3.30473
0.43700 3.304245
0.43800 3.3035175
0.43900 3.30279
0.44000 3.3013424999999996
0.44100 3.299895
0.44200 3.2983075
0.44300 3.29672
0.44400 3.2936300000000003
0.44500 3.29054
0.44600 3.28568
0.44700 3.28082
0.44800 3.275855
0.44900 3.27089
0.45000 3.2655950000000002
0.45100 3.2603
0.45200 3.2548475
0.45300 3.249395
0.45400 3.243495
0.45500 3.237595
0.45600 3.230345
0.45700 3.223095
0.45800 3.2155924999999996
0.45900 3.20809
0.46000 3.2001225
0.46100 3.192155
0.46200 3.183625
0.46300 3.175095
0.46400 3.1665075
0.46500 3.15792
0.46600 3.1490225
0.46700 3.140125
0.46800 3.1310775
0.46900 3.12203
0.47000 3.1126
0.47100 3.10317
0.47200 3.0925725
0.47300 3.081975
0.47400 3.071155
0.47500 3.060335
0.47600 3.04955
0.47700 3.038765
0.47800 3.02802
0.47900 3.017275
0.48000 3.0064125
0.48100 2.99555
0.48200 2.9835575
0.48300 2.971565
0.48400 2.9589925
0.48500 2.94642
0.48600 2.93405
0.48700 2.92168
0.48800 2.9099424999999997
0.48900 2.898205
0.49000 2.88659
0.49100 2.874975
0.49200 2.862795
0.49300 2.850615
0.49400 2.837725
0.49500 2.824835
0.49600 2.812015
0.49700 2.799195
0.49800 2.7874125000000003
0.49900 2.77563
0.50000 2.764385
0.50100 2.75314
0.50200 2.7416025
0.50300 2.730065
0.50400 2.7175725
0.50500 2.70508
0.50600 2.6924
0.50700 2.67972
0.50800 2.667675
0.50900 2.65563
0.51000 2.6444075
0.51100 2.633185
0.51200 2.621905
0.51300 2.610625
0.51400 2.598355
0.51500 2.586085
0.51600 2.5732825000000004
0.51700 2.56048
0.51800 2.5479700000000003
0.51900 2.53546
0.52000 2.523915
0.52100 2.51237
0.52200 2.501035
0.52300 2.4897
0.52400 2.4824900000000003
0.52500 2.47528
0.52600 2.4735050000000003
0.52700 2.47173
0.52800 2.4702325
0.52900 2.468735
