0.00000 -0.00801143823108911
0.00100 -0.01602287646217822
0.00200 -0.024034314693267333
0.00300 -0.021886698684400446
0.00400 -0.019739082675533554
0.00500 -0.017591466666666666
0.00600 -0.015443855555555554
0.00700 -0.013296244444444445
0.00800 -0.011148633333333333
0.00900 -0.0037365777777777776
0.01000 0.0036754777777777783
0.01100 0.011087533333333335
0.01200 0.02674868888888889
0.01300 0.04240984444444445
0.01400 0.058071000000000005
0.01500 0.07441977777777778
0.01600 0.09076855555555556
0.01700 0.10711733333333334
0.01800 0.12472366666666668
0.01900 0.14232999999999998
0.02000 0.15993633333333332
0.02100 0.17836488888888888
0.02200 0.19679344444444444
0.02300 0.215222
0.02400 0.23331044444444446
0.02500 0.2513988888888889
0.02600 0.26948733333333336
0.02700 0.2861831111111111
0.02800 0.30287888888888886
0.02900 0.3195746666666667
0.03000 0.3359131111111111
0.03100 0.3522515555555555
0.03200 0.36859
0.03300 0.38560555555555553
0.03400 0.4026211111111111
0.03500 0.41963666666666666
0.03600 0.4377377777777778
0.03700 0.4558388888888889
0.03800 0.47394000000000003
0.03900 0.4920233333333333
0.04000 0.5101066666666667
0.04100 0.52819
0.04200 0.5447577777777778
0.04300 0.5613255555555555
0.04400 0.5778933333333334
0.04500 0.5934466666666667
0.04600 0.6090000000000001
0.04700 0.6245533333333334
0.04800 0.6403144444444445
0.04900 0.6560755555555555
0.05000 0.6718366666666666
0.05100 0.6884722222222223
0.05200 0.7051077777777778
0.05300 0.7217433333333334
0.05400 0.7386088888888889
0.05500 0.7554744444444444
0.05600 0.7723399999999999
0.05700 0.7882266666666666
0.05800 0.8041133333333333
0.05900 0.82
0.06000 0.8342777777777778
0.06100 0.8485555555555555
0.06200 0.8628333333333332
0.06300 0.8769688888888889
0.06400 0.8911044444444444
0.06500 0.90524
0.06600 0.9191433333333334
0.06700 0.9330466666666667
0.06800 0.9469500000000001
0.06900 0.9606944444444445
0.07000 0.9744388888888889
0.07100 0.9881833333333333
0.07200 1.001458888888889
0.07300 1.0147344444444444
0.07400 1.0280099999999999
0.07500 1.039261111111111
0.07600 1.0505122222222223
0.07700 1.0617633333333334
0.07800 1.072468888888889
0.07900 1.0831744444444444
0.08000 1.09388
0.08100 1.104051111111111
0.08200 1.1142222222222222
0.08300 1.1243933333333334
0.08400 1.1336677777777777
0.08500 1.1429422222222223
0.08600 1.1522166666666667
0.08700 1.161342222222222
0.08800 1.1704677777777779
0.08900 1.1795933333333333
0.09000 1.1874833333333334
0.09100 1.1953733333333332
0.09200 1.2032633333333334
0.09300 1.2102855555555554
0.09400 1.2173077777777779
0.09500 1.22433
0.09600 1.2310977777777778
0.09700 1.2378655555555556
0.09800 1.2446333333333335
0.09900 1.2502755555555556
0.10000 1.2559177777777777
0.10100 1.26156
0.10200 1.266891111111111
0.10300 1.2722222222222224
0.10400 1.2775533333333333
0.10500 1.2825322222222224
0.10600 1.287511111111111
0.10700 1.2924900000000001
0.10800 1.29686
0.10900 1.30123
0.11000 1.3055999999999999
0.11100 1.309862222222222
0.11200 1.3141244444444444
0.11300 1.3183866666666666
0.11400 1.3216788888888888
0.11500 1.324971111111111
0.11600 1.3282633333333334
0.11700 1.3308577777777777
0.11800 1.3334522222222223
0.11900 1.3360466666666666
0.12000 1.338618888888889
0.12100 1.341191111111111
0.12200 1.3437633333333334
0.12300 1.3462344444444445
0.12400 1.3487055555555558
0.12500 1.3511766666666667
0.12600 1.3536177777777778
0.12700 1.356058888888889
0.12800 1.3585
0.12900 1.3606377777777778
0.13000 1.3627755555555554
0.13100 1.3649133333333332
0.13200 1.3665122222222221
0.13300 1.3681111111111113
0.13400 1.3697100000000002
0.13500 1.3712877777777779
0.13600 1.3728655555555556
0.13700 1.3744433333333335
0.13800 1.3764977777777778
0.13900 1.3785522222222222
0.14000 1.3806066666666668
0.14100 1.3830077777777776
0.14200 1.385408888888889
0.14300 1.38781
0.14400 1.3903800000000002
0.14500 1.39295
0.14600 1.39552
0.14700 1.3988611111111113
0.14800 1.4022022222222221
0.14900 1.4055433333333334
0.15000 1.40911
0.15100 1.4126766666666668
0.15200 1.4162433333333333
0.15300 1.4202755555555555
0.15400 1.424307777777778
0.15500 1.4283400000000002
0.15600 1.4332155555555557
0.15700 1.4380911111111112
0.15800 1.4429666666666667
0.15900 1.4479377777777778
0.16000 1.4529088888888888
0.16100 1.45788
0.16200 1.463202222222222
0.16300 1.4685244444444445
0.16400 1.4738466666666667
0.16500 1.4794333333333334
0.16600 1.4850200000000002
0.16700 1.4906066666666666
0.16800 1.4963899999999999
0.16900 1.5021733333333334
0.17000 1.5079566666666666
0.17100 1.5146733333333333
0.17200 1.52139
0.17300 1.5281066666666667
0.17400 1.5351011111111112
0.17500 1.5420955555555553
0.17600 1.5490899999999999
0.17700 1.5559966666666665
0.17800 1.5629033333333335
0.17900 1.5698100000000001
0.18000 1.5765566666666668
0.18100 1.5833033333333333
0.18200 1.59005
0.18300 1.5968144444444443
0.18400 1.603578888888889
0.18500 1.6103433333333335
0.18600 1.6177866666666667
0.18700 1.62523
0.18800 1.6326733333333332
0.18900 1.64064
0.19000 1.6486066666666666
0.19100 1.6565733333333332
0.19200 1.664438888888889
0.19300 1.6723044444444444
0.19400 1.6801700000000002
0.19500 1.6875377777777778
0.19600 1.6949055555555557
0.19700 1.7022733333333333
0.19800 1.70949
0.19900 1.7167066666666668
0.20000 1.7239233333333335
0.20100 1.7318233333333335
0.20200 1.7397233333333333
0.20300 1.7476233333333333
0.20400 1.7568166666666667
0.20500 1.7660099999999999
0.20600 1.7752033333333335
0.20700 1.7845055555555556
0.20800 1.7938077777777777
0.20900 1.80311
0.21000 1.8120055555555554
0.21100 1.8209011111111113
0.21200 1.8297966666666667
0.21300 1.8383722222222223
0.21400 1.8469477777777776
0.21500 1.8555233333333332
0.21600 1.8649933333333333
0.21700 1.8744633333333331
0.21800 1.8839333333333332
0.21900 1.8979233333333332
0.22000 1.9119133333333334
0.22100 1.9259033333333333
0.22200 1.9413055555555554
0.22300 1.956707777777778
0.22400 1.97211
0.22500 1.9878866666666666
0.22600 2.0036633333333334
0.22700 2.01944
0.22800 2.0359444444444446
0.22900 2.0524488888888888
0.23000 2.0689533333333334
0.23100 2.0856066666666666
0.23200 2.10226
0.23300 2.1189133333333334
0.23400 2.13726
0.23500 2.155606666666667
0.23600 2.1739533333333334
0.23700 2.1936577777777777
0.23800 2.2133622222222225
0.23900 2.2330666666666668
0.24000 2.2531922222222223
0.24100 2.2733177777777778
0.24200 2.2934433333333333
0.24300 2.3157133333333335
0.24400 2.3379833333333333
0.24500 2.360253333333333
0.24600 2.383207777777778
0.24700 2.406162222222222
0.24800 2.429116666666667
0.24900 2.45218
0.25000 2.4752433333333332
0.25100 2.4983066666666667
0.25200 2.5215866666666664
0.25300 2.5448666666666666
0.25400 2.568146666666667
0.25500 2.5915455555555558
0.25600 2.6149444444444443
0.25700 2.6383433333333333
0.25800 2.66406
0.25900 2.689776666666667
0.26000 2.7154933333333333
0.26100 2.743107777777778
0.26200 2.770722222222222
0.26300 2.7983366666666663
0.26400 2.8258377777777777
0.26500 2.8533388888888886
0.26600 2.8808399999999996
0.26700 2.9076711111111107
0.26800 2.9345022222222226
0.26900 2.9613333333333336
0.27000 2.9879444444444445
0.27100 3.0145555555555554
0.27200 3.041166666666667
0.27300 3.069257777777778
0.27400 3.0973488888888885
0.27500 3.1254399999999998
0.27600 3.156538888888889
0.27700 3.1876377777777773
0.27800 3.2187366666666666
0.27900 3.2501200000000003
0.28000 3.281503333333333
0.28100 3.312886666666667
0.28200 3.343068888888889
0.28300 3.373251111111111
0.28400 3.4034333333333335
0.28500 3.432611111111111
0.28600 3.4617888888888886
0.28700 3.4909666666666666
0.28800 3.5208666666666666
0.28900 3.5507666666666666
0.29000 3.580666666666667
0.29100 3.614588888888889
0.29200 3.648511111111111
0.29300 3.6824333333333334
0.29400 3.7176888888888886
0.29500 3.7529444444444446
0.29600 3.7882
0.29700 3.8226777777777774
0.29800 3.8571555555555554
0.29900 3.891633333333333
0.30000 3.924466666666666
0.30100 3.9573
0.30200 3.990133333333333
0.30300 4.0229
0.30400 4.055666666666666
0.30500 4.088433333333334
0.30600 4.123988888888889
0.30700 4.159544444444444
0.30800 4.1951
0.30900 4.233055555555556
0.31000 4.271011111111111
0.31100 4.308966666666667
0.31200 4.346466666666667
0.31300 4.383966666666667
0.31400 4.421466666666666
0.31500 4.456333333333333
0.31600 4.4912
0.31700 4.526066666666667
0.31800 4.560022222222222
0.31900 4.593977777777778
0.32000 4.627933333333334
0.32100 4.663122222222222
0.32200 4.698311111111111
0.32300 4.7335
0.32400 4.771277777777778
0.32500 4.809055555555555
0.32600 4.8468333333333335
0.32700 4.884855555555555
0.32800 4.922877777777778
0.32900 4.9609
0.33000 4.997188888888889
0.33100 5.033477777777778
0.33200 5.069766666666667
0.33300 5.1045444444444446
0.33400 5.139322222222222
0.33500 5.1741
0.33600 5.208844444444444
0.33700 5.2435888888888895
0.33800 5.278333333333333
0.33900 5.313033333333334
0.34000 5.347733333333334
0.34100 5.382433333333334
0.34200 5.417133333333333
0.34300 5.451833333333333
0.34400 5.486533333333333
0.34500 5.521377777777777
0.34600 5.556222222222222
0.34700 5.591066666666666
0.34800 5.6262333333333325
0.34900 5.6614
0.35000 5.696566666666667
0.35100 5.7316777777777785
0.35200 5.766788888888889
0.35300 5.8019
0.35400 5.833666666666667
0.35500 5.865433333333333
0.35600 5.897200000000001
0.35700 5.9259666666666675
0.35800 5.954733333333333
0.35900 5.9835
0.36000 6.0127555555555565
0.36100 6.042011111111111
0.36200 6.071266666666666
0.36300 6.103633333333334
0.36400 6.135999999999999
0.36500 6.1683666666666666
0.36600 6.201833333333333
0.36700 6.2353
0.36800 6.268766666666667
0.36900 6.301777777777779
0.37000 6.334788888888888
0.37100 6.3678
0.37200 6.399788888888889
0.37300 6.4317777777777785
0.37400 6.463766666666667
0.37500 6.4957
0.37600 6.527633333333333
0.37700 6.559566666666666
0.37800 6.594166666666666
0.37900 6.628766666666667
0.38000 6.6633666666666675
0.38100 6.700377777777778
0.38200 6.73738888888889
0.38300 6.7744
0.38400 6.8111444444444444
0.38500 6.847888888888889
0.38600 6.884633333333333
0.38700 6.919477777777778
0.38800 6.954322222222223
0.38900 6.989166666666667
0.39000 7.0233
0.39100 7.057433333333333
0.39200 7.091566666666666
0.39300 7.127033333333333
0.39400 7.1625000000000005
0.39500 7.197966666666667
0.39600 7.236466666666668
0.39700 7.274966666666667
0.39800 7.313466666666667
0.39900 7.3523
0.40000 7.391133333333333
0.40100 7.429966666666666
0.40200 7.466611111111111
0.40300 7.503255555555556
0.40400 7.5399
0.40500 7.574511111111112
0.40600 7.609122222222222
0.40700 7.6437333333333335
0.40800 7.678688888888889
0.40900 7.713644444444444
0.41000 7.7486
0.41100 7.7858777777777775
0.41200 7.823155555555555
0.41300 7.860433333333333
0.41400 7.898588888888889
0.41500 7.936744444444444
0.41600 7.974900000000001
0.41700 8.011688888888889
0.41800 8.048477777777778
0.41900 8.085266666666667
0.42000 8.118855555555555
0.42100 8.152444444444445
0.42200 8.186033333333333
0.42300 8.219222222222223
0.42400 8.25241111111111
0.42500 8.2856
0.42600 8.3197
0.42700 8.3538
0.42800 8.3879
0.42900 8.422855555555556
0.43000 8.457811111111111
0.43100 8.492766666666666
0.43200 8.527244444444444
0.43300 8.561722222222222
0.43400 8.5962
0.43500 8.62748888888889
0.43600 8.658777777777777
0.43700 8.690066666666667
0.43800 8.720133333333333
0.43900 8.750200000000001
0.44000 8.780266666666668
0.44100 8.811344444444446
0.44200 8.842422222222222
0.44300 8.8735
0.44400 8.907
0.44500 8.9405
0.44600 8.974
0.44700 9.007822222222222
0.44800 9.041644444444445
0.44900 9.075466666666667
0.45000 9.108655555555556
0.45100 9.141844444444445
0.45200 9.175033333333333
0.45300 9.207611111111111
0.45400 9.24018888888889
0.45500 9.272766666666667
0.45600 9.305066666666667
0.45700 9.337366666666666
0.45800 9.369666666666667
0.45900 9.400244444444445
0.46000 9.430822222222222
0.46100 9.4614
0.46200 9.491288888888889
0.46300 9.521177777777778
0.46400 9.551066666666665
0.46500 9.581544444444445
0.46600 9.61202222222222
0.46700 9.6425
0.46800 9.674377777777778
0.46900 9.706255555555556
0.47000 9.738133333333334
0.47100 9.770155555555556
0.47200 9.802177777777779
0.47300 9.834200000000001
0.47400 9.863566666666667
0.47500 9.892933333333334
0.47600 9.9223
0.47700 9.94901111111111
0.47800 9.975722222222222
0.47900 10.002433333333334
0.48000 10.029300000000001
0.48100 10.056166666666666
0.48200 10.083033333333333
0.48300 10.111377777777777
0.48400 10.139722222222222
0.48500 10.168066666666666
0.48600 10.196988888888889
0.48700 10.225911111111111
0.48800 10.254833333333334
0.48900 10.282277777777779
0.49000 10.309722222222222
0.49100 10.337166666666667
0.49200 10.360888888888889
0.49300 10.384611111111111
0.49400 10.408333333333333
0.49500 10.431511111111112
0.49600 10.454688888888889
0.49700 10.477866666666666
0.49800 10.501199999999999
0.49900 10.524533333333332
0.50000 10.547866666666666
0.50100 10.571333333333333
0.50200 10.594800000000001
0.50300 10.618266666666667
0.50400 10.641211111111112
0.50500 10.664155555555556
0.50600 10.687100000000001
0.50700 10.706222222222223
0.50800 10.725344444444445
0.50900 10.744466666666668
0.51000 10.762
0.51100 10.779533333333333
0.51200 10.797066666666666
0.51300 10.814344444444444
0.51400 10.831622222222222
0.51500 10.8489
0.51600 10.865499999999999
0.51700 10.882100000000001
0.51800 10.8987
0.51900 10.915155555555556
0.52000 10.931611111111112
0.52100 10.948066666666668
0.52200 10.962422222222223
0.52300 10.976777777777777
0.52400 10.991133333333332
0.52500 11.003322222222222
0.52600 11.015511111111111
0.52700 11.027700000000001
0.52800 11.039655555555555
0.52900 11.051611111111113
0.53000 11.063566666666667
0.53100 11.074122222222222
0.53200 11.084677777777777
0.53300 11.095233333333333
0.53400 11.105199999999998
0.53500 11.115166666666667
0.53600 11.125133333333332
0.53700 11.1344
0.53800 11.143666666666666
0.53900 11.152933333333332
0.54000 11.160355555555554
0.54100 11.167777777777777
0.54200 11.175199999999998
0.54300 11.18231111111111
0.54400 11.189422222222221
0.54500 11.196533333333333
0.54600 11.20211111111111
0.54700 11.207688888888889
0.54800 11.213266666666668
0.54900 11.21718888888889
0.55000 11.221111111111112
0.55100 11.225033333333334
0.55200 11.2288
0.55300 11.232566666666669
0.55400 11.236333333333334
0.55500 11.239111111111113
0.55600 11.241888888888889
0.55700 11.244666666666667
0.55800 11.247022222222222
0.55900 11.249377777777779
0.56000 11.251733333333334
0.56100 11.252844444444444
0.56200 11.253955555555557
0.56300 11.255066666666666
0.56400 11.252877777777778
0.56500 11.250688888888888
0.56600 11.2485
0.56700 11.245755555555554
0.56800 11.24301111111111
0.56900 11.240266666666665
0.57000 11.23681111111111
0.57100 11.233355555555555
0.57200 11.2299
0.57300 11.225655555555555
0.57400 11.221411111111111
0.57500 11.217166666666666
0.57600 11.212544444444445
0.57700 11.207922222222223
0.57800 11.2033
0.57900 11.195833333333335
0.58000 11.188366666666667
0.58100 11.180900000000001
0.58200 11.172177777777778
0.58300 11.163455555555556
0.58400 11.154733333333333
0.58500 11.14552222222222
0.58600 11.136311111111112
0.58700 11.1271
0.58800 11.116555555555557
0.58900 11.10601111111111
0.59000 11.095466666666667
0.59100 11.08468888888889
0.59200 11.07391111111111
0.59300 11.063133333333333
0.59400 11.051833333333333
0.59500 11.040533333333334
0.59600 11.029233333333332
0.59700 11.017366666666666
0.59800 11.0055
0.59900 10.993633333333333
0.60000 10.981577777777778
0.60100 10.969522222222222
0.60200 10.957466666666667
0.60300 10.944044444444444
0.60400 10.930622222222224
0.60500 10.917200000000001
0.60600 10.903155555555557
0.60700 10.889111111111111
0.60800 10.875066666666667
0.60900 10.861177777777778
0.61000 10.847288888888889
0.61100 10.8334
0.61200 10.820011111111112
0.61300 10.806622222222222
0.61400 10.793233333333333
0.61500 10.7799
0.61600 10.766566666666668
0.61700 10.753233333333334
0.61800 10.738822222222224
0.61900 10.724411111111111
0.62000 10.71
0.62100 10.694366666666667
0.62200 10.678733333333334
0.62300 10.6631
0.62400 10.647522222222223
0.62500 10.631944444444445
0.62600 10.616366666666666
0.62700 10.60158888888889
0.62800 10.586811111111112
0.62900 10.572033333333334
0.63000 10.557622222222223
0.63100 10.54321111111111
0.63200 10.5288
0.63300 10.513822222222222
0.63400 10.498844444444444
0.63500 10.483866666666666
0.63600 10.467255555555555
0.63700 10.450644444444444
0.63800 10.434033333333334
0.63900 10.417144444444444
0.64000 10.400255555555555
0.64100 10.383366666666666
0.64200 10.36721111111111
0.64300 10.351055555555556
0.64400 10.3349
0.64500 10.3196
0.64600 10.3043
0.64700 10.289
0.64800 10.273622222222222
0.64900 10.258244444444445
0.65000 10.242866666666666
0.65100 10.226655555555554
0.65200 10.210444444444445
0.65300 10.194233333333333
0.65400 10.17761111111111
0.65500 10.16098888888889
0.65600 10.144366666666667
0.65700 10.128233333333332
0.65800 10.1121
0.65900 10.095966666666667
0.66000 10.081266666666666
0.66100 10.066566666666667
0.66200 10.051866666666667
0.66300 10.037422222222222
0.66400 10.022977777777777
0.66500 10.008533333333334
0.66600 9.994911111111112
0.66700 9.981288888888889
0.66800 9.967666666666666
0.66900 9.955
0.67000 9.942333333333334
0.67100 9.929666666666668
0.67200 9.917155555555556
0.67300 9.904644444444445
0.67400 9.892133333333334
0.67500 9.880666666666666
0.67600 9.869200000000001
0.67700 9.857733333333334
0.67800 9.84678888888889
0.67900 9.835844444444444
0.68000 9.8249
0.68100 9.81491111111111
0.68200 9.804922222222222
0.68300 9.794933333333333
0.68400 9.787855555555556
0.68500 9.780777777777777
0.68600 9.7737
0.68700 9.767166666666666
0.68800 9.760633333333333
0.68900 9.7541
0.69000 9.74788888888889
0.69100 9.741677777777777
0.69200 9.735466666666666
0.69300 9.729633333333334
0.69400 9.723799999999999
0.69500 9.717966666666667
0.69600 9.712455555555556
0.69700 9.706944444444444
0.69800 9.701433333333332
0.69900 9.698577777777777
0.70000 9.695722222222223
0.70100 9.692866666666667
0.70200 9.691344444444445
0.70300 9.689822222222222
0.70400 9.6883
0.70500 9.6871
0.70600 9.6859
0.70700 9.6847
0.70800 9.684488888888888
0.70900 9.684277777777778
0.71000 9.684066666666666
0.71100 9.684044444444444
0.71200 9.684022222222222
0.71300 9.684
0.71400 9.6855
0.71500 9.687
0.71600 9.6885
0.71700 9.691888888888888
0.71800 9.695277777777777
0.71900 9.698666666666666
0.72000 9.702288888888889
0.72100 9.705911111111112
0.72200 9.709533333333333
0.72300 9.714755555555556
0.72400 9.719977777777776
0.72500 9.7252
0.72600 9.731244444444444
0.72700 9.737288888888889
0.72800 9.743333333333334
0.72900 9.749766666666668
0.73000 9.7562
0.73100 9.762633333333333
0.73200 9.770344444444445
0.73300 9.778055555555556
0.73400 9.785766666666666
0.73500 9.793722222222222
0.73600 9.801677777777778
0.73700 9.809633333333332
0.73800 9.818133333333334
0.73900 9.826633333333334
0.74000 9.835133333333333
0.74100 9.844333333333333
0.74200 9.853533333333333
0.74300 9.862733333333333
0.74400 9.8719
0.74500 9.881066666666667
0.74600 9.890233333333333
0.74700 9.898844444444444
0.74800 9.907455555555556
0.74900 9.916066666666667
0.75000 9.92438888888889
0.75100 9.93271111111111
0.75200 9.941033333333333
0.75300 9.949566666666668
0.75400 9.9581
0.75500 9.966633333333332
0.75600 9.975877777777777
0.75700 9.985122222222222
0.75800 9.994366666666666
0.75900 10.003744444444445
0.76000 10.013122222222222
0.76100 10.022499999999999
0.76200 10.0314
0.76300 10.0403
0.76400 10.0492
0.76500 10.0575
0.76600 10.065800000000001
0.76700 10.0741
0.76800 10.082466666666667
0.76900 10.090833333333334
0.77000 10.0992
0.77100 10.108555555555556
0.77200 10.11791111111111
0.77300 10.127266666666666
0.77400 10.137144444444443
0.77500 10.147022222222223
0.77600 10.1569
0.77700 10.166577777777778
0.77800 10.176255555555555
0.77900 10.185933333333333
0.78000 10.194933333333333
0.78100 10.203933333333334
0.78200 10.212933333333334
0.78300 10.22178888888889
0.78400 10.230644444444444
0.78500 10.2395
0.78600 10.245133333333333
0.78700 10.250766666666667
0.78800 10.256400000000001
0.78900 10.25778888888889
0.79000 10.259177777777778
0.79100 10.260566666666668
0.79200 10.261744444444444
0.79300 10.262922222222223
0.79400 10.264100000000001
