0.00000 -0.00229066343723584
0.00100 -0.00458132687447168
0.00200 -0.00687199031170752
0.00300 -0.00916265374894336
0.00400 -0.0114533171861792
0.00500 -0.01374398062341504
0.00600 -0.01603464406065088
0.00700 -0.01832530749788672
0.00800 -0.02061597093512256
0.00900 -0.0229066343723584
0.01000 -0.02293747093512256
0.01100 -0.02296830749788672
0.01200 -0.02299914406065088
0.01300 -0.02302998062341504
0.01400 -0.0230608171861792
0.01500 -0.023091653748943362
0.01600 -0.02312249031170752
0.01700 -0.02315332687447168
0.01800 -0.02318416343723584
0.01900 -0.023215
0.02000 -0.02324584
0.02100 -0.02327668
0.02200 -0.023307519999999998
0.02300 -0.02333836
0.02400 -0.0233692
0.02500 -0.02340004
0.02600 -0.023430879999999998
0.02700 -0.02346172
0.02800 -0.023492560000000003
0.02900 -0.0235234
0.03000 -0.02362984
0.03100 -0.023736280000000002
0.03200 -0.02384272
0.03300 -0.02394916
0.03400 -0.0240556
0.03500 -0.024162040000000003
0.03600 -0.024268480000000002
0.03700 -0.02437492
0.03800 -0.02448136
0.03900 -0.0245878
0.04000 -0.0248127
0.04100 -0.0250376
0.04200 -0.0252625
0.04300 -0.0254874
0.04400 -0.0257123
0.04500 -0.0259372
0.04600 -0.0261621
0.04700 -0.026387
0.04800 -0.0266119
0.04900 -0.0268368
0.05000 -0.027072000000000002
0.05100 -0.027307199999999997
0.05200 -0.0275424
0.05300 -0.027777599999999996
0.05400 -0.028012799999999997
0.05500 -0.028248000000000002
0.05600 -0.028483199999999997
0.05700 -0.028718399999999998
0.05800 -0.028953599999999996
0.05900 -0.029188799999999997
0.06000 -0.02944825
0.06100 -0.029707699999999997
0.06200 -0.029967149999999998
0.06300 -0.0302266
0.06400 -0.030486049999999997
0.06500 -0.0307455
0.06600 -0.031004949999999996
0.06700 -0.0312644
0.06800 -0.03152385
0.06900 -0.0317833
0.07000 -0.03205859
0.07100 -0.032333879999999995
0.07200 -0.03260917
0.07300 -0.03288446
0.07400 -0.03315975
0.07500 -0.03343504
0.07600 -0.03371033
0.07700 -0.03398562
0.07800 -0.03426091
0.07900 -0.0345362
0.08000 -0.03481143
0.08100 -0.035086660000000006
0.08200 -0.03536189
0.08300 -0.03563712
0.08400 -0.03591235
0.08500 -0.036187580000000004
0.08600 -0.03646281
0.08700 -0.03673804
0.08800 -0.03701327
0.08900 -0.0372885
0.09000 -0.03756351
0.09100 -0.03783852
0.09200 -0.03811353
0.09300 -0.038388540000000006
0.09400 -0.038663550000000005
0.09500 -0.03893856
0.09600 -0.03921357
0.09700 -0.03948858
0.09800 -0.03976359
0.09900 -0.0400386
0.10000 -0.040313550000000004
0.10100 -0.0405885
0.10200 -0.04086345
0.10300 -0.041138400000000006
0.10400 -0.04141335
0.10500 -0.0416883
0.10600 -0.04196325
0.10700 -0.042238200000000004
0.10800 -0.04251315
0.10900 -0.0427881
0.11000 -0.04307777
0.11100 -0.04336744
0.11200 -0.04365711
0.11300 -0.043946780000000005
0.11400 -0.04423645
0.11500 -0.044526119999999995
0.11600 -0.04481579
0.11700 -0.04510546
0.11800 -0.04539513
0.11900 -0.0456848
0.12000 -0.04599809
0.12100 -0.04631138
0.12200 -0.04662467
0.12300 -0.04693796
0.12400 -0.04725125
0.12500 -0.04756454
0.12600 -0.047877829999999996
0.12700 -0.048191120000000004
0.12800 -0.048504410000000005
0.12900 -0.048817700000000006
0.13000 -0.049131610000000006
0.13100 -0.04944552000000001
0.13200 -0.04975943000000001
0.13300 -0.05007334
0.13400 -0.05038725000000001
0.13500 -0.05070116
0.13600 -0.05101507000000001
0.13700 -0.05132898
0.13800 -0.05164289000000001
0.13900 -0.051956800000000004
0.14000 -0.05225316
0.14100 -0.05254952
0.14200 -0.05284588
0.14300 -0.05314224000000001
0.14400 -0.0534386
0.14500 -0.05373496
0.14600 -0.05403132000000001
0.14700 -0.05432768
0.14800 -0.054624040000000006
0.14900 -0.0549204
0.15000 -0.055205000000000004
0.15100 -0.05548960000000001
0.15200 -0.055774199999999996
0.15300 -0.0560588
0.15400 -0.0563434
0.15500 -0.056628
0.15600 -0.0569126
0.15700 -0.05719719999999999
0.15800 -0.05748179999999999
0.15900 -0.057766399999999996
0.16000 -0.05805688
0.16100 -0.058347359999999994
0.16200 -0.05863784
0.16300 -0.05892832
0.16400 -0.059218799999999995
0.16500 -0.05950928
0.16600 -0.05979976
0.16700 -0.06009024
0.16800 -0.06038072
0.16900 -0.0606712
0.17000 -0.060986320000000004
0.17100 -0.061301440000000006
0.17200 -0.06161656
0.17300 -0.06193168
0.17400 -0.062246800000000005
0.17500 -0.06256192000000001
0.17600 -0.06287704000000001
0.17700 -0.06319216
0.17800 -0.06350728
0.17900 -0.0638224
0.18000 -0.06414402
0.18100 -0.06446564
0.18200 -0.06478726
0.18300 -0.06510888000000001
0.18400 -0.0654305
0.18500 -0.06575212
0.18600 -0.06607374
0.18700 -0.06639536
0.18800 -0.06671698000000001
0.18900 -0.0670386
0.19000 -0.06734647
0.19100 -0.06765434000000001
0.19200 -0.06796221
0.19300 -0.06827008
0.19400 -0.06857795
0.19500 -0.06888582000000001
0.19600 -0.06919369
0.19700 -0.06950156
0.19800 -0.06980943
0.19900 -0.07011730000000001
0.20000 -0.07040261
0.20100 -0.07068792
0.20200 -0.07097323
0.20300 -0.07125854000000001
0.20400 -0.07154385
0.20500 -0.07182916
0.20600 -0.07211447
0.20700 -0.07239978
0.20800 -0.07268509000000001
0.20900 -0.0729704
0.21000 -0.07325551
0.21100 -0.07354062
0.21200 -0.07382573
0.21300 -0.07411084
0.21400 -0.07439595
0.21500 -0.07468106
0.21600 -0.07496617
0.21700 -0.07525128
0.21800 -0.07553639
0.21900 -0.0758215
0.22000 -0.07613166
0.22100 -0.07644182
0.22200 -0.07675198
0.22300 -0.07706214
0.22400 -0.07737229999999999
0.22500 -0.07768246
0.22600 -0.07799262
0.22700 -0.07830278
0.22800 -0.07861293999999999
0.22900 -0.0789231
0.23000 -0.07925042
0.23100 -0.07957774
0.23200 -0.07990506
0.23300 -0.08023238
0.23400 -0.0805597
0.23500 -0.08088702
0.23600 -0.08121434
0.23700 -0.08154166
0.23800 -0.08186898000000001
0.23900 -0.0821963
0.24000 -0.08251834999999999
0.24100 -0.08284040000000001
0.24200 -0.08316245
0.24300 -0.0834845
0.24400 -0.08380655000000001
0.24500 -0.0841286
0.24600 -0.08445065
0.24700 -0.0847727
0.24800 -0.08509475000000001
0.24900 -0.0854168
0.25000 -0.08571608
0.25100 -0.08601536000000001
0.25200 -0.08631464
0.25300 -0.08661392
0.25400 -0.0869132
0.25500 -0.08721248000000001
0.25600 -0.08751176000000001
0.25700 -0.08781103999999999
0.25800 -0.08811031999999999
0.25900 -0.0884096
0.26000 -0.08870274
0.26100 -0.08899588
0.26200 -0.08928902
0.26300 -0.08958216
0.26400 -0.0898753
0.26500 -0.09016844
0.26600 -0.09046158000000001
0.26700 -0.09075472
0.26800 -0.09104786000000001
0.26900 -0.091341
0.27000 -0.09164852
0.27100 -0.09195604
0.27200 -0.09226356
0.27300 -0.09257108
0.27400 -0.0928786
0.27500 -0.09318612
0.27600 -0.09349364
0.27700 -0.09380116
0.27800 -0.09410868
0.27900 -0.09441619999999999
0.28000 -0.09474790999999999
0.28100 -0.09507962
0.28200 -0.09541132999999999
0.28300 -0.09574304
0.28400 -0.09607475
0.28500 -0.09640646
0.28600 -0.09673817
0.28700 -0.09706988
0.28800 -0.09740159000000001
0.28900 -0.0977333
0.29000 -0.09806567000000001
0.29100 -0.09839803999999999
0.29200 -0.09873041
0.29300 -0.09906277999999999
0.29400 -0.09939515
0.29500 -0.09972752
0.29600 -0.10005989
0.29700 -0.10039225999999998
0.29800 -0.10072463000000001
0.29900 -0.101057
0.30000 -0.10136769999999999
0.30100 -0.10167839999999999
0.30200 -0.10198909999999999
0.30300 -0.10229979999999998
0.30400 -0.10261049999999998
0.30500 -0.1029212
0.30600 -0.1032319
0.30700 -0.1035426
0.30800 -0.1038533
0.30900 -0.10416399999999999
0.31000 -0.1044595
0.31100 -0.104755
0.31200 -0.1050505
0.31300 -0.10534600000000001
0.31400 -0.10564149999999999
0.31500 -0.10593699999999999
0.31600 -0.1062325
0.31700 -0.106528
0.31800 -0.1068235
0.31900 -0.107119
0.32000 -0.107419
0.32100 -0.10771900000000001
0.32200 -0.108019
0.32300 -0.10831900000000001
0.32400 -0.108619
0.32500 -0.10891899999999999
0.32600 -0.109219
0.32700 -0.10951899999999999
0.32800 -0.109819
0.32900 -0.110119
0.33000 -0.11043909999999998
0.33100 -0.11075919999999999
0.33200 -0.11107929999999999
0.33300 -0.1113994
0.33400 -0.1117195
0.33500 -0.11203959999999999
0.33600 -0.11235969999999999
0.33700 -0.1126798
0.33800 -0.1129999
0.33900 -0.11332
0.34000 -0.1136457
0.34100 -0.11397139999999999
0.34200 -0.1142971
0.34300 -0.1146228
0.34400 -0.11494849999999998
0.34500 -0.1152742
0.34600 -0.1155999
0.34700 -0.1159256
0.34800 -0.11625129999999999
0.34900 -0.116577
0.35000 -0.1168944
0.35100 -0.1172118
0.35200 -0.1175292
0.35300 -0.1178466
0.35400 -0.118164
0.35500 -0.1184814
0.35600 -0.11879880000000001
0.35700 -0.1191162
0.35800 -0.1194336
0.35900 -0.11975100000000001
0.36000 -0.12005410000000001
0.36100 -0.12035720000000001
0.36200 -0.12066030000000001
0.36300 -0.12096340000000001
0.36400 -0.12126649999999999
0.36500 -0.12156959999999999
0.36600 -0.12187269999999999
0.36700 -0.12217579999999999
0.36800 -0.12247889999999999
0.36900 -0.12278199999999999
0.37000 -0.123084
0.37100 -0.123386
0.37200 -0.12368799999999999
0.37300 -0.12399
0.37400 -0.12429199999999999
0.37500 -0.12459399999999998
0.37600 -0.12489599999999998
0.37700 -0.12519799999999998
0.37800 -0.1255
0.37900 -0.125802
0.38000 -0.1261051
0.38100 -0.1264082
0.38200 -0.1267113
0.38300 -0.1270144
0.38400 -0.1273175
0.38500 -0.1276206
0.38600 -0.1279237
0.38700 -0.1282268
0.38800 -0.1285299
0.38900 -0.128833
0.39000 -0.1291368
0.39100 -0.1294406
0.39200 -0.1297444
0.39300 -0.1300482
0.39400 -0.130352
0.39500 -0.13065580000000002
0.39600 -0.1309596
0.39700 -0.1312634
0.39800 -0.1315672
0.39900 -0.13187100000000002
0.40000 -0.1321775
0.40100 -0.132484
0.40200 -0.13279049999999998
0.40300 -0.133097
0.40400 -0.1334035
0.40500 -0.13371
0.40600 -0.13401649999999998
0.40700 -0.134323
0.40800 -0.1346295
0.40900 -0.134936
0.41000 -0.13525459999999997
0.41100 -0.1355732
0.41200 -0.13589179999999998
0.41300 -0.1362104
0.41400 -0.13652899999999998
0.41500 -0.13684759999999999
0.41600 -0.1371662
0.41700 -0.1374848
0.41800 -0.1378034
0.41900 -0.138122
0.42000 -0.13844399999999998
0.42100 -0.138766
0.42200 -0.139088
0.42300 -0.13940999999999998
0.42400 -0.139732
0.42500 -0.14005399999999998
0.42600 -0.140376
0.42700 -0.140698
0.42800 -0.14101999999999998
0.42900 -0.141342
0.43000 -0.14165489999999997
0.43100 -0.1419678
0.43200 -0.14228069999999998
0.43300 -0.1425936
0.43400 -0.1429065
0.43500 -0.1432194
0.43600 -0.1435323
0.43700 -0.14384519999999998
0.43800 -0.1441581
0.43900 -0.144471
0.44000 -0.1447676
0.44100 -0.1450642
0.44200 -0.1453608
0.44300 -0.1456574
0.44400 -0.145954
0.44500 -0.14625059999999998
0.44600 -0.1465472
0.44700 -0.1468438
0.44800 -0.1471404
0.44900 -0.14743699999999998
0.45000 -0.1477336
0.45100 -0.1480302
0.45200 -0.1483268
0.45300 -0.14862340000000002
0.45400 -0.14892
0.45500 -0.14921659999999998
0.45600 -0.14951319999999999
0.45700 -0.1498098
0.45800 -0.1501064
0.45900 -0.150403
0.46000 -0.150724
0.46100 -0.151045
0.46200 -0.151366
0.46300 -0.151687
0.46400 -0.152008
0.46500 -0.152329
0.46600 -0.15265
0.46700 -0.152971
0.46800 -0.153292
0.46900 -0.153613
0.47000 -0.153952
0.47100 -0.154291
0.47200 -0.15463
0.47300 -0.154969
0.47400 -0.155308
0.47500 -0.155647
0.47600 -0.155986
0.47700 -0.156325
0.47800 -0.156664
0.47900 -0.157003
0.48000 -0.1573379
0.48100 -0.1576728
0.48200 -0.1580077
0.48300 -0.1583426
0.48400 -0.1586775
0.48500 -0.1590124
0.48600 -0.15934730000000003
0.48700 -0.1596822
0.48800 -0.1600171
0.48900 -0.160352
0.49000 -0.1606678
0.49100 -0.1609836
0.49200 -0.1612994
0.49300 -0.16161520000000001
0.49400 -0.161931
0.49500 -0.1622468
0.49600 -0.1625626
0.49700 -0.1628784
0.49800 -0.1631942
0.49900 -0.16351
0.50000 -0.1638202
0.50100 -0.1641304
0.50200 -0.1644406
0.50300 -0.1647508
0.50400 -0.16506099999999999
0.50500 -0.1653712
0.50600 -0.1656814
0.50700 -0.1659916
0.50800 -0.1663018
0.50900 -0.166612
0.51000 -0.166935
0.51100 -0.167258
0.51200 -0.167581
0.51300 -0.167904
0.51400 -0.168227
0.51500 -0.16855
0.51600 -0.168873
0.51700 -0.169196
0.51800 -0.169519
0.51900 -0.169842
0.52000 -0.170188
0.52100 -0.17053400000000002
0.52200 -0.17088
0.52300 -0.17122600000000002
0.52400 -0.171572
0.52500 -0.171918
0.52600 -0.172264
0.52700 -0.17260999999999999
0.52800 -0.172956
0.52900 -0.173302
0.53000 -0.1736488
0.53100 -0.1739956
0.53200 -0.1743424
0.53300 -0.17468920000000002
0.53400 -0.17503600000000002
0.53500 -0.1753828
0.53600 -0.17572959999999999
0.53700 -0.1760764
0.53800 -0.1764232
0.53900 -0.17677
0.54000 -0.1770921
0.54100 -0.17741420000000002
0.54200 -0.1777363
0.54300 -0.1780584
0.54400 -0.1783805
0.54500 -0.1787026
0.54600 -0.17902469999999998
0.54700 -0.17934679999999997
0.54800 -0.1796689
0.54900 -0.17999099999999998
0.55000 -0.1802944
0.55100 -0.18059779999999998
0.55200 -0.18090119999999998
0.55300 -0.1812046
0.55400 -0.181508
0.55500 -0.1818114
0.55600 -0.1821148
0.55700 -0.1824182
0.55800 -0.18272159999999998
0.55900 -0.183025
0.56000 -0.18333249999999998
0.56100 -0.18364
0.56200 -0.18394749999999999
0.56300 -0.184255
0.56400 -0.18456250000000002
0.56500 -0.18487
0.56600 -0.1851775
0.56700 -0.18548499999999998
0.56800 -0.1857925
0.56900 -0.1861
0.57000 -0.1864267
0.57100 -0.1867534
0.57200 -0.1870801
0.57300 -0.1874068
0.57400 -0.1877335
0.57500 -0.18806019999999998
0.57600 -0.1883869
0.57700 -0.18871359999999998
0.57800 -0.1890403
0.57900 -0.189367
0.58000 -0.1896993
0.58100 -0.1900316
0.58200 -0.1903639
0.58300 -0.1906962
0.58400 -0.1910285
0.58500 -0.1913608
0.58600 -0.1916931
0.58700 -0.1920254
0.58800 -0.19235770000000002
0.58900 -0.19269
0.59000 -0.1930066
0.59100 -0.1933232
0.59200 -0.1936398
0.59300 -0.1939564
0.59400 -0.194273
0.59500 -0.1945896
0.59600 -0.1949062
0.59700 -0.1952228
0.59800 -0.1955394
0.59900 -0.195856
0.60000 -0.19614320000000002
0.60100 -0.1964304
0.60200 -0.1967176
0.60300 -0.1970048
0.60400 -0.197292
0.60500 -0.1975792
0.60600 -0.1978664
0.60700 -0.19815359999999999
0.60800 -0.1984408
0.60900 -0.198728
0.61000 -0.1990127
0.61100 -0.1992974
0.61200 -0.1995821
0.61300 -0.1998668
0.61400 -0.20015149999999998
0.61500 -0.2004362
0.61600 -0.2007209
0.61700 -0.2010056
0.61800 -0.2012903
0.61900 -0.201575
0.62000 -0.20186640000000003
0.62100 -0.20215780000000003
0.62200 -0.2024492
0.62300 -0.2027406
0.62400 -0.20303200000000002
0.62500 -0.20332340000000002
0.62600 -0.20361480000000004
0.62700 -0.20390619999999998
0.62800 -0.2041976
0.62900 -0.204489
0.63000 -0.20478559999999998
0.63100 -0.20508220000000002
0.63200 -0.2053788
0.63300 -0.2056754
0.63400 -0.205972
0.63500 -0.20626859999999997
0.63600 -0.2065652
0.63700 -0.20686179999999998
0.63800 -0.20715840000000002
0.63900 -0.207455
0.64000 -0.2077451
0.64100 -0.2080352
0.64200 -0.2083253
0.64300 -0.2086154
0.64400 -0.20890550000000002
0.64500 -0.20919559999999998
0.64600 -0.20948569999999997
0.64700 -0.20977579999999998
0.64800 -0.21006589999999997
0.64900 -0.210356
0.65000 -0.21061459999999999
0.65100 -0.21087319999999998
0.65200 -0.21113179999999998
0.65300 -0.21139039999999998
0.65400 -0.21164899999999998
0.65500 -0.21190760000000003
0.65600 -0.21216620000000003
0.65700 -0.21242480000000002
0.65800 -0.21268340000000002
0.65900 -0.21294200000000002
0.66000 -0.213191
0.66100 -0.21344
0.66200 -0.21368900000000002
0.66300 -0.21393800000000002
0.66400 -0.214187
0.66500 -0.214436
0.66600 -0.21468499999999996
0.66700 -0.21493400000000001
0.66800 -0.21518299999999999
0.66900 -0.21543199999999998
0.67000 -0.2156758
0.67100 -0.21591959999999996
0.67200 -0.21616339999999998
0.67300 -0.2164072
0.67400 -0.21665099999999998
0.67500 -0.2168948
0.67600 -0.21713860000000001
0.67700 -0.21738240000000003
0.67800 -0.2176262
0.67900 -0.21787
0.68000 -0.21810400000000002
0.68100 -0.218338
0.68200 -0.218572
0.68300 -0.218806
0.68400 -0.21904000000000004
0.68500 -0.21927400000000002
0.68600 -0.21950799999999998
0.68700 -0.21974200000000002
0.68800 -0.21997600000000003
0.68900 -0.22021000000000002
0.69000 -0.22044190000000002
0.69100 -0.2206738
0.69200 -0.2209057
0.69300 -0.2211376
0.69400 -0.22136950000000005
0.69500 -0.22160140000000003
0.69600 -0.22183330000000004
0.69700 -0.22206520000000002
0.69800 -0.22229710000000003
0.69900 -0.22252900000000003
0.70000 -0.2227383
0.70100 -0.2229476
0.70200 -0.22315690000000005
0.70300 -0.22336620000000001
0.70400 -0.2235755
0.70500 -0.2237848
0.70600 -0.2239941
0.70700 -0.22420340000000002
0.70800 -0.22441270000000002
0.70900 -0.22462200000000002
0.71000 -0.2248135
0.71100 -0.22500499999999998
0.71200 -0.22519650000000002
0.71300 -0.225388
0.71400 -0.2255795
0.71500 -0.225771
0.71600 -0.22596249999999998
0.71700 -0.22615400000000002
0.71800 -0.2263455
0.71900 -0.226537
0.72000 -0.22672509999999998
0.72100 -0.22691319999999998
0.72200 -0.2271013
0.72300 -0.2272894
0.72400 -0.2274775
0.72500 -0.2276656
0.72600 -0.2278537
0.72700 -0.22804180000000002
0.72800 -0.2282299
0.72900 -0.228418
0.73000 -0.2285895
0.73100 -0.228761
0.73200 -0.22893250000000004
0.73300 -0.22910400000000003
0.73400 -0.22927550000000002
0.73500 -0.229447
0.73600 -0.2296185
0.73700 -0.22979000000000002
0.73800 -0.2299615
0.73900 -0.230133
0.74000 -0.2302994
0.74100 -0.2304658
0.74200 -0.2306322
0.74300 -0.23079860000000002
0.74400 -0.230965
0.74500 -0.2311314
0.74600 -0.23129779999999997
0.74700 -0.2314642
0.74800 -0.2316306
0.74900 -0.23179699999999998
0.75000 -0.23195829999999998
0.75100 -0.2321196
0.75200 -0.23228089999999998
0.75300 -0.2324422
0.75400 -0.23260350000000002
0.75500 -0.2327648
0.75600 -0.23292609999999997
0.75700 -0.23308739999999997
0.75800 -0.2332487
0.75900 -0.23340999999999998
0.76000 -0.23356149999999998
0.76100 -0.23371299999999998
0.76200 -0.2338645
0.76300 -0.234016
0.76400 -0.2341675
0.76500 -0.234319
0.76600 -0.23447049999999997
0.76700 -0.23462200000000002
0.76800 -0.23477350000000002
0.76900 -0.234925
0.77000 -0.23507419999999998
0.77100 -0.23522340000000003
0.77200 -0.2353726
0.77300 -0.23552180000000003
0.77400 -0.23567100000000002
0.77500 -0.23582019999999998
0.77600 -0.23596940000000002
0.77700 -0.2361186
0.77800 -0.23626780000000003
0.77900 -0.23641700000000002
0.78000 -0.2365361
0.78100 -0.2366552
0.78200 -0.2367743
0.78300 -0.23689339999999998
0.78400 -0.2370125
0.78500 -0.23713160000000003
0.78600 -0.2372507
0.78700 -0.23736980000000002
0.78800 -0.2374889
0.78900 -0.23760799999999999
0.79000 -0.2377029
0.79100 -0.2377978
0.79200 -0.2378927
0.79300 -0.2379876
0.79400 -0.23808249999999997
0.79500 -0.2381774
0.79600 -0.2382723
0.79700 -0.23836719999999997
0.79800 -0.2384621
0.79900 -0.238557
0.80000 -0.2386516
0.80100 -0.23874620000000002
0.80200 -0.23884080000000002
0.80300 -0.2389354
0.80400 -0.23903
0.80500 -0.23912460000000002
0.80600 -0.23921920000000002
0.80700 -0.2393138
0.80800 -0.23940840000000002
0.80900 -0.23950300000000002
0.81000 -0.23959640000000001
0.81100 -0.2396898
0.81200 -0.23978320000000003
0.81300 -0.23987660000000002
0.81400 -0.23997000000000002
0.81500 -0.2400634
0.81600 -0.2401568
0.81700 -0.24025020000000002
0.81800 -0.24034360000000002
0.81900 -0.240437
0.82000 -0.24053010000000002
0.82100 -0.2406232
0.82200 -0.24071630000000002
0.82300 -0.2408094
0.82400 -0.24090249999999996
0.82500 -0.24099559999999998
0.82600 -0.2410887
0.82700 -0.24118179999999997
0.82800 -0.2412749
0.82900 -0.24136799999999997
0.83000 -0.24144639999999998
0.83100 -0.2415248
0.83200 -0.2416032
0.83300 -0.2416816
0.83400 -0.24176000000000003
0.83500 -0.2418384
0.83600 -0.2419168
0.83700 -0.2419952
0.83800 -0.24207360000000003
0.83900 -0.242152
0.84000 -0.24220139999999998
0.84100 -0.24225080000000002
0.84200 -0.24230020000000002
0.84300 -0.2423496
0.84400 -0.24239899999999998
0.84500 -0.2424484
0.84600 -0.24249780000000004
0.84700 -0.24254720000000002
0.84800 -0.2425966
0.84900 -0.242646
0.85000 -0.242692
0.85100 -0.24273799999999998
0.85200 -0.24278400000000003
0.85300 -0.24283000000000002
0.85400 -0.242876
0.85500 -0.242922
0.85600 -0.242968
0.85700 -0.243014
0.85800 -0.24306
0.85900 -0.243106
0.86000 -0.2431447
0.86100 -0.2431834
0.86200 -0.24322210000000002
0.86300 -0.2432608
0.86400 -0.2432995
0.86500 -0.2433382
0.86600 -0.24337689999999998
0.86700 -0.2434156
0.86800 -0.2434543
0.86900 -0.24349300000000001
0.87000 -0.2435257
0.87100 -0.2435584
0.87200 -0.2435911
0.87300 -0.2436238
0.87400 -0.2436565
0.87500 -0.24368920000000002
0.87600 -0.24372190000000002
0.87700 -0.24375460000000002
0.87800 -0.2437873
0.87900 -0.24382
0.88000 -0.2438478
0.88100 -0.24387560000000003
0.88200 -0.24390340000000005
0.88300 -0.24393120000000001
0.88400 -0.24395899999999998
0.88500 -0.2439868
0.88600 -0.24401460000000003
0.88700 -0.24404240000000002
0.88800 -0.2440702
0.88900 -0.244098
0.89000 -0.24410030000000002
0.89100 -0.2441026
0.89200 -0.2441049
0.89300 -0.24410720000000002
0.89400 -0.24410949999999998
0.89500 -0.2441118
0.89600 -0.2441141
0.89700 -0.2441164
0.89800 -0.24411869999999997
0.89900 -0.24412099999999998
0.90000 -0.24411489999999997
0.90100 -0.24410879999999996
0.90200 -0.2441027
0.90300 -0.2440966
0.90400 -0.2440905
0.90500 -0.24408439999999998
0.90600 -0.24407829999999997
0.90700 -0.24407220000000002
0.90800 -0.2440661
0.90900 -0.24406
0.91000 -0.2440416
0.91100 -0.2440232
0.91200 -0.2440048
0.91300 -0.2439864
0.91400 -0.24396800000000002
0.91500 -0.24394959999999996
0.91600 -0.24393119999999996
0.91700 -0.24391279999999999
0.91800 -0.24389439999999998
0.91900 -0.24387599999999998
0.92000 -0.24383249999999998
0.92100 -0.24378899999999998
0.92200 -0.2437455
0.92300 -0.243702
0.92400 -0.2436585
0.92500 -0.243615
0.92600 -0.2435715
0.92700 -0.24352800000000002
0.92800 -0.24348450000000002
0.92900 -0.24344100000000002
0.93000 -0.2433939
0.93100 -0.2433468
0.93200 -0.24329970000000004
0.93300 -0.2432526
0.93400 -0.24320550000000002
0.93500 -0.2431584
0.93600 -0.24311129999999997
0.93700 -0.2430642
0.93800 -0.2430171
0.93900 -0.24297
0.94000 -0.24290319999999999
0.94100 -0.2428364
0.94200 -0.2427696
0.94300 -0.2427028
0.94400 -0.242636
0.94500 -0.2425692
0.94600 -0.2425024
0.94700 -0.2424356
0.94800 -0.24236880000000002
0.94900 -0.24230200000000002
0.95000 -0.2422187
0.95100 -0.2421354
0.95200 -0.2420521
0.95300 -0.24196879999999998
0.95400 -0.24188549999999998
0.95500 -0.24180220000000002
0.95600 -0.24171890000000001
0.95700 -0.2416356
0.95800 -0.2415523
0.95900 -0.241469
0.96000 -0.24137449999999996
0.96100 -0.24128
0.96200 -0.2411855
0.96300 -0.241091
0.96400 -0.24099649999999997
0.96500 -0.240902
0.96600 -0.2408075
0.96700 -0.240713
0.96800 -0.24061849999999999
0.96900 -0.24052400000000002
0.97000 -0.24036849999999998
0.97100 -0.240213
0.97200 -0.24005749999999998
0.97300 -0.239902
0.97400 -0.2397465
0.97500 -0.23959099999999997
0.97600 -0.2394355
0.97700 -0.23928
0.97800 -0.23912450000000002
0.97900 -0.238969
0.98000 -0.23879319999999998
0.98100 -0.2386174
0.98200 -0.23844159999999998
0.98300 -0.23826580000000003
0.98400 -0.23809
0.98500 -0.2379142
0.98600 -0.23773840000000002
0.98700 -0.2375626
0.98800 -0.23738680000000004
0.98900 -0.237211
0.99000 -0.2370247
0.99100 -0.23683840000000003
0.99200 -0.2366521
0.99300 -0.2364658
0.99400 -0.23627950000000003
0.99500 -0.2360932
0.99600 -0.23590689999999997
0.99700 -0.23572059999999997
0.99800 -0.2355343
0.99900 -0.23534799999999997
1.00000 -0.23514009999999996
1.00100 -0.23493219999999998
1.00200 -0.23472429999999997
1.00300 -0.2345164
1.00400 -0.23430849999999998
1.00500 -0.23410059999999996
1.00600 -0.2338927
1.00700 -0.23368479999999997
1.00800 -0.23347690000000001
1.00900 -0.233269
1.01000 -0.2330565
1.01100 -0.232844
1.01200 -0.23263150000000002
1.01300 -0.23241900000000001
1.01400 -0.23220650000000004
1.01500 -0.23199399999999998
1.01600 -0.2317815
1.01700 -0.231569
1.01800 -0.23135650000000002
1.01900 -0.23114400000000002
1.02000 -0.2308746
1.02100 -0.2306052
1.02200 -0.23033580000000003
1.02300 -0.23006640000000003
1.02400 -0.22979700000000003
1.02500 -0.2295276
1.02600 -0.2292582
1.02700 -0.2289888
1.02800 -0.2287194
1.02900 -0.22845
1.03000 -0.2281319
1.03100 -0.22781379999999998
1.03200 -0.22749570000000002
1.03300 -0.2271776
1.03400 -0.2268595
1.03500 -0.22654139999999998
1.03600 -0.22622329999999996
1.03700 -0.2259052
1.03800 -0.22558709999999998
1.03900 -0.225269
1.04000 -0.22495089999999998
1.04100 -0.22463280000000002
1.04200 -0.2243147
1.04300 -0.2239966
1.04400 -0.22367850000000003
1.04500 -0.22336040000000001
1.04600 -0.2230423
1.04700 -0.22272419999999998
1.04800 -0.22240610000000002
1.04900 -0.222088
1.05000 -0.2217727
1.05100 -0.22145740000000003
1.05200 -0.2211421
1.05300 -0.22082680000000005
1.05400 -0.22051150000000003
1.05500 -0.2201962
1.05600 -0.21988090000000002
1.05700 -0.2195656
1.05800 -0.21925030000000004
1.05900 -0.21893500000000002
1.06000 -0.2186207
1.06100 -0.21830639999999998
1.06200 -0.21799210000000002
1.06300 -0.2176778
1.06400 -0.2173635
1.06500 -0.2170492
1.06600 -0.21673489999999998
1.06700 -0.21642060000000002
1.06800 -0.2161063
1.06900 -0.21579199999999998
1.07000 -0.21544489999999997
1.07100 -0.21509779999999998
1.07200 -0.21475070000000002
1.07300 -0.21440359999999997
1.07400 -0.21405649999999996
1.07500 -0.2137094
1.07600 -0.2133623
1.07700 -0.2130152
1.07800 -0.21266809999999997
1.07900 -0.21232099999999998
1.08000 -0.2119043
1.08100 -0.21148759999999997
1.08200 -0.2110709
1.08300 -0.21065419999999996
1.08400 -0.2102375
1.08500 -0.2098208
1.08600 -0.20940409999999998
1.08700 -0.2089874
1.08800 -0.20857069999999997
1.08900 -0.208154
1.09000 -0.2077293
1.09100 -0.2073046
1.09200 -0.20687989999999998
1.09300 -0.2064552
1.09400 -0.2060305
1.09500 -0.2056058
1.09600 -0.20518110000000003
1.09700 -0.2047564
1.09800 -0.2043317
1.09900 -0.203907
1.10000 -0.20349129999999999
1.10100 -0.20307560000000002
1.10200 -0.2026599
1.10300 -0.20224420000000004
1.10400 -0.20182850000000002
1.10500 -0.2014128
1.10600 -0.2009971
1.10700 -0.2005814
1.10800 -0.20016570000000003
1.10900 -0.19975
1.11000 -0.19934210000000002
1.11100 -0.1989342
1.11200 -0.1985263
1.11300 -0.1981184
1.11400 -0.19771049999999998
1.11500 -0.1973026
1.11600 -0.1968947
1.11700 -0.19648680000000002
1.11800 -0.1960789
1.11900 -0.19567099999999998
1.12000 -0.1952537
1.12100 -0.1948364
1.12200 -0.1944191
1.12300 -0.1940018
1.12400 -0.1935845
1.12500 -0.19316719999999998
1.12600 -0.19274989999999997
1.12700 -0.1923326
1.12800 -0.19191529999999998
1.12900 -0.191498
1.13000 -0.1910258
1.13100 -0.1905536
1.13200 -0.1900814
1.13300 -0.18960919999999998
1.13400 -0.189137
1.13500 -0.18866480000000002
1.13600 -0.1881926
1.13700 -0.1877204
1.13800 -0.1872482
1.13900 -0.186776
1.14000 -0.1862846
1.14100 -0.18579320000000002
1.14200 -0.18530180000000002
1.14300 -0.18481039999999999
1.14400 -0.18431899999999998
1.14500 -0.1838276
1.14600 -0.1833362
1.14700 -0.18284479999999997
1.14800 -0.1823534
1.14900 -0.181862
1.15000 -0.18136009999999997
1.15100 -0.1808582
1.15200 -0.1803563
1.15300 -0.1798544
1.15400 -0.17935249999999997
1.15500 -0.1788506
1.15600 -0.1783487
1.15700 -0.1778468
1.15800 -0.17734489999999997
1.15900 -0.176843
1.16000 -0.17631829999999998
1.16100 -0.1757936
1.16200 -0.1752689
1.16300 -0.1747442
1.16400 -0.1742195
1.16500 -0.17369479999999998
1.16600 -0.1731701
1.16700 -0.1726454
1.16800 -0.1721207
1.16900 -0.171596
1.17000 -0.1710683
1.17100 -0.1705406
1.17200 -0.1700129
1.17300 -0.1694852
1.17400 -0.1689575
1.17500 -0.1684298
1.17600 -0.1679021
1.17700 -0.16737439999999998
1.17800 -0.1668467
1.17900 -0.166319
1.18000 -0.16578969999999998
1.18100 -0.1652604
1.18200 -0.1647311
1.18300 -0.1642018
1.18400 -0.1636725
1.18500 -0.1631432
1.18600 -0.1626139
1.18700 -0.1620846
1.18800 -0.1615553
1.18900 -0.161026
1.19000 -0.1604951
1.19100 -0.1599642
1.19200 -0.1594333
1.19300 -0.1589024
1.19400 -0.1583715
1.19500 -0.1578406
1.19600 -0.1573097
1.19700 -0.1567788
1.19800 -0.1562479
1.19900 -0.155717
1.20000 -0.1551727
1.20100 -0.1546284
1.20200 -0.1540841
1.20300 -0.1535398
1.20400 -0.1529955
1.20500 -0.15245119999999998
1.20600 -0.1519069
1.20700 -0.15136259999999999
1.20800 -0.15081830000000002
1.20900 -0.150274
1.21000 -0.1496494
1.21100 -0.1490248
1.21200 -0.1484002
1.21300 -0.1477756
1.21400 -0.14715099999999998
1.21500 -0.1465264
1.21600 -0.1459018
1.21700 -0.1452772
1.21800 -0.1446526
1.21900 -0.144028
1.22000 -0.1433746
1.22100 -0.1427212
1.22200 -0.14206780000000002
1.22300 -0.1414144
1.22400 -0.140761
1.22500 -0.1401076
1.22600 -0.1394542
1.22700 -0.1388008
1.22800 -0.1381474
1.22900 -0.137494
1.23000 -0.136826
1.23100 -0.136158
1.23200 -0.13549
1.23300 -0.134822
1.23400 -0.13415400000000002
1.23500 -0.13348600000000002
1.23600 -0.13281800000000002
1.23700 -0.13215000000000002
1.23800 -0.13148200000000002
1.23900 -0.130814
1.24000 -0.1301136
1.24100 -0.1294132
1.24200 -0.12871280000000002
1.24300 -0.1280124
1.24400 -0.127312
1.24500 -0.1266116
1.24600 -0.1259112
1.24700 -0.1252108
1.24800 -0.1245104
1.24900 -0.12381
1.25000 -0.1231032
1.25100 -0.1223964
1.25200 -0.1216896
1.25300 -0.12098279999999999
1.25400 -0.12027600000000001
1.25500 -0.1195692
1.25600 -0.11886239999999999
1.25700 -0.11815559999999999
1.25800 -0.11744879999999999
1.25900 -0.11674199999999998
1.26000 -0.11595929999999999
1.26100 -0.11517659999999999
1.26200 -0.1143939
1.26300 -0.1136112
1.26400 -0.1128285
1.26500 -0.1120458
1.26600 -0.11126309999999999
1.26700 -0.1104804
1.26800 -0.10969770000000001
1.26900 -0.10891500000000001
1.27000 -0.1080629
1.27100 -0.10721080000000001
1.27200 -0.1063587
1.27300 -0.1055066
1.27400 -0.10465450000000001
1.27500 -0.1038024
1.27600 -0.10295030000000001
1.27700 -0.1020982
1.27800 -0.1012461
1.27900 -0.10039400000000001
1.28000 -0.09954318000000001
1.28100 -0.09869236
1.28200 -0.09784154
1.28300 -0.09699072
1.28400 -0.0961399
1.28500 -0.09528908
1.28600 -0.09443826
1.28700 -0.09358744
1.28800 -0.09273661999999999
1.28900 -0.09188579999999999
1.29000 -0.09104846
1.29100 -0.09021112
1.29200 -0.08937377999999999
1.29300 -0.08853644
1.29400 -0.0876991
1.29500 -0.08686176
1.29600 -0.08602442
1.29700 -0.08518708
1.29800 -0.08434973999999999
1.29900 -0.0835124
1.30000 -0.08268002999999999
1.30100 -0.08184766
1.30200 -0.08101528999999999
1.30300 -0.08018292
1.30400 -0.07935054999999999
1.30500 -0.07851817999999999
1.30600 -0.07768581
1.30700 -0.07685344
1.30800 -0.07602107
1.30900 -0.0751887
1.31000 -0.0743133
1.31100 -0.0734379
1.31200 -0.0725625
1.31300 -0.0716871
1.31400 -0.0708117
1.31500 -0.06993629999999999
1.31600 -0.06906090000000001
1.31700 -0.0681855
1.31800 -0.06731010000000001
1.31900 -0.0664347
1.32000 -0.06546122
1.32100 -0.06448774
1.32200 -0.06351426
1.32300 -0.06254078
1.32400 -0.061567300000000005
1.32500 -0.06059382
1.32600 -0.05962034000000001
1.32700 -0.05864686
1.32800 -0.05767338000000001
1.32900 -0.056699900000000004
1.33000 -0.05571472000000001
1.33100 -0.05472954
1.33200 -0.053744360000000005
1.33300 -0.05275918
1.33400 -0.051774
1.33500 -0.05078882
1.33600 -0.049803639999999996
1.33700 -0.048818459999999994
1.33800 -0.04783328
1.33900 -0.0468481
1.34000 -0.04590148
1.34100 -0.04495486
1.34200 -0.04400824
1.34300 -0.04306162
1.34400 -0.042115
1.34500 -0.04116838
1.34600 -0.04022176
1.34700 -0.03927514
1.34800 -0.03832852
1.34900 -0.0373819
1.35000 -0.03647126
1.35100 -0.03556062
1.35200 -0.034649980000000004
1.35300 -0.03373934
1.35400 -0.0328287
1.35500 -0.03191806
1.35600 -0.031007419999999997
1.35700 -0.03009678
1.35800 -0.02918614
1.35900 -0.0282755
1.36000 -0.027349989999999998
1.36100 -0.02642448
1.36200 -0.02549897
1.36300 -0.02457346
1.36400 -0.02364795
1.36500 -0.02272244
1.36600 -0.02179693
1.36700 -0.02087142
1.36800 -0.01994591
1.36900 -0.0190204
1.37000 -0.017997664000000003
1.37100 -0.016974928
1.37200 -0.015952192
1.37300 -0.014929456000000002
1.37400 -0.013906720000000001
1.37500 -0.012883984000000001
1.37600 -0.011861248000000001
1.37700 -0.010838512
1.37800 -0.009815776
1.37900 -0.008793039999999998
1.38000 -0.0077336290000000005
1.38100 -0.006674218000000001
1.38200 -0.005614807000000001
1.38300 -0.004555396000000001
1.38400 -0.003495985
1.38500 -0.0024365740000000012
1.38600 -0.0013771630000000007
1.38700 -0.0003177520000000003
1.38800 0.0007416590000000001
1.38900 0.0018010700000000005
1.39000 0.002830993
1.39100 0.0038609160000000003
1.39200 0.004890838999999999
1.39300 0.005920762
1.39400 0.006950685
1.39500 0.007980608
1.39600 0.009010531
1.39700 0.010040454
1.39800 0.011070377
1.39900 0.0121003
1.40000 0.01306141
1.40100 0.01402252
1.40200 0.014983630000000001
1.40300 0.015944740000000002
1.40400 0.01690585
1.40500 0.01786696
1.40600 0.018828070000000002
1.40700 0.01978918
1.40800 0.020750289999999998
1.40900 0.0217114
1.41000 0.022665070000000002
1.41100 0.02361874
1.41200 0.02457241
1.41300 0.02552608
1.41400 0.026479750000000003
1.41500 0.027433419999999997
1.41600 0.028387090000000004
1.41700 0.02934076
1.41800 0.03029443
1.41900 0.0312481
1.42000 0.032271480000000005
1.42100 0.033294859999999996
1.42200 0.03431824
1.42300 0.035341620000000004
1.42400 0.036365
1.42500 0.03738838
1.42600 0.03841176
1.42700 0.03943514
1.42800 0.04045852
1.42900 0.0414819
1.43000 0.04257172
1.43100 0.04366154
1.43200 0.04475136
1.43300 0.045841179999999995
1.43400 0.046931
1.43500 0.04802082
1.43600 0.04911064
1.43700 0.05020046
1.43800 0.05129028
1.43900 0.0523801
1.44000 0.05345877
1.44100 0.05453743999999999
1.44200 0.055616109999999996
1.44300 0.05669478
1.44400 0.057773450000000004
1.44500 0.058852119999999994
1.44600 0.05993079
1.44700 0.06100946
1.44800 0.06208813
1.44900 0.0631668
1.45000 0.06416563
1.45100 0.06516446000000001
1.45200 0.06616329
1.45300 0.06716212
1.45400 0.06816095
1.45500 0.06915977999999999
1.45600 0.07015861
1.45700 0.07115743999999999
1.45800 0.07215627
1.45900 0.0731551
1.46000 0.07412310999999999
1.46100 0.07509112
1.46200 0.07605913
1.46300 0.07702714
1.46400 0.07799514999999999
1.46500 0.07896316
1.46600 0.07993117
1.46700 0.08089917999999999
1.46800 0.08186719
1.46900 0.0828352
1.47000 0.08386615
1.47100 0.0848971
1.47200 0.08592805
1.47300 0.086959
1.47400 0.08798995000000001
1.47500 0.0890209
1.47600 0.09005185
1.47700 0.09108279999999999
1.47800 0.09211375000000001
1.47900 0.0931447
1.48000 0.09432603
1.48100 0.09550736
1.48200 0.09668869
1.48300 0.09787002
1.48400 0.09905135000000001
1.48500 0.10023268
1.48600 0.10141400999999999
1.48700 0.10259534
1.48800 0.10377666999999999
1.48900 0.104958
1.49000 0.10615999999999999
1.49100 0.107362
1.49200 0.108564
1.49300 0.109766
1.49400 0.110968
1.49500 0.11216999999999999
1.49600 0.113372
1.49700 0.114574
1.49800 0.11577600000000002
1.49900 0.116978
1.50000 0.1181716
1.50100 0.11936519999999999
1.50200 0.12055880000000001
1.50300 0.12175240000000001
1.50400 0.122946
1.50500 0.12413959999999999
1.50600 0.12533319999999998
1.50700 0.1265268
1.50800 0.1277204
1.50900 0.128914
1.51000 0.1300996
1.51100 0.1312852
1.51200 0.1324708
1.51300 0.13365639999999998
1.51400 0.134842
1.51500 0.1360276
1.51600 0.13721319999999998
1.51700 0.1383988
1.51800 0.1395844
1.51900 0.14077
1.52000 0.1419543
1.52100 0.1431386
1.52200 0.14432289999999998
1.52300 0.1455072
1.52400 0.1466915
1.52500 0.1478758
1.52600 0.1490601
1.52700 0.1502444
1.52800 0.1514287
1.52900 0.152613
1.53000 0.1537903
1.53100 0.1549676
1.53200 0.1561449
1.53300 0.15732220000000002
1.53400 0.15849950000000002
1.53500 0.1596768
1.53600 0.1608541
1.53700 0.1620314
1.53800 0.1632087
1.53900 0.164386
1.54000 0.1655606
1.54100 0.16673520000000003
1.54200 0.1679098
1.54300 0.1690844
1.54400 0.170259
1.54500 0.17143360000000002
1.54600 0.17260820000000002
1.54700 0.1737828
1.54800 0.17495739999999999
1.54900 0.176132
1.55000 0.1773353
1.55100 0.1785386
1.55200 0.1797419
1.55300 0.1809452
1.55400 0.1821485
1.55500 0.1833518
1.55600 0.1845551
1.55700 0.18575840000000002
1.55800 0.1869617
1.55900 0.188165
1.56000 0.18943870000000002
1.56100 0.1907124
1.56200 0.1919861
1.56300 0.1932598
1.56400 0.1945335
1.56500 0.19580720000000001
1.56600 0.1970809
1.56700 0.1983546
1.56800 0.1996283
1.56900 0.200902
1.57000 0.20218410000000003
1.57100 0.20346619999999999
1.57200 0.20474830000000002
1.57300 0.2060304
1.57400 0.2073125
1.57500 0.20859460000000002
1.57600 0.2098767
1.57700 0.21115880000000004
1.57800 0.2124409
1.57900 0.21372300000000002
1.58000 0.21493200000000004
1.58100 0.216141
1.58200 0.21735000000000002
1.58300 0.218559
1.58400 0.21976800000000002
1.58500 0.22097700000000003
1.58600 0.222186
1.58700 0.223395
1.58800 0.22460399999999997
1.58900 0.22581299999999999
1.59000 0.2269491
1.59100 0.2280852
1.59200 0.2292213
1.59300 0.2303574
1.59400 0.23149350000000002
1.59500 0.23262960000000002
1.59600 0.23376570000000002
1.59700 0.2349018
1.59800 0.2360379
1.59900 0.237174
1.60000 0.2383209
1.60100 0.23946779999999998
1.60200 0.2406147
1.60300 0.24176159999999997
1.60400 0.24290849999999997
1.60500 0.2440554
1.60600 0.2452023
1.60700 0.2463492
1.60800 0.2474961
1.60900 0.248643
1.61000 0.2498742
1.61100 0.25110540000000003
1.61200 0.25233659999999997
1.61300 0.2535678
1.61400 0.254799
1.61500 0.2560302
1.61600 0.25726140000000003
1.61700 0.25849259999999996
1.61800 0.2597238
1.61900 0.260955
1.62000 0.2622204
1.62100 0.2634858
1.62200 0.26475119999999996
1.62300 0.2660166
1.62400 0.26728199999999996
1.62500 0.2685474
1.62600 0.2698128
1.62700 0.2710782
1.62800 0.2723436
1.62900 0.273609
1.63000 0.2748269
1.63100 0.2760448
1.63200 0.2772627
1.63300 0.2784806
1.63400 0.2796985
1.63500 0.2809164
1.63600 0.2821343
1.63700 0.28335220000000005
1.63800 0.2845701
1.63900 0.28578800000000004
1.64000 0.2868869
1.64100 0.2879858
1.64200 0.28908469999999997
1.64300 0.2901836
1.64400 0.2912825
1.64500 0.2923814
1.64600 0.2934803
1.64700 0.2945792
1.64800 0.2956781
1.64900 0.29677699999999996
1.65000 0.2978594
1.65100 0.2989418
1.65200 0.3000242
1.65300 0.3011066
1.65400 0.302189
1.65500 0.30327139999999997
1.65600 0.3043538
1.65700 0.30543620000000005
1.65800 0.30651860000000003
1.65900 0.307601
1.66000 0.3087275
1.66100 0.309854
1.66200 0.3109805
1.66300 0.312107
1.66400 0.31323350000000005
1.66500 0.31436000000000003
1.66600 0.3154865
1.66700 0.316613
1.66800 0.3177395
1.66900 0.318866
1.67000 0.3200374
1.67100 0.3212088
1.67200 0.3223802
1.67300 0.3235516
1.67400 0.324723
1.67500 0.32589440000000003
1.67600 0.3270658
1.67700 0.3282372
1.67800 0.3294086
1.67900 0.33058
1.68000 0.3317347
1.68100 0.3328894
1.68200 0.3340441
1.68300 0.3351988
1.68400 0.33635349999999997
1.68500 0.3375082
1.68600 0.3386629
1.68700 0.3398176
1.68800 0.34097229999999995
1.68900 0.34212699999999996
1.69000 0.3431551
1.69100 0.34418319999999997
1.69200 0.3452113
1.69300 0.3462394
1.69400 0.34726749999999995
1.69500 0.34829560000000004
1.69600 0.3493237
1.69700 0.3503518
1.69800 0.3513799
1.69900 0.352408
1.70000 0.3533837
1.70100 0.3543594
1.70200 0.3553351
1.70300 0.35631080000000004
1.70400 0.3572865
1.70500 0.3582622
1.70600 0.3592379
1.70700 0.36021359999999997
1.70800 0.3611893
1.70900 0.36216499999999996
1.71000 0.36317239999999995
1.71100 0.36417979999999994
1.71200 0.3651872
1.71300 0.3661946
1.71400 0.367202
1.71500 0.36820939999999996
1.71600 0.36921679999999996
1.71700 0.3702242
1.71800 0.3712316
1.71900 0.372239
1.72000 0.3733277
1.72100 0.3744164
1.72200 0.3755051
1.72300 0.3765938
1.72400 0.3776825
1.72500 0.3787712
1.72600 0.3798599
1.72700 0.38094859999999997
1.72800 0.3820373
1.72900 0.38312599999999997
1.73000 0.38422579999999995
1.73100 0.3853256
1.73200 0.3864254
1.73300 0.3875252
1.73400 0.388625
1.73500 0.3897248
1.73600 0.3908246
1.73700 0.3919244
1.73800 0.39302420000000005
1.73900 0.39412400000000003
1.74000 0.3951609
1.74100 0.39619780000000004
1.74200 0.3972347
1.74300 0.3982716
1.74400 0.39930849999999996
1.74500 0.40034539999999996
1.74600 0.4013823
1.74700 0.40241920000000003
1.74800 0.4034561
1.74900 0.404493
1.75000 0.4054646
1.75100 0.4064362
1.75200 0.4074078
1.75300 0.4083794
1.75400 0.409351
1.75500 0.4103225999999999
1.75600 0.41129419999999994
1.75700 0.41226579999999996
1.75800 0.4132374
1.75900 0.41420899999999994
1.76000 0.41518789999999994
1.76100 0.41616679999999995
1.76200 0.4171457
1.76300 0.41812459999999996
1.76400 0.41910349999999996
1.76500 0.42008239999999997
1.76600 0.4210613
1.76700 0.4220402
1.76800 0.4230191
1.76900 0.423998
1.77000 0.4250434
1.77100 0.42608880000000005
1.77200 0.42713419999999996
1.77300 0.4281796
1.77400 0.429225
1.77500 0.43027040000000005
1.77600 0.4313158
1.77700 0.4323612
1.77800 0.4334066
1.77900 0.434452
1.78000 0.43552559999999996
1.78100 0.4365992
1.78200 0.4376728
1.78300 0.43874640000000004
1.78400 0.43982
1.78500 0.4408936
1.78600 0.4419672
1.78700 0.4430408
1.78800 0.4441144
1.78900 0.44518800000000003
1.79000 0.4462277
1.79100 0.44726740000000004
1.79200 0.44830709999999996
1.79300 0.4493468
1.79400 0.4503865
1.79500 0.45142620000000006
1.79600 0.4524659000000001
1.79700 0.4535056
1.79800 0.45454530000000004
1.79900 0.455585
1.80000 0.45653630000000006
1.80100 0.45748760000000005
1.80200 0.4584389
1.80300 0.45939019999999997
1.80400 0.4603415
1.80500 0.4612928
1.80600 0.46224410000000005
1.80700 0.4631953999999999
1.80800 0.46414669999999997
1.80900 0.46509799999999996
1.81000 0.46603589999999995
1.81100 0.4669738
1.81200 0.4679117
1.81300 0.4688496
1.81400 0.46978749999999997
1.81500 0.47072539999999996
1.81600 0.4716633
1.81700 0.4726012
1.81800 0.4735391
1.81900 0.474477
1.82000 0.47544430000000004
1.82100 0.47641159999999994
1.82200 0.4773789
1.82300 0.4783462
1.82400 0.47931349999999995
1.82500 0.48028079999999995
1.82600 0.4812481
1.82700 0.4822154
1.82800 0.48318269999999997
1.82900 0.48414999999999997
1.83000 0.48514850000000004
1.83100 0.486147
1.83200 0.4871455
1.83300 0.48814399999999997
1.83400 0.4891425
1.83500 0.49014100000000005
1.83600 0.49113949999999995
1.83700 0.492138
1.83800 0.4931365
1.83900 0.494135
1.84000 0.4951244
1.84100 0.4961138
1.84200 0.4971032
1.84300 0.4980926
1.84400 0.4990819999999999
1.84500 0.5000713999999999
1.84600 0.5010608
1.84700 0.5020502
1.84800 0.5030395999999999
1.84900 0.504029
1.85000 0.5049431999999999
1.85100 0.5058574
1.85200 0.5067716
1.85300 0.5076858
1.85400 0.5086
1.85500 0.5095142
1.85600 0.5104284
1.85700 0.5113426
1.85800 0.5122568000000001
1.85900 0.513171
1.86000 0.5140526999999999
1.86100 0.5149344
1.86200 0.5158161
1.86300 0.5166978
1.86400 0.5175795
1.86500 0.5184612
1.86600 0.5193429
1.86700 0.5202245999999999
1.86800 0.5211063
1.86900 0.521988
1.87000 0.5228607000000001
1.87100 0.5237334
1.87200 0.5246061
1.87300 0.5254787999999999
1.87400 0.5263515
1.87500 0.5272242
1.87600 0.5280969
1.87700 0.5289696
1.87800 0.5298423
1.87900 0.530715
1.88000 0.5315635999999999
1.88100 0.5324122
1.88200 0.5332608000000001
1.88300 0.5341094
1.88400 0.5349579999999999
1.88500 0.5358066
1.88600 0.5366552
1.88700 0.5375038
1.88800 0.5383524
1.88900 0.539201
1.89000 0.5400455
1.89100 0.54089
1.89200 0.5417345
1.89300 0.542579
1.89400 0.5434235000000001
1.89500 0.544268
1.89600 0.5451125
1.89700 0.545957
1.89800 0.5468015
1.89900 0.5476460000000001
1.90000 0.548478
1.90100 0.54931
1.90200 0.550142
1.90300 0.550974
1.90400 0.551806
1.90500 0.5526380000000001
1.90600 0.55347
1.90700 0.5543020000000001
1.90800 0.555134
1.90900 0.555966
1.91000 0.5567844
1.91100 0.5576028
1.91200 0.5584212
1.91300 0.5592396
1.91400 0.560058
1.91500 0.5608763999999999
1.91600 0.5616947999999999
1.91700 0.5625131999999999
1.91800 0.5633315999999999
1.91900 0.5641499999999999
1.92000 0.5649477
1.92100 0.5657454
1.92200 0.5665431
1.92300 0.5673408
1.92400 0.5681385
1.92500 0.5689362
1.92600 0.5697338999999999
1.92700 0.5705316
1.92800 0.5713292999999999
1.92900 0.5721269999999999
1.93000 0.5727653
1.93100 0.5734036
1.93200 0.5740418999999999
1.93300 0.5746802
1.93400 0.5753185000000001
1.93500 0.5759567999999999
1.93600 0.5765950999999999
1.93700 0.5772334
1.93800 0.5778717
1.93900 0.57851
1.94000 0.5790776
1.94100 0.5796452
1.94200 0.5802128
1.94300 0.5807804
1.94400 0.581348
1.94500 0.5819156
1.94600 0.5824832
1.94700 0.5830508
1.94800 0.5836184
1.94900 0.584186
1.95000 0.5847633999999999
1.95100 0.5853408
1.95200 0.5859182
1.95300 0.5864956
1.95400 0.587073
1.95500 0.5876504
1.95600 0.5882278000000001
1.95700 0.5888052
1.95800 0.5893826000000001
1.95900 0.58996
1.96000 0.5905646000000001
1.96100 0.5911692000000001
1.96200 0.5917738
1.96300 0.5923784000000001
1.96400 0.592983
1.96500 0.5935876
1.96600 0.5941922
1.96700 0.5947968
1.96800 0.5954014000000001
1.96900 0.596006
1.97000 0.5966142000000001
1.97100 0.5972224
1.97200 0.5978306
1.97300 0.5984388
1.97400 0.599047
1.97500 0.5996552
1.97600 0.6002634
1.97700 0.6008716
1.97800 0.6014798
1.97900 0.602088
1.98000 0.602622
1.98100 0.603156
1.98200 0.6036900000000001
1.98300 0.604224
1.98400 0.604758
1.98500 0.605292
1.98600 0.605826
1.98700 0.60636
1.98800 0.6068939999999999
1.98900 0.607428
1.99000 0.6078801
1.99100 0.6083322
1.99200 0.6087843
1.99300 0.6092364
1.99400 0.6096885000000001
1.99500 0.6101406
1.99600 0.6105927
1.99700 0.6110447999999999
1.99800 0.6114969
1.99900 0.611949
2.00000 0.6123996
2.00100 0.6128502
2.00200 0.6133008
2.00300 0.6137514000000001
2.00400 0.614202
2.00500 0.6146526
2.00600 0.6151032
2.00700 0.6155538
2.00800 0.6160044
2.00900 0.616455
2.01000 0.6169153
2.01100 0.6173756
2.01200 0.6178359
2.01300 0.6182962
2.01400 0.6187565
2.01500 0.6192168
2.01600 0.6196771
2.01700 0.6201374000000001
2.01800 0.6205977
2.01900 0.621058
2.02000 0.6215226
2.02100 0.6219872000000001
2.02200 0.6224518
2.02300 0.6229164
2.02400 0.623381
2.02500 0.6238456
2.02600 0.6243102
2.02700 0.6247748
2.02800 0.6252394
2.02900 0.625704
2.03000 0.6261403
2.03100 0.6265766
2.03200 0.6270129
2.03300 0.6274492
2.03400 0.6278855
2.03500 0.6283217999999999
2.03600 0.6287581
2.03700 0.6291944
2.03800 0.6296307000000001
2.03900 0.630067
2.04000 0.6304237
2.04100 0.6307804
2.04200 0.6311371
2.04300 0.6314938
2.04400 0.6318505
2.04500 0.6322072000000001
2.04600 0.6325639
2.04700 0.6329206
2.04800 0.6332772999999999
2.04900 0.633634
2.05000 0.6339769
2.05100 0.6343198
2.05200 0.6346627
2.05300 0.6350056000000001
2.05400 0.6353485
2.05500 0.6356914
2.05600 0.6360343
2.05700 0.6363772
2.05800 0.6367201
2.05900 0.637063
2.06000 0.6373992
2.06100 0.6377354000000001
2.06200 0.6380716000000001
2.06300 0.6384078000000001
2.06400 0.638744
2.06500 0.6390802
2.06600 0.6394164
2.06700 0.6397526
2.06800 0.6400888
2.06900 0.640425
2.07000 0.6407536
2.07100 0.6410822
2.07200 0.6414108
2.07300 0.6417394
2.07400 0.642068
2.07500 0.6423966
2.07600 0.6427252
2.07700 0.6430537999999999
2.07800 0.6433823999999999
2.07900 0.6437109999999999
2.08000 0.6440319999999999
2.08100 0.644353
2.08200 0.644674
2.08300 0.644995
2.08400 0.645316
2.08500 0.645637
2.08600 0.645958
2.08700 0.646279
2.08800 0.6466000000000001
2.08900 0.6469210000000001
2.09000 0.6471821
2.09100 0.6474432
2.09200 0.6477043
2.09300 0.6479654
2.09400 0.6482265
2.09500 0.6484876
2.09600 0.6487487000000001
2.09700 0.6490098000000001
2.09800 0.6492709000000001
2.09900 0.649532
2.10000 0.6497653000000001
2.10100 0.6499986000000001
2.10200 0.6502319
2.10300 0.6504652
2.10400 0.6506985000000001
2.10500 0.6509318000000001
2.10600 0.6511651
2.10700 0.6513983999999999
2.10800 0.6516317
2.10900 0.651865
2.11000 0.6520845000000001
2.11100 0.652304
2.11200 0.6525235
2.11300 0.652743
2.11400 0.6529625
2.11500 0.653182
2.11600 0.6534015
2.11700 0.653621
2.11800 0.6538405
2.11900 0.6540600000000001
2.12000 0.6542398
2.12100 0.6544196
2.12200 0.6545994
2.12300 0.6547792
2.12400 0.6549590000000001
2.12500 0.6551388
2.12600 0.6553186
2.12700 0.6554984
2.12800 0.6556782
2.12900 0.655858
2.13000 0.6560305
2.13100 0.656203
2.13200 0.6563755
2.13300 0.656548
2.13400 0.6567204999999999
2.13500 0.656893
2.13600 0.6570655000000001
2.13700 0.657238
2.13800 0.6574104999999999
2.13900 0.657583
2.14000 0.6577221
2.14100 0.6578611999999999
2.14200 0.6580003
2.14300 0.6581393999999999
2.14400 0.6582785
2.14500 0.6584176
2.14600 0.6585567
2.14700 0.6586958
2.14800 0.6588349
2.14900 0.658974
2.15000 0.6590744
2.15100 0.6591748
2.15200 0.6592752
2.15300 0.6593756
2.15400 0.659476
2.15500 0.6595764
2.15600 0.6596768
2.15700 0.6597772
2.15800 0.6598776
2.15900 0.659978
2.16000 0.6600685000000001
2.16100 0.6601589999999999
2.16200 0.6602495
2.16300 0.6603399999999999
2.16400 0.6604305
2.16500 0.660521
2.16600 0.6606115
2.16700 0.660702
2.16800 0.6607925
2.16900 0.660883
2.17000 0.660899
2.17100 0.660915
2.17200 0.6609309999999999
2.17300 0.660947
2.17400 0.660963
2.17500 0.660979
2.17600 0.660995
2.17700 0.661011
2.17800 0.661027
2.17900 0.661043
2.18000 0.6610236
2.18100 0.6610042
2.18200 0.6609847999999999
2.18300 0.6609654
2.18400 0.660946
2.18500 0.6609266
2.18600 0.6609071999999999
2.18700 0.6608878
2.18800 0.6608684
2.18900 0.660849
2.19000 0.6608199
2.19100 0.6607908
2.19200 0.6607616999999999
2.19300 0.6607326
2.19400 0.6607035
2.19500 0.6606744
2.19600 0.6606453
2.19700 0.6606162
2.19800 0.6605871
2.19900 0.660558
2.20000 0.6605000999999999
2.20100 0.6604422
2.20200 0.6603842999999999
2.20300 0.6603264
2.20400 0.6602684999999999
2.20500 0.6602106
2.20600 0.6601527
2.20700 0.6600948
2.20800 0.6600368999999999
2.20900 0.659979
2.21000 0.6599155
2.21100 0.659852
2.21200 0.6597885
2.21300 0.659725
2.21400 0.6596615
2.21500 0.659598
2.21600 0.6595345
2.21700 0.659471
2.21800 0.6594075
2.21900 0.659344
2.22000 0.6592204
2.22100 0.6590968
2.22200 0.6589731999999999
2.22300 0.6588496
2.22400 0.658726
2.22500 0.6586024
2.22600 0.6584787999999999
2.22700 0.6583552
2.22800 0.6582316
2.22900 0.658108
2.23000 0.6579136
2.23100 0.6577192000000001
2.23200 0.6575248
2.23300 0.6573304
2.23400 0.657136
2.23500 0.6569415999999999
2.23600 0.6567472
2.23700 0.6565527999999999
2.23800 0.6563584
2.23900 0.656164
2.24000 0.6559654
2.24100 0.6557668
2.24200 0.6555682
2.24300 0.6553696
2.24400 0.655171
2.24500 0.6549724
2.24600 0.6547738
2.24700 0.6545752
2.24800 0.6543766
2.24900 0.654178
2.25000 0.6539661999999999
2.25100 0.6537544000000001
2.25200 0.6535426
2.25300 0.6533308
2.25400 0.653119
2.25500 0.6529072
2.25600 0.6526954
2.25700 0.6524835999999999
2.25800 0.6522718000000001
2.25900 0.65206
2.26000 0.6518419
2.26100 0.6516238
2.26200 0.6514057
2.26300 0.6511876
2.26400 0.6509695
2.26500 0.6507514
2.26600 0.6505333
2.26700 0.6503152
2.26800 0.6500971
2.26900 0.649879
2.27000 0.649643
2.27100 0.649407
2.27200 0.6491709999999999
2.27300 0.648935
2.27400 0.6486989999999999
2.27500 0.6484629999999999
2.27600 0.648227
2.27700 0.647991
2.27800 0.647755
2.27900 0.647519
2.28000 0.6472289999999999
2.28100 0.6469389999999999
2.28200 0.6466489999999999
2.28300 0.646359
2.28400 0.646069
2.28500 0.6457789999999999
2.28600 0.645489
2.28700 0.645199
2.28800 0.644909
2.28900 0.6446189999999999
2.29000 0.6443188999999999
2.29100 0.6440188
2.29200 0.6437187
2.29300 0.6434186
2.29400 0.6431184999999999
2.29500 0.6428184
2.29600 0.6425183
2.29700 0.6422182
2.29800 0.6419181
2.29900 0.641618
2.30000 0.6412993
2.30100 0.6409806
2.30200 0.6406619
2.30300 0.6403432
2.30400 0.6400245
2.30500 0.6397058
2.30600 0.6393871
2.30700 0.6390684
2.30800 0.6387497
2.30900 0.638431
2.31000 0.6380898
2.31100 0.6377486
2.31200 0.6374074000000001
2.31300 0.6370662
2.31400 0.636725
2.31500 0.6363837999999999
2.31600 0.6360425999999999
2.31700 0.6357014
2.31800 0.6353601999999999
2.31900 0.635019
2.32000 0.6346755
2.32100 0.6343319999999999
2.32200 0.6339885
2.32300 0.6336449999999999
2.32400 0.6333015
2.32500 0.632958
2.32600 0.6326145
2.32700 0.632271
2.32800 0.6319275
2.32900 0.6315839999999999
2.33000 0.6312281
2.33100 0.6308722
2.33200 0.6305162999999999
2.33300 0.6301604
2.33400 0.6298045
2.33500 0.6294486
2.33600 0.6290927
2.33700 0.6287368
2.33800 0.6283809
2.33900 0.6280249999999999
2.34000 0.6276631
2.34100 0.6273012
2.34200 0.6269393
2.34300 0.6265774
2.34400 0.6262155
2.34500 0.6258536
2.34600 0.6254917
2.34700 0.6251298000000001
2.34800 0.6247678999999999
2.34900 0.624406
2.35000 0.6240288
2.35100 0.6236516
2.35200 0.6232744
2.35300 0.6228971999999999
2.35400 0.62252
2.35500 0.6221428
2.35600 0.6217656
2.35700 0.6213884000000001
2.35800 0.6210112
2.35900 0.620634
2.36000 0.6202101
2.36100 0.6197862
2.36200 0.6193622999999999
2.36300 0.6189384
2.36400 0.6185145000000001
2.36500 0.6180906
2.36600 0.6176667
2.36700 0.6172428
2.36800 0.6168189
2.36900 0.616395
2.37000 0.6159622
2.37100 0.6155294
2.37200 0.6150966
2.37300 0.6146638
2.37400 0.614231
2.37500 0.6137982
2.37600 0.6133654
2.37700 0.6129325999999999
2.37800 0.6124997999999999
2.37900 0.6120669999999999
2.38000 0.6116356
2.38100 0.6112042
2.38200 0.6107728
2.38300 0.6103414
2.38400 0.60991
2.38500 0.6094786
2.38600 0.6090472
2.38700 0.6086158
2.38800 0.6081844000000001
2.38900 0.607753
2.39000 0.6073232
2.39100 0.6068934
2.39200 0.6064636
2.39300 0.6060338000000001
2.39400 0.605604
2.39500 0.6051742
2.39600 0.6047444000000001
2.39700 0.6043146
2.39800 0.6038848000000001
2.39900 0.6034550000000001
2.40000 0.6030205000000001
2.40100 0.6025860000000001
2.40200 0.6021515
2.40300 0.6017170000000001
2.40400 0.6012825
2.40500 0.600848
2.40600 0.6004135
2.40700 0.599979
2.40800 0.5995445
2.40900 0.59911
2.41000 0.5986303000000001
2.41100 0.5981506000000001
2.41200 0.5976709
2.41300 0.5971912
2.41400 0.5967115
2.41500 0.5962318
2.41600 0.5957521
2.41700 0.5952724
2.41800 0.5947927
2.41900 0.594313
2.42000 0.5938101
2.42100 0.5933072
2.42200 0.5928043
2.42300 0.5923014
2.42400 0.5917985
2.42500 0.5912955999999999
2.42600 0.5907927
2.42700 0.5902898
2.42800 0.5897869
2.42900 0.5892839999999999
2.43000 0.5887892
2.43100 0.5882943999999999
2.43200 0.5877996
2.43300 0.5873048
2.43400 0.58681
2.43500 0.5863151999999999
2.43600 0.5858204
2.43700 0.5853256
2.43800 0.5848308
2.43900 0.584336
2.44000 0.5838665
2.44100 0.5833969999999999
2.44200 0.5829275
2.44300 0.582458
2.44400 0.5819884999999999
2.44500 0.5815189999999999
2.44600 0.5810495
2.44700 0.58058
2.44800 0.5801105
2.44900 0.579641
2.45000 0.5791763999999999
2.45100 0.5787118
2.45200 0.5782472000000001
2.45300 0.5777826
2.45400 0.577318
2.45500 0.5768534
2.45600 0.5763887999999999
2.45700 0.5759242
2.45800 0.5754596000000001
2.45900 0.574995
2.46000 0.5745078
2.46100 0.5740206
2.46200 0.5735334
2.46300 0.5730462000000001
2.46400 0.572559
2.46500 0.5720718
2.46600 0.5715846
2.46700 0.5710974
2.46800 0.5706102
2.46900 0.5701229999999999
2.47000 0.5696074
2.47100 0.5690918
2.47200 0.5685762000000001
2.47300 0.5680606
2.47400 0.567545
2.47500 0.5670294
2.47600 0.5665138000000001
2.47700 0.5659982
2.47800 0.5654826
2.47900 0.564967
2.48000 0.5644542
2.48100 0.5639414
2.48200 0.5634286000000001
2.48300 0.5629158000000001
2.48400 0.562403
2.48500 0.5618902
2.48600 0.5613774
2.48700 0.5608646
2.48800 0.5603518000000001
2.48900 0.559839
2.49000 0.5593677
2.49100 0.5588964
2.49200 0.5584251
2.49300 0.5579538
2.49400 0.5574825000000001
2.49500 0.5570112
2.49600 0.5565399
2.49700 0.5560686
2.49800 0.5555973
2.49900 0.555126
2.50000 0.5546762000000001
2.50100 0.5542264
2.50200 0.5537766000000001
2.50300 0.5533268
2.50400 0.552877
2.50500 0.5524272
2.50600 0.5519774
2.50700 0.5515276
2.50800 0.5510778000000001
2.50900 0.550628
2.51000 0.5501665
2.51100 0.5497050000000001
2.51200 0.5492435
2.51300 0.548782
2.51400 0.5483205
2.51500 0.5478590000000001
2.51600 0.5473975
2.51700 0.546936
2.51800 0.5464745000000001
2.51900 0.5460130000000001
2.52000 0.5455133
2.52100 0.5450136000000001
2.52200 0.5445139
2.52300 0.5440142000000001
2.52400 0.5435145
2.52500 0.5430148
2.52600 0.5425151
2.52700 0.5420154
2.52800 0.5415157
2.52900 0.541016
2.53000 0.5405088
2.53100 0.5400016
2.53200 0.5394944
2.53300 0.5389872
2.53400 0.5384800000000001
2.53500 0.5379728
2.53600 0.5374656
2.53700 0.5369584000000001
2.53800 0.5364512
2.53900 0.535944
2.54000 0.5354622
2.54100 0.5349804
2.54200 0.5344986
2.54300 0.5340168000000001
2.54400 0.533535
2.54500 0.5330532
2.54600 0.5325713999999999
2.54700 0.5320896
2.54800 0.5316078
2.54900 0.531126
2.55000 0.5306770999999999
2.55100 0.5302282
2.55200 0.5297793000000001
2.55300 0.5293304
2.55400 0.5288815
2.55500 0.5284326
2.55600 0.5279837000000001
2.55700 0.5275348
2.55800 0.5270859
2.55900 0.526637
2.56000 0.5261858
2.56100 0.5257346
2.56200 0.5252834
2.56300 0.5248322
2.56400 0.524381
2.56500 0.5239298000000001
2.56600 0.5234786
2.56700 0.5230274
2.56800 0.5225762
2.56900 0.5221250000000001
2.57000 0.5216342
2.57100 0.5211434
2.57200 0.5206526
2.57300 0.5201618000000001
2.57400 0.519671
2.57500 0.5191802
2.57600 0.5186894000000001
2.57700 0.5181986000000001
2.57800 0.5177078
2.57900 0.517217
2.58000 0.5167049
2.58100 0.5161928
2.58200 0.5156807000000001
2.58300 0.5151686000000001
2.58400 0.5146565000000001
2.58500 0.5141444
2.58600 0.5136323
2.58700 0.5131202
2.58800 0.5126081
2.58900 0.512096
2.59000 0.5115956
2.59100 0.5110952
2.59200 0.5105948
2.59300 0.5100944000000001
2.59400 0.5095940000000001
2.59500 0.5090936
2.59600 0.5085932
2.59700 0.5080928
2.59800 0.5075924
2.59900 0.507092
2.60000 0.5066302
2.60100 0.5061684000000001
2.60200 0.5057066
2.60300 0.5052448
2.60400 0.504783
2.60500 0.5043212
2.60600 0.5038594000000001
2.60700 0.5033976
2.60800 0.5029358
2.60900 0.5024740000000001
2.61000 0.5020206
2.61100 0.5015672
2.61200 0.5011138
2.61300 0.5006604
2.61400 0.500207
2.61500 0.4997536
2.61600 0.4993002000000001
2.61700 0.49884680000000003
2.61800 0.4983934
2.61900 0.49794
2.62000 0.4976516
2.62100 0.4973632
2.62200 0.49707480000000004
2.62300 0.4967864000000001
2.62400 0.49649800000000005
2.62500 0.4962096
2.62600 0.4959212
2.62700 0.4956328
2.62800 0.4953444
2.62900 0.49505600000000005
2.63000 0.49498500000000006
2.63100 0.49491399999999997
2.63200 0.49484300000000003
2.63300 0.49477200000000005
2.63400 0.49470100000000006
2.63500 0.49463
2.63600 0.494559
2.63700 0.49448800000000004
2.63800 0.494417
2.63900 0.494346
2.64000 0.49428609999999995
2.64100 0.49422620000000006
2.64200 0.4941663
2.64300 0.4941064
2.64400 0.49404649999999994
2.64500 0.49398660000000005
2.64600 0.4939267
2.64700 0.4938668
2.64800 0.49380690000000005
2.64900 0.49374700000000005
