0 1.562215766103293
0.001 1.54726
0.002 1.53231
0.003 1.48071
0.004 1.37168
0.005 1.25794
0.006 1.1365
0.007 1.01004
0.008 0.886765
0.009 0.776582
0.010 0.66976
0.011 0.559082
0.012 0.442214
0.013 0.325629
0.014 0.220319
0.015 0.122554
0.016 0.0235263
0.017 -0.0808162
0.018 -0.186557
0.019 -0.286055
0.020 -0.375293
0.021 -0.463822
0.022 -0.553932
0.023 -0.645126
0.024 -0.733806
0.025 -0.811654
0.026 -0.886579
0.027 -0.961395
0.028 -1.03603
0.029 -1.11021
0.030 -1.17726
0.031 -1.23931
0.032 -1.30097
0.033 -1.36096
0.034 -1.42048
0.035 -1.47766
0.036 -1.53079
0.037 -1.58334
0.038 -1.6316
0.039 -1.6768
0.040 -1.72203
0.041 -1.76745
0.042 -1.81294
0.043 -1.85453
0.044 -1.88928
0.045 -1.92345
0.046 -1.95846
0.047 -1.99406
0.048 -2.02811
0.049 -2.05489
0.050 -2.07956
0.051 -2.10386
0.052 -2.12752
0.053 -2.15086
0.054 -2.1695
0.055 -2.18461
0.056 -2.19934
0.057 -2.21237
0.058 -2.22489
0.059 -2.23568
0.060 -2.24327
0.061 -2.25041
0.062 -2.2546
0.063 -2.25654
0.064 -2.25801
0.065 -2.25719
0.066 -2.25566
0.067 -2.24928
0.068 -2.23369
0.069 -2.21712
0.070 -2.19923
0.071 -2.1803
0.072 -2.15595
0.073 -2.10428
0.074 -2.04409
0.075 -1.98109
0.076 -1.91265
0.077 -1.84304
0.078 -1.75969
0.079 -1.66534
0.080 -1.56863
0.081 -1.46005
0.082 -1.34767
0.083 -1.23266
0.084 -1.11242
0.085 -0.991055
0.086 -0.856291
0.087 -0.710541
0.088 -0.564836
0.089 -0.419777
0.090 -0.274928
0.091 -0.121927
0.092 0.0476222
0.093 0.218748
0.094 0.383494
0.095 0.542895
0.096 0.704541
0.097 0.878709
0.098 1.05707
0.099 1.22874
0.100 1.3865
0.101 1.54285
0.102 1.7039
0.103 1.86898
0.104 2.03129
0.105 2.17779
0.106 2.31886
0.107 2.46075
0.108 2.6044
0.109 2.74795
0.110 2.88292
0.111 3.01039
0.112 3.13613
0.113 3.25231
0.114 3.36513
0.115 3.47717
0.116 3.58754
0.117 3.69712
0.118 3.78878
0.119 3.86443
0.120 3.94102
0.121 4.02441
0.122 4.11025
0.123 4.19352
0.124 4.27109
0.125 4.3481
0.126 4.43099
0.127 4.51925
0.128 4.60669
0.129 4.68864
0.130 4.76858
0.131 4.85072
0.132 4.93788
0.133 5.02552
0.134 5.10677
0.135 5.18208
0.136 5.25736
0.137 5.33309
0.138 5.40899
0.139 5.48107
0.140 5.54424
0.141 5.60615
0.142 5.66583
0.143 5.72338
0.144 5.77981
0.145 5.82925
0.146 5.87599
0.147 5.92505
0.148 5.97963
0.149 6.03497
0.150 6.0898
0.151 6.14414
0.152 6.19856
0.153 6.25369
0.154 6.30909
0.155 6.3662
0.156 6.42744
0.157 6.48926
0.158 6.54966
0.159 6.60865
0.160 6.66855
0.161 6.73491
0.162 6.80386
0.163 6.87183
0.164 6.93732
0.165 7.00244
0.166 7.06782
0.167 7.13346
0.168 7.19757
0.169 7.25074
0.170 7.2994
0.171 7.33624
0.172 7.34282
0.173 7.34447
0.174 7.32758
0.175 7.29144
0.176 7.24885
0.177 7.1624
0.178 7.05737
0.179 6.94842
0.180 6.82918
0.181 6.70774
0.182 6.54985
0.183 6.3533
0.184 6.156
0.185 5.96087
0.186 5.76668
0.187 5.55279
0.188 5.28605
0.189 5.01063
0.190 4.72438
0.191 4.42639
0.192 4.12577
0.193 3.80722
0.194 3.48071
0.195 3.13636
0.196 2.74302
0.197 2.34132
0.198 1.92224
0.199 1.4839
0.200 1.03788
0.201 0.534684
0.202 0.00551337
0.203 -0.520748
0.204 -1.03882
0.205 -1.556
0.206 -2.11634
0.207 -2.72548
0.208 -3.33272
0.209 -3.91044
0.210 -4.47442
0.211 -5.0596
0.212 -5.7058
0.213 -6.36241
0.214 -6.98922
0.215 -7.5816
0.216 -8.17891
0.217 -8.82944
0.218 -9.50529
0.219 -10.1641
0.220 -10.7724
0.221 -11.3722
0.222 -12.0292
0.223 -12.7536
0.224 -13.4789
0.225 -14.188
0.226 -14.8893
0.227 -15.5916
0.228 -16.2972
0.229 -17.0035
0.230 -17.7317
0.231 -18.4862
0.232 -19.2351
0.233 -19.9239
0.234 -20.5827
0.235 -21.2569
0.236 -21.979
0.237 -22.7098
0.238 -23.3904
0.239 -24.0088
0.240 -24.6271
0.241 -25.269
0.242 -25.9231
0.243 -26.5501
0.244 -27.0913
0.245 -27.6159
0.246 -28.1533
0.247 -28.707
0.248 -29.2555
0.249 -29.7454
0.250 -30.2047
0.251 -30.6707
0.252 -31.1585
0.253 -31.6506
0.254 -32.1127
0.255 -32.5362
0.256 -32.9587
0.257 -33.3903
0.258 -33.8269
0.259 -34.2511
0.260 -34.6342
0.261 -35.0084
0.262 -35.2465
0.263 -35.3052
0.264 -35.3547
