0.00000 0.23840744947287554
0.00100 0.4768148989457511
0.00200 0.7152223484186266
0.00300 0.7153382322790844
0.00400 0.7154541161395422
0.00500 0.71557
0.00600 0.7156866666666667
0.00700 0.7158033333333332
0.00800 0.71592
0.00900 0.7163222222222222
0.01000 0.7167244444444445
0.01100 0.7171266666666667
0.01200 0.7179755555555555
0.01300 0.7188244444444445
0.01400 0.7196733333333333
0.01500 0.72056
0.01600 0.7214466666666666
0.01700 0.7223333333333333
0.01800 0.7232977777777777
0.01900 0.7242622222222223
0.02000 0.7252266666666666
0.02100 0.7262399999999999
0.02200 0.7272533333333334
0.02300 0.7282666666666667
0.02400 0.7292700000000001
0.02500 0.7302733333333333
0.02600 0.7312766666666667
0.02700 0.7322311111111112
0.02800 0.7331855555555555
0.02900 0.73414
0.03000 0.7350822222222222
0.03100 0.7360244444444445
0.03200 0.7369666666666667
0.03300 0.7379522222222222
0.03400 0.7389377777777778
0.03500 0.7399233333333334
0.03600 0.74098
0.03700 0.7420366666666668
0.03800 0.7430933333333334
0.03900 0.74415
0.04000 0.7452066666666667
0.04100 0.7462633333333333
0.04200 0.7472433333333334
0.04300 0.7482233333333332
0.04400 0.7492033333333333
0.04500 0.7501322222222222
0.04600 0.7510611111111111
0.04700 0.75199
0.04800 0.75296
0.04900 0.75393
0.05000 0.7549
0.05100 0.75604
0.05200 0.75718
0.05300 0.75832
0.05400 0.7595044444444445
0.05500 0.7606888888888889
0.05600 0.7618733333333334
0.05700 0.7630566666666666
0.05800 0.76424
0.05900 0.7654233333333332
0.06000 0.7666044444444444
0.06100 0.7677855555555556
0.06200 0.7689666666666667
0.06300 0.7701911111111112
0.06400 0.7714155555555555
0.06500 0.77264
0.06600 0.7745466666666667
0.06700 0.7764533333333333
0.06800 0.77836
0.06900 0.7807355555555556
0.07000 0.7831111111111112
0.07100 0.7854866666666668
0.07200 0.7879200000000001
0.07300 0.7903533333333334
0.07400 0.7927866666666666
0.07500 0.7954722222222221
0.07600 0.7981577777777779
0.07700 0.8008433333333334
0.07800 0.8035966666666666
0.07900 0.80635
0.08000 0.8091033333333333
0.08100 0.812458888888889
0.08200 0.8158144444444444
0.08300 0.8191700000000001
0.08400 0.8235388888888889
0.08500 0.8279077777777778
0.08600 0.8322766666666667
0.08700 0.836728888888889
0.08800 0.8411811111111112
0.08900 0.8456333333333333
0.09000 0.8500777777777778
0.09100 0.8545222222222223
0.09200 0.8589666666666668
0.09300 0.8634044444444444
0.09400 0.8678422222222223
0.09500 0.8722799999999999
0.09600 0.8769444444444444
0.09700 0.8816088888888888
0.09800 0.8862733333333334
0.09900 0.8919333333333334
0.10000 0.8975933333333334
0.10100 0.9032533333333334
0.10200 0.90919
0.10300 0.9151266666666666
0.10400 0.9210633333333332
0.10500 0.9269388888888889
0.10600 0.9328144444444444
0.10700 0.9386899999999999
0.10800 0.9444644444444444
0.10900 0.9502388888888889
0.11000 0.9560133333333334
0.11100 0.9618000000000001
0.11200 0.9675866666666666
0.11300 0.9733733333333333
0.11400 0.97954
0.11500 0.9857066666666667
0.11600 0.9918733333333334
0.11700 0.9983133333333334
0.11800 1.0047533333333334
0.11900 1.0111933333333334
0.12000 1.0177177777777777
0.12100 1.0242422222222223
0.12200 1.0307666666666666
0.12300 1.0376822222222222
0.12400 1.0445977777777777
0.12500 1.0515133333333333
0.12600 1.0585377777777778
0.12700 1.0655622222222223
0.12800 1.0725866666666668
0.12900 1.07963
0.13000 1.0866733333333334
0.13100 1.0937166666666667
0.13200 1.1007933333333333
0.13300 1.10787
0.13400 1.1149466666666668
0.13500 1.1220766666666666
0.13600 1.1292066666666667
0.13700 1.1363366666666666
0.13800 1.1443733333333332
0.13900 1.15241
0.14000 1.1604466666666666
0.14100 1.1691477777777777
0.14200 1.177848888888889
0.14300 1.18655
0.14400 1.1953266666666666
0.14500 1.2041033333333333
0.14600 1.21288
0.14700 1.2220022222222222
0.14800 1.2311244444444445
0.14900 1.2402466666666667
0.15000 1.24947
0.15100 1.2586933333333332
0.15200 1.2679166666666666
0.15300 1.2777766666666668
0.15400 1.2876366666666665
0.15500 1.2974966666666667
0.15600 1.3085077777777778
0.15700 1.319518888888889
0.15800 1.33053
0.15900 1.3416344444444446
0.16000 1.352738888888889
0.16100 1.3638433333333333
0.16200 1.3747244444444444
0.16300 1.3856055555555555
0.16400 1.3964866666666669
0.16500 1.4072011111111111
0.16600 1.4179155555555558
0.16700 1.42863
0.16800 1.43962
0.16900 1.4506100000000002
0.17000 1.4616
0.17100 1.473911111111111
0.17200 1.4862222222222223
0.17300 1.4985333333333333
0.17400 1.511238888888889
0.17500 1.5239444444444443
0.17600 1.53665
0.17700 1.5490233333333334
0.17800 1.5613966666666668
0.17900 1.57377
0.18000 1.5855288888888888
0.18100 1.5972877777777779
0.18200 1.6090466666666667
0.18300 1.6208
0.18400 1.6325533333333333
0.18500 1.6443066666666668
0.18600 1.6571522222222221
0.18700 1.669997777777778
0.18800 1.6828433333333335
0.18900 1.6965255555555556
0.19000 1.7102077777777778
0.19100 1.72389
0.19200 1.737391111111111
0.19300 1.7508922222222223
0.19400 1.7643933333333335
0.19500 1.7769844444444445
0.19600 1.7895755555555557
0.19700 1.8021666666666667
0.19800 1.8144811111111112
0.19900 1.8267955555555557
0.20000 1.83911
0.20100 1.8518977777777776
0.20200 1.8646855555555557
0.20300 1.8774733333333333
0.20400 1.8911555555555555
0.20500 1.9048377777777779
0.20600 1.91852
0.20700 1.932248888888889
0.20800 1.945977777777778
0.20900 1.9597066666666667
0.21000 1.9725333333333335
0.21100 1.98536
0.21200 1.9981866666666666
0.21300 2.0103044444444444
0.21400 2.022422222222222
0.21500 2.0345400000000002
0.21600 2.0467755555555556
0.21700 2.059011111111111
0.21800 2.0712466666666667
0.21900 2.0840899999999998
0.22000 2.0969333333333333
0.22100 2.1097766666666664
0.22200 2.12281
0.22300 2.1358433333333333
0.22400 2.1488766666666668
0.22500 2.1617599999999997
0.22600 2.1746433333333335
0.22700 2.1875266666666664
0.22800 2.200121111111111
0.22900 2.2127155555555555
0.23000 2.22531
0.23100 2.2378211111111113
0.23200 2.250332222222222
0.23300 2.262843333333333
0.23400 2.2741455555555556
0.23500 2.2854477777777777
0.23600 2.29675
0.23700 2.3070833333333334
0.23800 2.317416666666667
0.23900 2.32775
0.24000 2.3381688888888887
0.24100 2.348587777777778
0.24200 2.3590066666666667
0.24300 2.3699044444444444
0.24400 2.380802222222222
0.24500 2.3916999999999997
0.24600 2.4027499999999997
0.24700 2.4137999999999997
0.24800 2.4248499999999997
0.24900 2.4350988888888887
0.25000 2.4453477777777777
0.25100 2.4555966666666666
0.25200 2.4642577777777777
0.25300 2.472918888888889
0.25400 2.48158
0.25500 2.4900788888888887
0.25600 2.498577777777778
0.25700 2.507076666666667
0.25800 2.515737777777778
0.25900 2.524398888888889
0.26000 2.53306
0.26100 2.541852222222222
0.26200 2.5506444444444445
0.26300 2.5594366666666666
0.26400 2.5679244444444445
0.26500 2.576412222222222
0.26600 2.5848999999999998
0.26700 2.5917544444444442
0.26800 2.5986088888888887
0.26900 2.6054633333333332
0.27000 2.6117822222222222
0.27100 2.618101111111111
0.27200 2.62442
0.27300 2.6305866666666664
0.27400 2.6367533333333335
0.27500 2.6429199999999997
0.27600 2.6487755555555554
0.27700 2.654631111111111
0.27800 2.660486666666667
0.27900 2.666262222222222
0.28000 2.6720377777777777
0.28100 2.6778133333333334
0.28200 2.6824644444444448
0.28300 2.6871155555555557
0.28400 2.6917666666666666
0.28500 2.6954766666666665
0.28600 2.6991866666666664
0.28700 2.7028966666666663
0.28800 2.7065655555555552
0.28900 2.710234444444444
0.29000 2.713903333333333
0.29100 2.7173966666666662
0.29200 2.7208900000000003
0.29300 2.7243833333333334
0.29400 2.7278177777777777
0.29500 2.7312522222222224
0.29600 2.7346866666666667
0.29700 2.7378455555555554
0.29800 2.7410044444444446
0.29900 2.7441633333333333
0.30000 2.7467522222222223
0.30100 2.749341111111111
0.30200 2.7519299999999998
0.30300 2.7544477777777776
0.30400 2.756965555555555
0.30500 2.7594833333333333
0.30600 2.7618733333333334
0.30700 2.7642633333333335
0.30800 2.7666533333333336
0.30900 2.7689333333333335
0.31000 2.7712133333333333
0.31100 2.773493333333333
0.31200 2.7757133333333335
0.31300 2.7779333333333334
0.31400 2.7801533333333333
0.31500 2.7820433333333336
0.31600 2.783933333333333
0.31700 2.785823333333333
0.31800 2.7876
0.31900 2.789376666666666
0.32000 2.7911533333333334
0.32100 2.7927866666666663
0.32200 2.79442
0.32300 2.796053333333333
0.32400 2.7973844444444445
0.32500 2.7987155555555554
0.32600 2.800046666666667
0.32700 2.8013355555555557
0.32800 2.802624444444444
0.32900 2.8039133333333335
0.33000 2.80504
0.33100 2.8061666666666665
0.33200 2.8072933333333334
0.33300 2.8082788888888888
0.33400 2.8092644444444446
0.33500 2.81025
0.33600 2.8111255555555554
0.33700 2.8120011111111114
0.33800 2.8128766666666665
0.33900 2.8131299999999997
0.34000 2.813383333333334
0.34100 2.813636666666667
0.34200 2.81367
0.34300 2.8137033333333332
0.34400 2.8137366666666668
0.34500 2.8136533333333333
0.34600 2.81357
0.34700 2.8134866666666665
0.34800 2.8131466666666665
0.34900 2.812806666666667
0.35000 2.812466666666667
0.35100 2.8120700000000003
0.35200 2.8116733333333332
0.35300 2.8112766666666666
0.35400 2.8101155555555555
0.35500 2.8089544444444443
0.35600 2.807793333333333
0.35700 2.805947777777778
0.35800 2.804102222222222
0.35900 2.8022566666666666
0.36000 2.800257777777778
0.36100 2.798258888888889
0.36200 2.79626
0.36300 2.7933977777777783
0.36400 2.7905355555555555
0.36500 2.7876733333333337
0.36600 2.7845011111111115
0.36700 2.7813288888888885
0.36800 2.7781566666666664
0.36900 2.7743466666666663
0.37000 2.7705366666666666
0.37100 2.7667266666666666
0.37200 2.7614966666666665
0.37300 2.7562666666666664
0.37400 2.7510366666666664
0.37500 2.7455966666666662
0.37600 2.740156666666667
0.37700 2.734716666666667
0.37800 2.72824
0.37900 2.7217633333333335
0.38000 2.715286666666667
0.38100 2.707862222222223
0.38200 2.7004377777777777
0.38300 2.6930133333333335
0.38400 2.6854700000000005
0.38500 2.6779266666666666
0.38600 2.6703833333333336
0.38700 2.662186666666667
0.38800 2.65399
0.38900 2.645793333333333
0.39000 2.6373555555555557
0.39100 2.6289177777777777
0.39200 2.62048
0.39300 2.611391111111111
0.39400 2.6023022222222223
0.39500 2.5932133333333334
0.39600 2.582637777777778
0.39700 2.5720622222222222
0.39800 2.5614866666666667
0.39900 2.550718888888889
0.40000 2.5399511111111113
0.40100 2.5291833333333336
0.40200 2.5185066666666667
0.40300 2.50783
0.40400 2.4971533333333333
0.40500 2.486562222222222
0.40600 2.4759711111111113
0.40700 2.46538
0.40800 2.4545233333333334
0.40900 2.4436666666666667
0.41000 2.43281
0.41100 2.420278888888889
0.41200 2.407747777777778
0.41300 2.3952166666666668
0.41400 2.3820522222222222
0.41500 2.3688877777777777
0.41600 2.355723333333333
0.41700 2.3428033333333333
0.41800 2.3298833333333335
0.41900 2.3169633333333333
0.42000 2.3046133333333336
0.42100 2.292263333333333
0.42200 2.2799133333333335
0.42300 2.2675899999999998
0.42400 2.255266666666667
0.42500 2.2429433333333333
0.42600 2.228717777777778
0.42700 2.2144922222222223
0.42800 2.2002666666666664
0.42900 2.1842288888888888
0.43000 2.168191111111111
0.43100 2.152153333333333
0.43200 2.1362022222222223
0.43300 2.120251111111111
0.43400 2.1043
0.43500 2.0891122222222225
0.43600 2.0739244444444442
0.43700 2.058736666666667
0.43800 2.0438433333333332
0.43900 2.02895
0.44000 2.0140566666666664
0.44100 1.9966977777777777
0.44200 1.9793388888888888
0.44300 1.9619799999999998
0.44400 1.9387333333333334
0.44500 1.9154866666666666
0.44600 1.8922400000000001
0.44700 1.8681644444444447
0.44800 1.8440888888888889
0.44900 1.8200133333333335
0.45000 1.7954433333333333
0.45100 1.7708733333333333
0.45200 1.7463033333333333
0.45300 1.7212499999999997
0.45400 1.6961966666666666
0.45500 1.6711433333333332
0.45600 1.6456722222222222
0.45700 1.620201111111111
0.45800 1.59473
0.45900 1.566521111111111
0.46000 1.5383122222222223
0.46100 1.5101033333333334
0.46200 1.4808111111111113
0.46300 1.4515188888888888
0.46400 1.4222266666666668
0.46500 1.391922222222222
0.46600 1.3616177777777778
0.46700 1.3313133333333333
0.46800 1.2985377777777778
0.46900 1.2657622222222222
0.47000 1.2329866666666667
0.47100 1.1998633333333333
0.47200 1.16674
0.47300 1.1336166666666667
0.47400 1.1007833333333334
0.47500 1.06795
0.47600 1.0351166666666667
0.47700 1.0025733333333333
0.47800 0.9700300000000001
0.47900 0.9374866666666667
0.48000 0.9044500000000001
0.48100 0.8714133333333334
0.48200 0.8383766666666667
0.48300 0.8018988888888888
0.48400 0.7654211111111112
0.48500 0.7289433333333334
0.48600 0.6910722222222222
0.48700 0.6532011111111111
0.48800 0.61533
0.48900 0.5780888888888889
0.49000 0.5408477777777778
0.49100 0.5036066666666666
0.49200 0.4679433333333334
0.49300 0.43228
0.49400 0.3966166666666667
0.49500 0.36113033333333333
0.49600 0.325644
0.49700 0.2901576666666667
0.49800 0.2518938888888889
0.49900 0.2136301111111111
0.50000 0.17536633333333332
0.50100 0.13427966666666666
0.50200 0.09319300000000001
0.50300 0.05210633333333333
0.50400 0.011281000000000008
0.50500 -0.029544333333333322
0.50600 -0.07036966666666665
0.50700 -0.10887833333333334
0.50800 -0.14738700000000002
0.50900 -0.18589566666666668
0.51000 -0.22344511111111112
0.51100 -0.26099455555555556
0.51200 -0.298544
0.51300 -0.33816266666666667
0.51400 -0.3777813333333333
0.51500 -0.4174
0.51600 -0.46232
0.51700 -0.50724
0.51800 -0.55216
0.51900 -0.5978588888888888
0.52000 -0.6435577777777778
0.52100 -0.6892566666666666
0.52200 -0.7335088888888889
0.52300 -0.777761111111111
0.52400 -0.8220133333333334
0.52500 -0.8647622222222222
0.52600 -0.907511111111111
0.52700 -0.95026
0.52800 -0.9936444444444444
0.52900 -1.0370288888888888
0.53000 -1.0804133333333332
0.53100 -1.1287266666666667
0.53200 -1.17704
0.53300 -1.2253533333333333
0.53400 -1.2757544444444444
0.53500 -1.3261555555555555
0.53600 -1.3765566666666667
0.53700 -1.4257244444444446
0.53800 -1.4748922222222223
0.53900 -1.5240600000000002
0.54000 -1.56999
0.54100 -1.61592
0.54200 -1.66185
0.54300 -1.7073255555555555
0.54400 -1.752801111111111
0.54500 -1.7982766666666665
0.54600 -1.8468722222222222
0.54700 -1.8954677777777775
0.54800 -1.9440633333333333
0.54900 -1.9959677777777778
0.55000 -2.0478722222222223
0.55100 -2.0997766666666666
0.55200 -2.151342222222222
0.55300 -2.202907777777778
0.55400 -2.2544733333333333
0.55500 -2.3027944444444444
0.55600 -2.351115555555556
0.55700 -2.399436666666667
0.55800 -2.4463500000000002
0.55900 -2.493263333333333
0.56000 -2.5401766666666665
0.56100 -2.5878255555555554
0.56200 -2.6354744444444442
0.56300 -2.683123333333333
0.56400 -2.732746666666667
0.56500 -2.78237
0.56600 -2.831993333333333
0.56700 -2.8819344444444446
0.56800 -2.931875555555555
0.56900 -2.9818166666666666
0.57000 -3.031778888888889
0.57100 -3.081741111111111
0.57200 -3.1317033333333337
0.57300 -3.1816911111111117
0.57400 -3.2316788888888888
0.57500 -3.2816666666666667
0.57600 -3.330877777777778
0.57700 -3.380088888888889
0.57800 -3.4293
0.57900 -3.4724333333333335
0.58000 -3.5155666666666665
0.58100 -3.5587
0.58200 -3.599133333333333
0.58300 -3.6395666666666666
0.58400 -3.6799999999999997
0.58500 -3.721477777777778
0.58600 -3.762955555555555
0.58700 -3.8044333333333333
0.58800 -3.8487555555555555
0.58900 -3.893077777777778
0.59000 -3.9374000000000002
0.59100 -3.9821444444444443
0.59200 -4.026888888888889
0.59300 -4.071633333333334
0.59400 -4.112733333333334
0.59500 -4.153833333333333
0.59600 -4.194933333333333
0.59700 -4.2320111111111105
0.59800 -4.269088888888889
0.59900 -4.306166666666667
0.60000 -4.343344444444445
0.60100 -4.380522222222222
0.60200 -4.4177
0.60300 -4.456755555555556
0.60400 -4.495811111111111
0.60500 -4.534866666666667
0.60600 -4.574766666666666
0.60700 -4.6146666666666665
0.60800 -4.654566666666667
0.60900 -4.6927111111111115
0.61000 -4.730855555555555
0.61100 -4.769
0.61200 -4.8021666666666665
0.61300 -4.835333333333334
0.61400 -4.8685
0.61500 -4.900822222222222
0.61600 -4.933144444444444
0.61700 -4.965466666666667
0.61800 -4.998377777777778
0.61900 -5.031288888888889
0.62000 -5.0642000000000005
0.62100 -5.097777777777778
0.62200 -5.1313555555555554
0.62300 -5.164933333333333
0.62400 -5.198011111111112
0.62500 -5.2310888888888885
0.62600 -5.264166666666667
0.62700 -5.293
0.62800 -5.321833333333333
0.62900 -5.350666666666666
0.63000 -5.377511111111112
0.63100 -5.404355555555555
0.63200 -5.4312000000000005
0.63300 -5.457722222222222
0.63400 -5.484244444444445
0.63500 -5.510766666666666
0.63600 -5.536355555555556
0.63700 -5.5619444444444435
0.63800 -5.587533333333333
0.63900 -5.612933333333333
0.64000 -5.638333333333333
0.64100 -5.663733333333333
0.64200 -5.686466666666667
0.64300 -5.709199999999999
0.64400 -5.731933333333333
0.64500 -5.751577777777777
0.64600 -5.771222222222222
0.64700 -5.790866666666666
0.64800 -5.81
0.64900 -5.829133333333332
0.65000 -5.8482666666666665
0.65100 -5.863933333333333
0.65200 -5.8796
0.65300 -5.895266666666667
0.65400 -5.909288888888889
0.65500 -5.923311111111111
0.65600 -5.937333333333334
0.65700 -5.950355555555556
0.65800 -5.9633777777777786
0.65900 -5.976400000000001
0.66000 -5.986477777777778
0.66100 -5.996555555555556
0.66200 -6.006633333333333
0.66300 -6.016155555555556
0.66400 -6.025677777777777
0.66500 -6.0352
0.66600 -6.041322222222221
0.66700 -6.047444444444444
0.66800 -6.053566666666666
0.66900 -6.0556777777777775
0.67000 -6.057788888888889
0.67100 -6.0599
0.67200 -6.061688888888889
0.67300 -6.063477777777777
0.67400 -6.065266666666666
0.67500 -6.065588888888889
0.67600 -6.06591111111111
0.67700 -6.066233333333333
0.67800 -6.065833333333333
0.67900 -6.065433333333334
0.68000 -6.065033333333333
0.68100 -6.063111111111112
0.68200 -6.061188888888889
0.68300 -6.059266666666667
0.68400 -6.052744444444445
0.68500 -6.046222222222222
0.68600 -6.0397
0.68700 -6.032322222222223
0.68800 -6.024944444444444
0.68900 -6.017566666666667
0.69000 -6.009155555555556
0.69100 -6.000744444444444
0.69200 -5.992333333333334
0.69300 -5.982688888888888
0.69400 -5.973044444444445
0.69500 -5.9634
0.69600 -5.953433333333333
0.69700 -5.943466666666667
0.69800 -5.9334999999999996
0.69900 -5.920977777777778
0.70000 -5.908455555555555
0.70100 -5.895933333333333
0.70200 -5.882122222222222
0.70300 -5.868311111111112
0.70400 -5.854500000000001
0.70500 -5.839833333333334
0.70600 -5.825166666666667
0.70700 -5.8105
0.70800 -5.793144444444445
0.70900 -5.775788888888889
0.71000 -5.7584333333333335
0.71100 -5.740566666666667
0.71200 -5.7227
0.71300 -5.704833333333333
0.71400 -5.685866666666667
0.71500 -5.666899999999999
0.71600 -5.6479333333333335
0.71700 -5.627611111111111
0.71800 -5.607288888888888
0.71900 -5.586966666666666
0.72000 -5.566255555555556
0.72100 -5.545544444444444
0.72200 -5.5248333333333335
0.72300 -5.500922222222222
0.72400 -5.4770111111111115
0.72500 -5.4531
0.72600 -5.427566666666667
0.72700 -5.402033333333333
0.72800 -5.3765
0.72900 -5.350944444444444
0.73000 -5.325388888888889
0.73100 -5.299833333333333
0.73200 -5.274233333333333
0.73300 -5.248633333333333
0.73400 -5.223033333333333
0.73500 -5.197422222222222
0.73600 -5.1718111111111105
0.73700 -5.146199999999999
0.73800 -5.118788888888889
0.73900 -5.091377777777778
0.74000 -5.0639666666666665
0.74100 -5.034277777777778
0.74200 -5.004588888888889
0.74300 -4.9749
0.74400 -4.945277777777778
0.74500 -4.9156555555555554
0.74600 -4.886033333333333
0.74700 -4.858177777777778
0.74800 -4.830322222222223
0.74900 -4.802466666666667
0.75000 -4.775533333333334
0.75100 -4.7486
0.75200 -4.721666666666667
0.75300 -4.693666666666666
0.75400 -4.665666666666667
0.75500 -4.637666666666667
0.75600 -4.606255555555555
0.75700 -4.5748444444444445
0.75800 -4.543433333333334
0.75900 -4.511344444444444
0.76000 -4.4792555555555555
0.76100 -4.447166666666667
0.76200 -4.416344444444444
0.76300 -4.385522222222222
0.76400 -4.3547
0.76500 -4.3255
0.76600 -4.2963
0.76700 -4.2671
0.76800 -4.237566666666667
0.76900 -4.208033333333334
0.77000 -4.1785000000000005
0.77100 -4.144577777777778
0.77200 -4.110655555555556
0.77300 -4.076733333333333
0.77400 -4.040466666666666
0.77500 -4.0042
0.77600 -3.9679333333333333
0.77700 -3.9323444444444444
0.77800 -3.896755555555556
0.77900 -3.861166666666667
0.78000 -3.827788888888889
0.78100 -3.794411111111111
0.78200 -3.7610333333333332
0.78300 -3.728155555555555
0.78400 -3.6952777777777777
0.78500 -3.6624
0.78600 -3.6414888888888886
0.78700 -3.6205777777777777
0.78800 -3.5996666666666663
0.78900 -3.5945111111111108
0.79000 -3.589355555555555
0.79100 -3.5841999999999996
0.79200 -3.5798555555555556
0.79300 -3.5755111111111106
0.79400 -3.5711666666666666
