0.00000 -0.0180257360199505
0.00100 -0.036051472039901
0.00200 -0.0312193360199505
0.00300 -0.0263872
0.00400 -0.021555075
0.00500 -0.01672295
0.00600 -4.582499999999934e-05
0.00700 0.0166313
0.00800 0.0518689
0.00900 0.0871065
0.01000 0.12389125000000001
0.01100 0.160676
0.01200 0.20029025
0.01300 0.2399045
0.01400 0.28136875
0.01500 0.322833
0.01600 0.36353199999999997
0.01700 0.404231
0.01800 0.44179650000000004
0.01900 0.479362
0.02000 0.5161235
0.02100 0.552885
0.02200 0.59117
0.02300 0.629455
0.02400 0.6701825
0.02500 0.71091
0.02600 0.7515975
0.02700 0.792285
0.02800 0.8295625
0.02900 0.86684
0.03000 0.901835
0.03100 0.93683
0.03200 0.9722925
0.03300 1.007755
0.03400 1.045185
0.03500 1.082615
0.03600 1.1205625000000001
0.03700 1.15851
0.03800 1.194255
0.03900 1.23
0.04000 1.262125
0.04100 1.29425
0.04200 1.326055
0.04300 1.35786
0.04400 1.3891425000000002
0.04500 1.420425
0.04600 1.4513500000000001
0.04700 1.482275
0.04800 1.5121449999999999
0.04900 1.542015
0.05000 1.5673300000000001
0.05100 1.592645
0.05200 1.6167325
0.05300 1.64082
0.05400 1.663705
0.05500 1.68659
0.05600 1.7074574999999999
0.05700 1.728325
0.05800 1.7488575
0.05900 1.76939
0.06000 1.7871424999999999
0.06100 1.804895
0.06200 1.820695
0.06300 1.836495
0.06400 1.8517225000000002
0.06500 1.86695
0.06600 1.879645
0.06700 1.89234
0.06800 1.904335
0.06900 1.91633
0.07000 1.9275325
0.07100 1.938735
0.07200 1.9485675
0.07300 1.9584
0.07400 1.96799
0.07500 1.97758
0.07600 1.9849875
0.07700 1.992395
0.07800 1.9982324999999999
0.07900 2.00407
0.08000 2.0098575
0.08100 2.015645
0.08200 2.021205
0.08300 2.026765
0.08400 2.0322575
0.08500 2.03775
0.08600 2.04256
0.08700 2.04737
0.08800 2.0509675
0.08900 2.054565
0.09000 2.058115
0.09100 2.061665
0.09200 2.0662875
0.09300 2.07091
0.09400 2.0763125000000002
0.09500 2.081715
0.09600 2.0874975
0.09700 2.09328
0.09800 2.1007975
0.09900 2.108315
0.10000 2.11634
0.10100 2.124365
0.10200 2.1334375000000003
0.10300 2.14251
0.10400 2.15348
0.10500 2.16445
0.10600 2.1756349999999998
0.10700 2.18682
0.10800 2.198795
0.10900 2.21077
0.11000 2.2233400000000003
0.11100 2.23591
0.11200 2.2489225
0.11300 2.261935
0.11400 2.2770475
0.11500 2.29216
0.11600 2.3078975
0.11700 2.323635
0.11800 2.339175
0.11900 2.354715
0.12000 2.369895
0.12100 2.385075
0.12200 2.400295
0.12300 2.415515
0.12400 2.4322625
0.12500 2.44901
0.12600 2.466935
0.12700 2.48486
0.12800 2.5025575
0.12900 2.520255
0.13000 2.5368325
0.13100 2.55341
0.13200 2.5696475000000003
0.13300 2.585885
0.13400 2.60366
0.13500 2.621435
0.13600 2.6421200000000002
0.13700 2.662805
0.13800 2.683735
0.13900 2.704665
0.14000 2.72468
0.14100 2.744695
0.14200 2.7639899999999997
0.14300 2.783285
0.14400 2.8045925
0.14500 2.8259
0.14600 2.8573775
0.14700 2.888855
0.14800 2.9235100000000003
0.14900 2.958165
0.15000 2.9936625
0.15100 3.02916
0.15200 3.066295
0.15300 3.10343
0.15400 3.1409000000000002
0.15500 3.17837
0.15600 3.21965
0.15700 3.26093
0.15800 3.3052650000000003
0.15900 3.3496
0.16000 3.3948825
0.16100 3.440165
0.16200 3.4902724999999997
0.16300 3.54038
0.16400 3.5920275
0.16500 3.643675
0.16600 3.6955675
0.16700 3.74746
0.16800 3.7998399999999997
0.16900 3.85222
0.17000 3.9048675
0.17100 3.957515
0.17200 4.0153775
0.17300 4.07324
0.17400 4.1353725
0.17500 4.197505
0.17600 4.259382499999999
0.17700 4.32126
0.17800 4.3816299999999995
0.17900 4.442
0.18000 4.501875
0.18100 4.56175
0.18200 4.624955
0.18300 4.68816
0.18400 4.7581325
0.18500 4.828105
0.18600 4.8987175
0.18700 4.96933
0.18800 5.037240000000001
0.18900 5.10515
0.19000 5.1708
0.19100 5.23645
0.19200 5.303725
0.19300 5.371
0.19400 5.447325
0.19500 5.52365
0.19600 5.602975
0.19700 5.6823
0.19800 5.759874999999999
0.19900 5.83745
0.20000 5.911325
0.20100 5.9852
0.20200 6.058925
0.20300 6.13265
0.20400 6.21265
0.20500 6.29265
0.20600 6.37805
0.20700 6.46345
0.20800 6.547825
0.20900 6.6322
0.21000 6.71065
0.21100 6.7891
0.21200 6.865500000000001
0.21300 6.9419
0.21400 7.021075
0.21500 7.10025
0.21600 7.18525
0.21700 7.27025
0.21800 7.3558
0.21900 7.44135
0.22000 7.523
0.22100 7.60465
0.22200 7.6829
0.22300 7.76115
0.22400 7.8393250000000005
0.22500 7.9175
0.22600 7.9955750000000005
0.22700 8.07365
0.22800 8.151724999999999
0.22900 8.2298
0.23000 8.3082
0.23100 8.3866
0.23200 8.465724999999999
0.23300 8.54485
0.23400 8.623850000000001
0.23500 8.70285
0.23600 8.774325000000001
0.23700 8.8458
0.23800 8.910525
0.23900 8.97525
0.24000 9.041075
0.24100 9.1069
0.24200 9.179725
0.24300 9.25255
0.24400 9.32785
0.24500 9.40315
0.24600 9.477425
0.24700 9.5517
0.24800 9.623675
0.24900 9.69565
0.25000 9.7675
0.25100 9.83935
0.25200 9.917200000000001
0.25300 9.99505
0.25400 10.078325
0.25500 10.1616
0.25600 10.244275
0.25700 10.32695
0.25800 10.40535
0.25900 10.48375
0.26000 10.56055
0.26100 10.63735
0.26200 10.71715
0.26300 10.79695
0.26400 10.883575
0.26500 10.9702
0.26600 11.057575
0.26700 11.14495
0.26800 11.2274
0.26900 11.30985
0.27000 11.387725
0.27100 11.4656
0.27200 11.54425
0.27300 11.6229
0.27400 11.706775
0.27500 11.79065
0.27600 11.8765
0.27700 11.96235
0.27800 12.045125
0.27900 12.1279
0.28000 12.203475000000001
0.28100 12.27905
0.28200 12.353725
0.28300 12.4284
0.28400 12.505125
0.28500 12.58185
0.28600 12.660499999999999
0.28700 12.73915
0.28800 12.816725
0.28900 12.8943
0.29000 12.9647
0.29100 13.0351
0.29200 13.10275
0.29300 13.1704
0.29400 13.240325
0.29500 13.31025
0.29600 13.385625000000001
0.29700 13.461
0.29800 13.5371
0.29900 13.6132
0.30000 13.687875
0.30100 13.76255
0.30200 13.83585
0.30300 13.90915
0.30400 13.981825
0.30500 14.0545
0.30600 14.1233
0.30700 14.1921
0.30800 14.25935
0.30900 14.3266
0.31000 14.395174999999998
0.31100 14.46375
0.31200 14.535475
0.31300 14.6072
0.31400 14.67925
0.31500 14.7513
0.31600 14.817375
0.31700 14.88345
0.31800 14.94355
0.31900 15.00365
0.32000 15.0641
0.32100 15.12455
0.32200 15.188324999999999
0.32300 15.2521
0.32400 15.317175
0.32500 15.38225
0.32600 15.444
0.32700 15.50575
0.32800 15.559125000000002
0.32900 15.6125
0.33000 15.66465
0.33100 15.7168
0.33200 15.7693
0.33300 15.8218
0.33400 15.874600000000001
0.33500 15.9274
0.33600 15.979025
0.33700 16.03065
0.33800 16.073675
0.33900 16.1167
0.34000 16.15615
0.34100 16.1956
0.34200 16.234475
0.34300 16.27335
0.34400 16.3107
0.34500 16.34805
0.34600 16.385075
0.34700 16.4221
0.34800 16.4544
0.34900 16.4867
0.35000 16.514125
0.35100 16.54155
0.35200 16.56845
0.35300 16.59535
0.35400 16.6191
0.35500 16.64285
0.35600 16.665275
0.35700 16.6877
0.35800 16.70855
0.35900 16.7294
0.36000 16.7461
0.36100 16.7628
0.36200 16.778799999999997
0.36300 16.7948
0.36400 16.80735
0.36500 16.8199
0.36600 16.828725
0.36700 16.83755
0.36800 16.846025
0.36900 16.8545
0.37000 16.860750000000003
0.37100 16.867
0.37200 16.872300000000003
0.37300 16.8776
0.37400 16.8801
0.37500 16.8826
0.37600 16.877675
0.37700 16.87275
0.37800 16.866574999999997
0.37900 16.8604
0.38000 16.852625
0.38100 16.84485
0.38200 16.8353
0.38300 16.82575
0.38400 16.815350000000002
0.38500 16.80495
0.38600 16.78815
0.38700 16.77135
0.38800 16.751725
0.38900 16.7321
0.39000 16.711375
0.39100 16.69065
0.39200 16.666925
0.39300 16.6432
0.39400 16.618949999999998
0.39500 16.5947
0.39600 16.569274999999998
0.39700 16.54385
0.39800 16.51715
0.39900 16.49045
0.40000 16.463324999999998
0.40100 16.4362
0.40200 16.406
0.40300 16.3758
0.40400 16.3442
0.40500 16.3126
0.40600 16.28135
0.40700 16.2501
0.40800 16.219974999999998
0.40900 16.18985
0.41000 16.15985
0.41100 16.12985
0.41200 16.097425
0.41300 16.065
0.41400 16.029825000000002
0.41500 15.99465
0.41600 15.9596
0.41700 15.92455
0.41800 15.891300000000001
0.41900 15.85805
0.42000 15.825625
0.42100 15.7932
0.42200 15.7595
0.42300 15.7258
0.42400 15.688424999999999
0.42500 15.65105
0.42600 15.61305
0.42700 15.57505
0.42800 15.538699999999999
0.42900 15.50235
0.43000 15.467925000000001
0.43100 15.4335
0.43200 15.398900000000001
0.43300 15.3643
0.43400 15.327825
0.43500 15.29135
0.43600 15.25395
0.43700 15.21655
0.43800 15.180250000000001
0.43900 15.14395
0.44000 15.110875
0.44100 15.0778
0.44200 15.045300000000001
0.44300 15.0128
0.44400 14.98215
0.44500 14.9515
0.44600 14.923
0.44700 14.8945
0.44800 14.86635
0.44900 14.8382
0.45000 14.8124
0.45100 14.7866
0.45200 14.761975
0.45300 14.73735
0.45400 14.714875
0.45500 14.6924
0.45600 14.676475
0.45700 14.66055
0.45800 14.64585
0.45900 14.63115
0.46000 14.617175
0.46100 14.6032
0.46200 14.590074999999999
0.46300 14.57695
0.46400 14.56455
0.46500 14.55215
0.46600 14.545725000000001
0.46700 14.5393
0.46800 14.535875
0.46900 14.53245
0.47000 14.52975
0.47100 14.52705
0.47200 14.526575
0.47300 14.5261
0.47400 14.52605
0.47500 14.526
0.47600 14.529375
0.47700 14.53275
0.47800 14.540375000000001
0.47900 14.548
0.48000 14.556149999999999
0.48100 14.5643
0.48200 14.576049999999999
0.48300 14.5878
0.48400 14.6014
0.48500 14.615
0.48600 14.629475
0.48700 14.64395
0.48800 14.6613
0.48900 14.67865
0.49000 14.696549999999998
0.49100 14.71445
0.49200 14.733575
0.49300 14.7527
0.49400 14.7734
0.49500 14.7941
0.49600 14.814725
0.49700 14.83535
0.49800 14.854725
0.49900 14.8741
0.50000 14.892825
0.50100 14.91155
0.50200 14.93075
0.50300 14.94995
0.50400 14.970749999999999
0.50500 14.99155
0.50600 15.01265
0.50700 15.03375
0.50800 15.053775
0.50900 15.0738
0.51000 15.092475
0.51100 15.11115
0.51200 15.129975
0.51300 15.1488
0.51400 15.16985
0.51500 15.1909
0.51600 15.213125
0.51700 15.23535
0.51800 15.257125
0.51900 15.2789
0.52000 15.299150000000001
0.52100 15.3194
0.52200 15.339324999999999
0.52300 15.35925
0.52400 15.371925000000001
0.52500 15.3846
0.52600 15.387725
0.52700 15.39085
0.52800 15.3935
0.52900 15.39615
