0.00000 -0.00916265374894336
0.00100 -0.01832530749788672
0.00200 -0.02748796124683008
0.00300 -0.03665061499577344
0.00400 -0.0458132687447168
0.00500 -0.04593661499577344
0.00600 -0.04605996124683008
0.00700 -0.046183307497886725
0.00800 -0.04630665374894336
0.00900 -0.04643
0.01000 -0.04655336
0.01100 -0.04667672
0.01200 -0.04680008
0.01300 -0.04692344
0.01400 -0.0470468
0.01500 -0.047472560000000004
0.01600 -0.04789832
0.01700 -0.048324080000000005
0.01800 -0.04874984
0.01900 -0.0491756
0.02000 -0.0500752
0.02100 -0.0509748
0.02200 -0.0518744
0.02300 -0.052774
0.02400 -0.0536736
0.02500 -0.054614399999999994
0.02600 -0.05555519999999999
0.02700 -0.056496000000000005
0.02800 -0.057436799999999996
0.02900 -0.058377599999999995
0.03000 -0.05941539999999999
0.03100 -0.0604532
0.03200 -0.061491
0.03300 -0.0625288
0.03400 -0.0635666
0.03500 -0.06466775999999999
0.03600 -0.06576892
0.03700 -0.06687008
0.03800 -0.06797124
0.03900 -0.0690724
0.04000 -0.07017332000000001
0.04100 -0.07127424
0.04200 -0.07237516000000001
0.04300 -0.07347608
0.04400 -0.074577
0.04500 -0.07567704
0.04600 -0.07677708000000001
0.04700 -0.07787712
0.04800 -0.07897716
0.04900 -0.0800772
0.05000 -0.081177
0.05100 -0.08227680000000001
0.05200 -0.0833766
0.05300 -0.08447640000000001
0.05400 -0.0855762
0.05500 -0.08673488
0.05600 -0.08789356000000001
0.05700 -0.08905223999999999
0.05800 -0.09021092
0.05900 -0.0913696
0.06000 -0.09262276
0.06100 -0.09387592
0.06200 -0.09512908
0.06300 -0.09638224000000001
0.06400 -0.09763540000000001
0.06500 -0.09889104000000001
0.06600 -0.10014668
0.06700 -0.10140232
0.06800 -0.10265796
0.06900 -0.10391360000000001
0.07000 -0.10509904
0.07100 -0.10628448000000001
0.07200 -0.10746992
0.07300 -0.10865536
0.07400 -0.1098408
0.07500 -0.11097920000000001
0.07600 -0.1121176
0.07700 -0.113256
0.07800 -0.11439439999999998
0.07900 -0.11553279999999999
0.08000 -0.11669471999999999
0.08100 -0.11785664
0.08200 -0.11901856
0.08300 -0.12018048
0.08400 -0.1213424
0.08500 -0.12260288000000001
0.08600 -0.12386336
0.08700 -0.12512384000000001
0.08800 -0.12638432
0.08900 -0.1276448
0.09000 -0.12893128
0.09100 -0.13021776000000002
0.09200 -0.13150424
0.09300 -0.13279072
0.09400 -0.1340772
0.09500 -0.13530868000000001
0.09600 -0.13654016
0.09700 -0.13777164000000003
0.09800 -0.13900312
0.09900 -0.14023460000000001
0.10000 -0.14137584
0.10100 -0.14251708000000002
0.10200 -0.14365832
0.10300 -0.14479956
0.10400 -0.1459408
0.10500 -0.14708124
0.10600 -0.14822168
0.10700 -0.14936212
0.10800 -0.15050256
0.10900 -0.151643
0.11000 -0.15288364
0.11100 -0.15412428
0.11200 -0.15536492
0.11300 -0.15660556
0.11400 -0.1578462
0.11500 -0.15915548
0.11600 -0.16046476
0.11700 -0.16177404
0.11800 -0.16308332
0.11900 -0.1643926
0.12000 -0.16568080000000002
0.12100 -0.166969
0.12200 -0.1682572
0.12300 -0.1695454
0.12400 -0.1708336
0.12500 -0.17203072000000003
0.12600 -0.17322784
0.12700 -0.17442496000000002
0.12800 -0.17562207999999999
0.12900 -0.1768192
0.13000 -0.17799176
0.13100 -0.17916432
0.13200 -0.18033688
0.13300 -0.18150944
0.13400 -0.182682
0.13500 -0.18391208
0.13600 -0.18514216
0.13700 -0.18637224
0.13800 -0.18760232
0.13900 -0.18883239999999998
0.14000 -0.19015924
0.14100 -0.19148608
0.14200 -0.19281292
0.14300 -0.19413976
0.14400 -0.1954666
0.14500 -0.19679607999999998
0.14600 -0.19812555999999998
0.14700 -0.19945504
0.14800 -0.20078451999999997
0.14900 -0.202114
0.15000 -0.20335679999999998
0.15100 -0.20459959999999996
0.15200 -0.2058424
0.15300 -0.2070852
0.15400 -0.20832799999999999
0.15500 -0.20951
0.15600 -0.21069200000000002
0.15700 -0.21187399999999998
0.15800 -0.213056
0.15900 -0.214238
0.16000 -0.21543800000000002
0.16100 -0.21663800000000002
0.16200 -0.21783799999999998
0.16300 -0.21903799999999998
0.16400 -0.220238
0.16500 -0.22151839999999998
0.16600 -0.2227988
0.16700 -0.22407919999999998
0.16800 -0.2253596
0.16900 -0.22664
0.17000 -0.22794279999999997
0.17100 -0.2292456
0.17200 -0.2305484
0.17300 -0.2318512
0.17400 -0.233154
0.17500 -0.2344236
0.17600 -0.2356932
0.17700 -0.2369628
0.17800 -0.2382324
0.17900 -0.23950200000000002
0.18000 -0.24071440000000002
0.18100 -0.24192680000000003
0.18200 -0.24313919999999997
0.18300 -0.24435159999999997
0.18400 -0.24556399999999998
0.18500 -0.246772
0.18600 -0.24798
0.18700 -0.24918799999999997
0.18800 -0.25039599999999995
0.18900 -0.251604
0.19000 -0.2528164
0.19100 -0.2540288
0.19200 -0.2552412
0.19300 -0.2564536
0.19400 -0.257666
0.19500 -0.2588812
0.19600 -0.2600964
0.19700 -0.26131160000000003
0.19800 -0.2625268
0.19900 -0.26374200000000003
0.20000 -0.264968
0.20100 -0.266194
0.20200 -0.26742
0.20300 -0.268646
0.20400 -0.269872
0.20500 -0.2711464
0.20600 -0.2724208
0.20700 -0.27369519999999997
0.20800 -0.2749696
0.20900 -0.276244
0.21000 -0.277532
0.21100 -0.27881999999999996
0.21200 -0.28010799999999997
0.21300 -0.281396
0.21400 -0.282684
0.21500 -0.2839356
0.21600 -0.2851872
0.21700 -0.2864388
0.21800 -0.28769039999999996
0.21900 -0.288942
0.22000 -0.2901284
0.22100 -0.2913148
0.22200 -0.29250119999999996
0.22300 -0.2936876
0.22400 -0.29487399999999997
0.22500 -0.2960604
0.22600 -0.29724680000000003
0.22700 -0.29843319999999995
0.22800 -0.2996196
0.22900 -0.300806
0.23000 -0.30209
0.23100 -0.303374
0.23200 -0.304658
0.23300 -0.305942
0.23400 -0.307226
0.23500 -0.308582
0.23600 -0.309938
0.23700 -0.311294
0.23800 -0.31265
0.23900 -0.314006
0.24000 -0.3153456
0.24100 -0.3166852
0.24200 -0.3180248
0.24300 -0.3193644
0.24400 -0.320704
0.24500 -0.3219672
0.24600 -0.32323040000000003
0.24700 -0.3244936
0.24800 -0.3257568
0.24900 -0.32702
0.25000 -0.3282608
0.25100 -0.3295016
0.25200 -0.3307424
0.25300 -0.3319832
0.25400 -0.333224
0.25500 -0.334516
0.25600 -0.335808
0.25700 -0.3371
0.25800 -0.338392
0.25900 -0.339684
0.26000 -0.34106800000000004
0.26100 -0.34245200000000003
0.26200 -0.343836
0.26300 -0.34521999999999997
0.26400 -0.346604
0.26500 -0.3479912
0.26600 -0.34937840000000003
0.26700 -0.3507656
0.26800 -0.3521528
0.26900 -0.35354
0.27000 -0.35482840000000004
0.27100 -0.3561168
0.27200 -0.3574052
0.27300 -0.35869359999999995
0.27400 -0.35998199999999997
0.27500 -0.36119559999999995
0.27600 -0.3624092
0.27700 -0.3636228
0.27800 -0.3648364
0.27900 -0.36605
0.28000 -0.36728
0.28100 -0.36851
0.28200 -0.36974
0.28300 -0.37096999999999997
0.28400 -0.3722
0.28500 -0.3735068
0.28600 -0.3748136
0.28700 -0.37612039999999997
0.28800 -0.37742719999999996
0.28900 -0.378734
0.29000 -0.3800632
0.29100 -0.3813924
0.29200 -0.3827216
0.29300 -0.3840508
0.29400 -0.38538
0.29500 -0.3866464
0.29600 -0.3879128
0.29700 -0.3891792
0.29800 -0.3904456
0.29900 -0.391712
0.30000 -0.3928608
0.30100 -0.3940096
0.30200 -0.3951584
0.30300 -0.39630719999999997
0.30400 -0.397456
0.30500 -0.3985948
0.30600 -0.3997336
0.30700 -0.4008724
0.30800 -0.4020112
0.30900 -0.40315
0.31000 -0.40431560000000005
0.31100 -0.4054812
0.31200 -0.40664680000000003
0.31300 -0.40781239999999996
0.31400 -0.408978
0.31500 -0.41016440000000004
0.31600 -0.4113508
0.31700 -0.41253719999999994
0.31800 -0.41372359999999997
0.31900 -0.41491
0.32000 -0.4160704
0.32100 -0.4172308
0.32200 -0.41839119999999996
0.32300 -0.41955159999999997
0.32400 -0.420712
0.32500 -0.42174639999999997
0.32600 -0.42278079999999996
0.32700 -0.42381520000000006
0.32800 -0.42484960000000005
0.32900 -0.42588400000000004
0.33000 -0.42688
0.33100 -0.42787600000000003
0.33200 -0.428872
0.33300 -0.42986800000000003
0.33400 -0.43086399999999997
0.33500 -0.4318391999999999
0.33600 -0.4328144
0.33700 -0.4337896
0.33800 -0.43476480000000006
0.33900 -0.43574
0.34000 -0.436676
0.34100 -0.437612
0.34200 -0.43854800000000005
0.34300 -0.43948400000000004
0.34400 -0.44042000000000003
0.34500 -0.4413476
0.34600 -0.4422752
0.34700 -0.44320280000000006
0.34800 -0.44413040000000004
0.34900 -0.44505800000000006
0.35000 -0.4458952
0.35100 -0.44673240000000003
0.35200 -0.4475696
0.35300 -0.44840680000000005
0.35400 -0.44924400000000003
0.35500 -0.45000999999999997
0.35600 -0.450776
0.35700 -0.451542
0.35800 -0.45230800000000004
0.35900 -0.453074
0.36000 -0.45382639999999996
0.36100 -0.4545788
0.36200 -0.4553312
0.36300 -0.45608360000000003
0.36400 -0.456836
0.36500 -0.457522
0.36600 -0.45820800000000006
0.36700 -0.458894
0.36800 -0.45958000000000004
0.36900 -0.460266
0.37000 -0.4609316
0.37100 -0.46159720000000004
0.37200 -0.4622628
0.37300 -0.4629284
0.37400 -0.46359399999999995
0.37500 -0.4642392
0.37600 -0.4648844
0.37700 -0.4655296
0.37800 -0.46617479999999994
0.37900 -0.46681999999999996
0.38000 -0.46742599999999995
0.38100 -0.468032
0.38200 -0.468638
0.38300 -0.46924400000000005
0.38400 -0.46985
0.38500 -0.47044680000000005
0.38600 -0.47104360000000006
0.38700 -0.47164039999999996
0.38800 -0.4722372
0.38900 -0.47283400000000003
0.39000 -0.4733104
0.39100 -0.47378679999999995
0.39200 -0.47426320000000005
0.39300 -0.47473960000000004
0.39400 -0.47521599999999997
0.39500 -0.4755956
0.39600 -0.4759752
0.39700 -0.4763548
0.39800 -0.47673439999999995
0.39900 -0.477114
0.40000 -0.47749240000000004
0.40100 -0.4778708
0.40200 -0.47824920000000004
0.40300 -0.4786276
0.40400 -0.47900600000000004
0.40500 -0.4793796
0.40600 -0.47975320000000005
0.40700 -0.4801268
0.40800 -0.48050040000000005
0.40900 -0.480874
0.41000 -0.4812464
0.41100 -0.4816188
0.41200 -0.48199119999999995
0.41300 -0.48236359999999995
0.41400 -0.48273599999999994
0.41500 -0.4830496
0.41600 -0.4833632
0.41700 -0.4836768
0.41800 -0.4839904
0.41900 -0.484304
0.42000 -0.48450160000000003
0.42100 -0.4846992
0.42200 -0.4848968
0.42300 -0.48509440000000004
0.42400 -0.485292
0.42500 -0.48547599999999996
0.42600 -0.48566000000000004
0.42700 -0.485844
0.42800 -0.486028
0.42900 -0.486212
0.43000 -0.4863668
0.43100 -0.4865216
0.43200 -0.4866764
0.43300 -0.4868312
0.43400 -0.48698600000000003
0.43500 -0.4871168
0.43600 -0.4872476
0.43700 -0.48737840000000004
0.43800 -0.48750920000000003
0.43900 -0.48764
0.44000 -0.48775120000000005
0.44100 -0.48786240000000003
0.44200 -0.4879736
0.44300 -0.48808480000000004
0.44400 -0.488196
0.44500 -0.4882052
0.44600 -0.48821440000000005
0.44700 -0.4882236
0.44800 -0.4882328
0.44900 -0.48824199999999995
0.45000 -0.4882175999999999
0.45100 -0.4881932
0.45200 -0.48816879999999996
0.45300 -0.48814440000000003
0.45400 -0.48812
0.45500 -0.4880464
0.45600 -0.4879728
0.45700 -0.4878991999999999
0.45800 -0.48782559999999997
0.45900 -0.48775199999999996
0.46000 -0.48757799999999996
0.46100 -0.487404
0.46200 -0.48723
0.46300 -0.48705600000000004
0.46400 -0.48688200000000004
0.46500 -0.4866936
0.46600 -0.4865052
0.46700 -0.4863168
0.46800 -0.4861284
0.46900 -0.48594
0.47000 -0.4856728
0.47100 -0.4854056
0.47200 -0.4851384
0.47300 -0.4848712
0.47400 -0.48460400000000003
0.47500 -0.4842708
0.47600 -0.48393759999999997
0.47700 -0.48360440000000005
0.47800 -0.4832712
0.47900 -0.482938
0.48000 -0.48256
0.48100 -0.482182
0.48200 -0.481804
0.48300 -0.481426
0.48400 -0.48104800000000003
0.48500 -0.480426
0.48600 -0.479804
0.48700 -0.47918199999999994
0.48800 -0.47856
0.48900 -0.477938
0.49000 -0.4772348
0.49100 -0.47653160000000006
0.49200 -0.4758284
0.49300 -0.4751252
0.49400 -0.474422
0.49500 -0.47367680000000006
0.49600 -0.4729316
0.49700 -0.4721864
0.49800 -0.47144119999999995
0.49900 -0.47069599999999995
0.50000 -0.46986439999999996
0.50100 -0.4690328
0.50200 -0.46820119999999993
0.50300 -0.46736959999999994
0.50400 -0.466538
0.50500 -0.465688
0.50600 -0.46483800000000003
0.50700 -0.46398799999999996
0.50800 -0.463138
0.50900 -0.46228800000000003
0.51000 -0.4612104
0.51100 -0.46013280000000006
0.51200 -0.4590552
0.51300 -0.4579776
0.51400 -0.4569
0.51500 -0.45562759999999997
0.51600 -0.4543552
0.51700 -0.45308279999999995
0.51800 -0.4518104
0.51900 -0.450538
0.52000 -0.44926560000000004
0.52100 -0.4479932
0.52200 -0.44672080000000003
0.52300 -0.44544839999999997
0.52400 -0.444176
0.52500 -0.44291480000000005
0.52600 -0.4416536000000001
0.52700 -0.4403924
0.52800 -0.4391312
0.52900 -0.43787000000000004
0.53000 -0.43661279999999997
0.53100 -0.4353556
0.53200 -0.4340984
0.53300 -0.43284120000000004
0.53400 -0.43158399999999997
0.53500 -0.43019559999999996
0.53600 -0.42880719999999994
0.53700 -0.4274188
0.53800 -0.4260304
0.53900 -0.42464199999999996
0.54000 -0.42297519999999994
0.54100 -0.4213083999999999
0.54200 -0.4196416
0.54300 -0.4179748
0.54400 -0.416308
0.54500 -0.4146092
0.54600 -0.4129104
0.54700 -0.4112116
0.54800 -0.4095128
0.54900 -0.407814
0.55000 -0.40615120000000005
0.55100 -0.4044884000000001
0.55200 -0.4028256
0.55300 -0.4011628
0.55400 -0.3995
0.55500 -0.3978684
0.55600 -0.3962368
0.55700 -0.3946052
0.55800 -0.39297360000000003
0.55900 -0.39134199999999997
0.56000 -0.3896728
0.56100 -0.3880036
0.56200 -0.38633439999999997
0.56300 -0.3846652
0.56400 -0.382996
0.56500 -0.3811072
0.56600 -0.37921839999999996
0.56700 -0.37732960000000004
0.56800 -0.3754408
0.56900 -0.373552
0.57000 -0.37158640000000004
0.57100 -0.36962079999999997
0.57200 -0.3676552
0.57300 -0.36568959999999995
0.57400 -0.363724
0.57500 -0.3617164
0.57600 -0.3597088
0.57700 -0.3577012
0.57800 -0.3556936
0.57900 -0.353686
0.58000 -0.3515872
0.58100 -0.3494884
0.58200 -0.34738959999999997
0.58300 -0.3452908
0.58400 -0.343192
0.58500 -0.3410812
0.58600 -0.3389704
0.58700 -0.3368596
0.58800 -0.33474879999999996
0.58900 -0.332638
0.59000 -0.3305208
0.59100 -0.3284036
0.59200 -0.3262864
0.59300 -0.3241692
0.59400 -0.322052
0.59500 -0.3199284
0.59600 -0.3178048
0.59700 -0.3156812
0.59800 -0.3135576
0.59900 -0.311434
0.60000 -0.3092568
0.60100 -0.3070796
0.60200 -0.30490239999999996
0.60300 -0.30272519999999997
0.60400 -0.300548
0.60500 -0.2980496
0.60600 -0.2955512
0.60700 -0.2930528
0.60800 -0.2905544
0.60900 -0.288056
0.61000 -0.2854424
0.61100 -0.2828288
0.61200 -0.2802152
0.61300 -0.2776016
0.61400 -0.274988
0.61500 -0.272316
0.61600 -0.269644
0.61700 -0.26697200000000004
0.61800 -0.26430000000000003
0.61900 -0.261628
0.62000 -0.2588264
0.62100 -0.2560248
0.62200 -0.2532232
0.62300 -0.2504216
0.62400 -0.24762
0.62500 -0.2447928
0.62600 -0.24196559999999998
0.62700 -0.2391384
0.62800 -0.23631119999999997
0.62900 -0.23348399999999997
0.63000 -0.23035319999999998
0.63100 -0.2272224
0.63200 -0.2240916
0.63300 -0.2209608
0.63400 -0.21783000000000002
0.63500 -0.21442160000000002
0.63600 -0.2110132
0.63700 -0.2076048
0.63800 -0.2041964
0.63900 -0.20078800000000002
0.64000 -0.19738472
0.64100 -0.19398144
0.64200 -0.19057816
0.64300 -0.18717488
0.64400 -0.18377159999999998
0.64500 -0.18042224
0.64600 -0.17707288
0.64700 -0.17372352
0.64800 -0.17037416
0.64900 -0.1670248
0.65000 -0.16369532
0.65100 -0.16036584
0.65200 -0.15703635999999999
0.65300 -0.15370688
0.65400 -0.1503774
0.65500 -0.1468758
0.65600 -0.1433742
0.65700 -0.13987259999999999
0.65800 -0.136371
0.65900 -0.1328694
0.66000 -0.12897548
0.66100 -0.12508156
0.66200 -0.12118764
0.66300 -0.11729372
0.66400 -0.11339980000000001
0.66500 -0.10945908
0.66600 -0.10551836
0.66700 -0.10157764
0.66800 -0.09763691999999999
0.66900 -0.0936962
0.67000 -0.08990972
0.67100 -0.08612324
0.67200 -0.08233676
0.67300 -0.07855028
0.67400 -0.0747638
0.67500 -0.07112124
0.67600 -0.06747868
0.67700 -0.06383612
0.67800 -0.06019356
0.67900 -0.056551
0.68000 -0.05284896
0.68100 -0.04914692
0.68200 -0.04544488
0.68300 -0.04174284
0.68400 -0.0380408
0.68500 -0.033949856
0.68600 -0.029858912000000005
0.68700 -0.025767968000000002
0.68800 -0.021677024
0.68900 -0.017586079999999997
0.69000 -0.013348436000000002
0.69100 -0.009110792000000001
0.69200 -0.0048731480000000025
0.69300 -0.0006355040000000006
0.69400 0.003602140000000001
0.69500 0.0077218320000000005
0.69600 0.011841524
0.69700 0.015961216
0.69800 0.020080908
0.69900 0.0242006
0.70000 0.02804504
0.70100 0.031889480000000005
0.70200 0.03573392
0.70300 0.03957836
0.70400 0.0434228
0.70500 0.04723748
0.70600 0.05105216
0.70700 0.05486683999999999
0.70800 0.05868152
0.70900 0.0624962
0.71000 0.06658971999999999
0.71100 0.07068324000000001
0.71200 0.07477676
0.71300 0.07887028
0.71400 0.0829638
0.71500 0.08732308
0.71600 0.09168235999999999
0.71700 0.09604164
0.71800 0.10040092
0.71900 0.1047602
0.72000 0.10907487999999999
0.72100 0.11338956
0.72200 0.11770423999999999
0.72300 0.12201892
0.72400 0.1263336
0.72500 0.13032892000000001
0.72600 0.13432424
0.72700 0.13831955999999998
0.72800 0.14231487999999998
0.72900 0.1463102
0.73000 0.15018224
0.73100 0.15405428
0.73200 0.15792632
0.73300 0.16179835999999997
0.73400 0.1656704
0.73500 0.1697942
0.73600 0.173918
0.73700 0.1780418
0.73800 0.18216559999999998
0.73900 0.1862894
0.74000 0.19101472
0.74100 0.19574004
0.74200 0.20046536
0.74300 0.20519068
0.74400 0.209916
0.74500 0.214724
0.74600 0.219532
0.74700 0.22433999999999998
0.74800 0.229148
0.74900 0.233956
0.75000 0.23873039999999998
0.75100 0.24350480000000002
0.75200 0.24827919999999998
0.75300 0.2530536
0.75400 0.257828
0.75500 0.2625704
0.75600 0.26731279999999996
0.75700 0.2720552
0.75800 0.2767976
0.75900 0.28154
0.76000 0.2862772
0.76100 0.2910144
0.76200 0.2957516
0.76300 0.3004888
0.76400 0.305226
0.76500 0.3099352
0.76600 0.31464440000000005
0.76700 0.3193536
0.76800 0.3240628
0.76900 0.328772
0.77000 0.33347040000000006
0.77100 0.3381688
0.77200 0.34286720000000004
0.77300 0.3475656
0.77400 0.352264
0.77500 0.3570772
0.77600 0.3618904
0.77700 0.3667036
0.77800 0.37151680000000004
0.77900 0.37633
0.78000 0.3814248
0.78100 0.3865196
0.78200 0.39161440000000003
0.78300 0.3967092
0.78400 0.401804
0.78500 0.40693239999999997
0.78600 0.4120608
0.78700 0.41718920000000004
0.78800 0.42231760000000007
0.78900 0.42744600000000005
0.79000 0.432282
0.79100 0.437118
0.79200 0.44195400000000007
0.79300 0.44679
0.79400 0.45162599999999997
0.79500 0.4561704
0.79600 0.4607148
0.79700 0.46525920000000004
0.79800 0.4698036
0.79900 0.474348
0.80000 0.47893559999999996
0.80100 0.48352319999999993
0.80200 0.4881108
0.80300 0.4926984
0.80400 0.497286
0.80500 0.5022108000000001
0.80600 0.5071356
0.80700 0.5120604
0.80800 0.5169851999999999
0.80900 0.52191
0.81000 0.5269716
0.81100 0.5320332
0.81200 0.5370948
0.81300 0.5421564
0.81400 0.547218
0.81500 0.5520896
0.81600 0.5569612
0.81700 0.5618328
0.81800 0.5667044000000001
0.81900 0.5715760000000001
0.82000 0.5759716
0.82100 0.5803672
0.82200 0.5847628
0.82300 0.5891584
0.82400 0.5935539999999999
0.82500 0.5978836
0.82600 0.6022132
0.82700 0.6065427999999999
0.82800 0.6108724000000001
0.82900 0.615202
0.83000 0.619708
0.83100 0.624214
0.83200 0.6287200000000001
0.83300 0.633226
0.83400 0.637732
0.83500 0.6424176
0.83600 0.6471032
0.83700 0.6517888000000001
0.83800 0.6564744
0.83900 0.66116
0.84000 0.6657788
0.84100 0.6703976
0.84200 0.6750164
0.84300 0.6796352
0.84400 0.6842539999999999
0.84500 0.6883663999999999
0.84600 0.6924788
0.84700 0.6965912000000001
0.84800 0.7007036
0.84900 0.704816
0.85000 0.7087188
0.85100 0.7126216000000001
0.85200 0.7165244
0.85300 0.7204271999999999
0.85400 0.7243299999999999
0.85500 0.7283595999999999
0.85600 0.7323892
0.85700 0.7364187999999999
0.85800 0.7404484
0.85900 0.744478
0.86000 0.7488328
0.86100 0.7531876
0.86200 0.7575424
0.86300 0.7618971999999999
0.86400 0.7662519999999999
0.86500 0.7706512
0.86600 0.7750504
0.86700 0.7794496
0.86800 0.7838488
0.86900 0.7882480000000001
0.87000 0.7923956000000001
0.87100 0.7965432
0.87200 0.8006907999999999
0.87300 0.8048384000000001
0.87400 0.808986
0.87500 0.8128724
0.87600 0.8167588
0.87700 0.8206451999999999
0.87800 0.8245315999999999
0.87900 0.8284179999999999
0.88000 0.8323335999999999
0.88100 0.8362491999999999
0.88200 0.8401647999999999
0.88300 0.8440804
0.88400 0.847996
0.88500 0.8521776000000001
0.88600 0.8563592
0.88700 0.8605408000000001
0.88800 0.8647224
0.88900 0.868904
0.89000 0.8731984
0.89100 0.8774928000000001
0.89200 0.8817872
0.89300 0.8860816
0.89400 0.8903760000000001
0.89500 0.8945348000000001
0.89600 0.8986936
0.89700 0.9028524000000001
0.89800 0.9070112
0.89900 0.91117
0.90000 0.9149752000000001
0.90100 0.9187803999999999
0.90200 0.9225856
0.90300 0.9263907999999998
0.90400 0.9301959999999999
0.90500 0.9339476
0.90600 0.9376992
0.90700 0.9414507999999999
0.90800 0.9452024
0.90900 0.948954
0.91000 0.9528231999999999
0.91100 0.9566924
0.91200 0.9605615999999999
0.91300 0.9644308
0.91400 0.9682999999999999
0.91500 0.972294
0.91600 0.9762879999999999
0.91700 0.9802820000000001
0.91800 0.984276
0.91900 0.98827
0.92000 0.9922276
0.92100 0.9961852
0.92200 1.0001427999999999
0.92300 1.0041004
0.92400 1.008058
0.92500 1.0117148
0.92600 1.0153716
0.92700 1.0190284
0.92800 1.0226852
0.92900 1.026342
0.93000 1.0298688
0.93100 1.0333956
0.93200 1.0369224
0.93300 1.0404491999999999
0.93400 1.043976
0.93500 1.0474668
0.93600 1.0509575999999998
0.93700 1.0544484
0.93800 1.0579392
0.93900 1.06143
0.94000 1.0648244
0.94100 1.0682188
0.94200 1.0716132
0.94300 1.0750076
0.94400 1.078402
0.94500 1.08178
0.94600 1.085158
0.94700 1.088536
0.94800 1.091914
0.94900 1.0952920000000002
0.95000 1.09862
0.95100 1.101948
0.95200 1.1052760000000001
0.95300 1.1086040000000001
0.95400 1.111932
0.95500 1.1152056
0.95600 1.1184792
0.95700 1.1217527999999999
0.95800 1.1250263999999999
0.95900 1.1282999999999999
0.96000 1.1314908
0.96100 1.1346816
0.96200 1.1378724
0.96300 1.1410632
0.96400 1.1442539999999999
0.96500 1.1468072
0.96600 1.1493604
0.96700 1.1519135999999999
0.96800 1.1544668
0.96900 1.15702
0.97000 1.1592904
0.97100 1.1615608
0.97200 1.1638312
0.97300 1.1661016
0.97400 1.168372
0.97500 1.1706816
0.97600 1.1729912
0.97700 1.1753008
0.97800 1.1776104
0.97900 1.17992
0.98000 1.1823384000000001
0.98100 1.1847568000000002
0.98200 1.1871752
0.98300 1.1895936
0.98400 1.192012
0.98500 1.1944448
0.98600 1.1968776
0.98700 1.1993104
0.98800 1.2017432
0.98900 1.204176
0.99000 1.206312
0.99100 1.208448
0.99200 1.210584
0.99300 1.21272
0.99400 1.214856
0.99500 1.2166644
0.99600 1.2184728
0.99700 1.2202812
0.99800 1.2220895999999999
0.99900 1.223898
1.00000 1.2257004
1.00100 1.2275028000000001
1.00200 1.2293052
1.00300 1.2311076
1.00400 1.23291
1.00500 1.2347512
1.00600 1.2365924
1.00700 1.2384336
1.00800 1.2402748000000001
1.00900 1.242116
1.01000 1.2439744000000001
1.01100 1.2458328
1.01200 1.2476912
1.01300 1.2495496
1.01400 1.251408
1.01500 1.2531532
1.01600 1.2548984
1.01700 1.2566435999999999
1.01800 1.2583888
1.01900 1.260134
1.02000 1.2615608
1.02100 1.2629876
1.02200 1.2644144000000002
1.02300 1.2658412
1.02400 1.267268
1.02500 1.2686396
1.02600 1.2700112000000001
1.02700 1.2713828
1.02800 1.2727544
1.02900 1.274126
1.03000 1.2754708000000001
1.03100 1.2768156000000002
1.03200 1.2781604
1.03300 1.2795052
1.03400 1.28085
1.03500 1.2821644
1.03600 1.2834788
1.03700 1.2847932
1.03800 1.2861075999999998
1.03900 1.2874219999999998
1.04000 1.288706
1.04100 1.28999
1.04200 1.291274
1.04300 1.292558
1.04400 1.2938420000000002
1.04500 1.2948864
1.04600 1.2959308
1.04700 1.2969752
1.04800 1.2980196000000002
1.04900 1.299064
1.05000 1.2999972000000002
1.05100 1.3009304
1.05200 1.3018636000000001
1.05300 1.3027967999999999
1.05400 1.30373
1.05500 1.304608
1.05600 1.305486
1.05700 1.306364
1.05800 1.307242
1.05900 1.3081200000000002
1.06000 1.3088392
1.06100 1.3095584
1.06200 1.3102776
1.06300 1.3109968
1.06400 1.311716
1.06500 1.312406
1.06600 1.313096
1.06700 1.313786
1.06800 1.314476
1.06900 1.315166
1.07000 1.3157223999999998
1.07100 1.3162787999999999
1.07200 1.3168352
1.07300 1.3173916
1.07400 1.317948
1.07500 1.3183496
1.07600 1.3187512
1.07700 1.3191528
1.07800 1.3195544
1.07900 1.319956
1.08000 1.3203179999999999
1.08100 1.3206799999999999
1.08200 1.321042
1.08300 1.321404
1.08400 1.321766
1.08500 1.32183
1.08600 1.321894
1.08700 1.321958
1.08800 1.322022
1.08900 1.322086
1.09000 1.3220084
1.09100 1.3219308
1.09200 1.3218532
1.09300 1.3217756
1.09400 1.321698
1.09500 1.3215816
1.09600 1.3214652
1.09700 1.3213488
1.09800 1.3212324
1.09900 1.321116
1.10000 1.3208844
1.10100 1.3206528
1.10200 1.3204212
1.10300 1.3201896
1.10400 1.319958
1.10500 1.319704
1.10600 1.31945
1.10700 1.319196
1.10800 1.318942
1.10900 1.318688
1.11000 1.3181936
1.11100 1.3176992
1.11200 1.3172048
1.11300 1.3167104
1.11400 1.316216
1.11500 1.3154384000000001
1.11600 1.3146608
1.11700 1.3138831999999998
1.11800 1.3131055999999999
1.11900 1.312328
1.12000 1.3115336
1.12100 1.3107392
1.12200 1.3099448
1.12300 1.3091504
1.12400 1.308356
1.12500 1.3075088000000001
1.12600 1.3066616
1.12700 1.3058144
1.12800 1.3049671999999999
1.12900 1.30412
1.13000 1.3032476
1.13100 1.3023752
1.13200 1.3015028
1.13300 1.3006304
1.13400 1.299758
1.13500 1.298814
1.13600 1.29787
1.13700 1.2969259999999998
1.13800 1.295982
1.13900 1.295038
1.14000 1.2938779999999999
1.14100 1.292718
1.14200 1.2915579999999998
1.14300 1.290398
1.14400 1.2892379999999999
1.14500 1.2880376
1.14600 1.2868372
1.14700 1.2856368
1.14800 1.2844364
1.14900 1.283236
1.15000 1.2819612
1.15100 1.2806864
1.15200 1.2794116
1.15300 1.2781368
1.15400 1.276862
1.15500 1.2754972
1.15600 1.2741324
1.15700 1.2727675999999999
1.15800 1.2714028
1.15900 1.270038
1.16000 1.2686639999999998
1.16100 1.2672899999999998
1.16200 1.265916
1.16300 1.264542
1.16400 1.2631679999999998
1.16500 1.2617444
1.16600 1.2603208
1.16700 1.2588972
1.16800 1.2574736
1.16900 1.2560499999999999
1.17000 1.2546024
1.17100 1.2531548
1.17200 1.2517072
1.17300 1.2502596000000001
1.17400 1.248812
1.17500 1.2473032
1.17600 1.2457943999999999
1.17700 1.2442856
1.17800 1.2427768000000001
1.17900 1.241268
1.18000 1.2395724
1.18100 1.2378768
1.18200 1.2361812
1.18300 1.2344856
1.18400 1.23279
1.18500 1.2310588
1.18600 1.2293276
1.18700 1.2275964
1.18800 1.2258651999999999
1.18900 1.2241339999999998
1.19000 1.2224084
1.19100 1.2206828
1.19200 1.2189572
1.19300 1.2172316
1.19400 1.215506
1.19500 1.2137868
1.19600 1.2120676000000001
1.19700 1.2103484
1.19800 1.2086292
1.19900 1.2069100000000001
1.20000 1.2051720000000001
1.20100 1.2034340000000001
1.20200 1.201696
1.20300 1.199958
1.20400 1.19822
1.20500 1.1963012000000002
1.20600 1.1943824
1.20700 1.1924636
1.20800 1.1905448
1.20900 1.188626
1.21000 1.1866144
1.21100 1.1846028
1.21200 1.1825911999999998
1.21300 1.1805796
1.21400 1.1785679999999998
1.21500 1.1765887999999998
1.21600 1.1746096
1.21700 1.1726303999999999
1.21800 1.1706512
1.21900 1.168672
1.22000 1.1667939999999999
1.22100 1.164916
1.22200 1.1630379999999998
1.22300 1.16116
1.22400 1.159282
1.22500 1.1574236
1.22600 1.1555652
1.22700 1.1537068
1.22800 1.1518484
1.22900 1.14999
1.23000 1.1480412
1.23100 1.1460924000000001
1.23200 1.1441436
1.23300 1.1421948
1.23400 1.1402459999999999
1.23500 1.1381836
1.23600 1.1361212
1.23700 1.1340588
1.23800 1.1319964
1.23900 1.129934
1.24000 1.1278828
1.24100 1.1258316000000002
1.24200 1.1237804
1.24300 1.1217292
1.24400 1.119678
1.24500 1.1177928
1.24600 1.1159076
1.24700 1.1140224
1.24800 1.1121372
1.24900 1.110252
1.25000 1.1084528
1.25100 1.1066536
1.25200 1.1048544
1.25300 1.1030552
1.25400 1.101256
1.25500 1.0994100000000002
1.25600 1.097564
1.25700 1.0957180000000002
1.25800 1.093872
1.25900 1.0920260000000002
1.26000 1.0900272000000002
1.26100 1.0880284000000002
1.26200 1.0860296
1.26300 1.0840308
1.26400 1.082032
1.26500 1.0800032
1.26600 1.0779744
1.26700 1.0759456
1.26800 1.0739168000000001
1.26900 1.071888
1.27000 1.0699608
1.27100 1.0680336000000001
1.27200 1.0661064
1.27300 1.0641792
1.27400 1.062252
1.27500 1.0604564
1.27600 1.0586608
1.27700 1.0568652
1.27800 1.0550696
1.27900 1.053274
1.28000 1.0514692
1.28100 1.0496644
1.28200 1.0478596000000002
1.28300 1.0460548
1.28400 1.0442500000000001
1.28500 1.0422868
1.28600 1.0403236000000002
1.28700 1.0383604
1.28800 1.0363972000000001
1.28900 1.034434
1.29000 1.0323856
1.29100 1.0303372000000002
1.29200 1.0282888
1.29300 1.0262404
1.29400 1.024192
1.29500 1.0221904
1.29600 1.0201888000000001
1.29700 1.0181872
1.29800 1.0161856
1.29900 1.014184
1.30000 1.0123368000000001
1.30100 1.0104896
1.30200 1.0086424
1.30300 1.0067952
1.30400 1.0049480000000002
1.30500 1.0031344
1.30600 1.0013208
1.30700 0.9995072
1.30800 0.9976936000000001
1.30900 0.99588
1.31000 0.9947264
1.31100 0.9935728000000001
1.31200 0.9924192
1.31300 0.9912656
1.31400 0.9901120000000001
1.31500 0.9898279999999999
1.31600 0.9895440000000001
1.31700 0.98926
1.31800 0.9889760000000001
1.31900 0.988692
1.32000 0.9884524000000001
1.32100 0.9882128
1.32200 0.9879732000000001
1.32300 0.9877336
1.32400 0.9874940000000001
