0.00000 0.3905539415258225
0.00100 0.781107883051645
0.00200 0.7773689415258225
0.00300 0.77363
0.00400 0.7698925000000001
0.00500 0.766155
0.00600 0.753255
0.00700 0.740355
0.00800 0.7130974999999999
0.00900 0.68584
0.01000 0.657405
0.01100 0.62897
0.01200 0.5986100000000001
0.01300 0.56825
0.01400 0.536635
0.01500 0.50502
0.01600 0.47420125
0.01700 0.4433825
0.01800 0.41583675
0.01900 0.388291
0.02000 0.3615855
0.02100 0.33488
0.02200 0.3072105
0.02300 0.279541
0.02400 0.250324
0.02500 0.221107
0.02600 0.19196075
0.02700 0.1628145
0.02800 0.136487
0.02900 0.1101595
0.03000 0.08571825
0.03100 0.061277
0.03200 0.036520075
0.03300 0.01176315
0.03400 -0.014322475000000001
0.03500 -0.0404081
0.03600 -0.0668433
0.03700 -0.0932785
0.03800 -0.11815300000000001
0.03900 -0.1430275
0.04000 -0.165337
0.04100 -0.1876465
0.04200 -0.20977875
0.04300 -0.231911
0.04400 -0.2544385
0.04500 -0.276966
0.04600 -0.2997645
0.04700 -0.322563
0.04800 -0.34473299999999996
0.04900 -0.366903
0.05000 -0.38636499999999996
0.05100 -0.405827
0.05200 -0.42455825
0.05300 -0.4432895
0.05400 -0.4619935
0.05500 -0.4806975
0.05600 -0.49935625
0.05700 -0.518015
0.05800 -0.5365599999999999
0.05900 -0.555105
0.06000 -0.5718675
0.06100 -0.58863
0.06200 -0.6041425
0.06300 -0.619655
0.06400 -0.63507
0.06500 -0.650485
0.06600 -0.6654825
0.06700 -0.68048
0.06800 -0.69536
0.06900 -0.71024
0.07000 -0.7245349999999999
0.07100 -0.73883
0.07200 -0.7521125
0.07300 -0.765395
0.07400 -0.7785325000000001
0.07500 -0.79167
0.07600 -0.803735
0.07700 -0.8158
0.07800 -0.8271
0.07900 -0.8384
0.08000 -0.8497075000000001
0.08100 -0.861015
0.08200 -0.87237
0.08300 -0.883725
0.08400 -0.8950975
0.08500 -0.90647
0.08600 -0.9168675
0.08700 -0.927265
0.08800 -0.9359525
0.08900 -0.94464
0.09000 -0.9531825
0.09100 -0.961725
0.09200 -0.9704775000000001
0.09300 -0.97923
0.09400 -0.98813
0.09500 -0.99703
0.09600 -1.0055425
0.09700 -1.014055
0.09800 -1.02075
0.09900 -1.027445
0.10000 -1.0336124999999998
0.10100 -1.03978
0.10200 -1.045855
0.10300 -1.05193
0.10400 -1.057845
0.10500 -1.06376
0.10600 -1.069595
0.10700 -1.07543
0.10800 -1.0800900000000002
0.10900 -1.08475
0.11000 -1.0885275
0.11100 -1.092305
0.11200 -1.0959875000000001
0.11300 -1.09967
0.11400 -1.1029274999999998
0.11500 -1.106185
0.11600 -1.109315
0.11700 -1.112445
0.11800 -1.1151425
0.11900 -1.11784
0.12000 -1.1197374999999998
0.12100 -1.121635
0.12200 -1.1234199999999999
0.12300 -1.125205
0.12400 -1.1262525
0.12500 -1.1273
0.12600 -1.127785
0.12700 -1.12827
0.12800 -1.1286375
0.12900 -1.129005
0.13000 -1.1288
0.13100 -1.128595
0.13200 -1.1282125
0.13300 -1.12783
0.13400 -1.126235
0.13500 -1.12464
0.13600 -1.1207425
0.13700 -1.116845
0.13800 -1.1127025000000001
0.13900 -1.10856
0.14000 -1.1040874999999999
0.14100 -1.099615
0.14200 -1.0948825
0.14300 -1.09015
0.14400 -1.0840625
0.14500 -1.077975
0.14600 -1.0650575
0.14700 -1.05214
0.14800 -1.0370925
0.14900 -1.022045
0.15000 -1.0062950000000002
0.15100 -0.990545
0.15200 -0.973435
0.15300 -0.956325
0.15400 -0.9389225
0.15500 -0.92152
0.15600 -0.9006825
0.15700 -0.879845
0.15800 -0.8562575
0.15900 -0.83267
0.16000 -0.8084925000000001
0.16100 -0.784315
0.16200 -0.75717
0.16300 -0.730025
0.16400 -0.7019299999999999
0.16500 -0.673835
0.16600 -0.6450825
0.16700 -0.61633
0.16800 -0.5862700000000001
0.16900 -0.55621
0.17000 -0.52586875
0.17100 -0.4955275
0.17200 -0.4618365
0.17300 -0.4281455
0.17400 -0.391708
0.17500 -0.3552705
0.17600 -0.31884425
0.17700 -0.282418
0.17800 -0.24615325
0.17900 -0.2098885
0.18000 -0.17367625
0.18100 -0.137464
0.18200 -0.09921375
0.18300 -0.060963500000000004
0.18400 -0.018576199999999994
0.18500 0.02381110000000001
0.18600 0.06659255
0.18700 0.109374
0.18800 0.15056049999999999
0.18900 0.191747
0.19000 0.23159725
0.19100 0.2714475
0.19200 0.311859
0.19300 0.3522705
0.19400 0.3958125
0.19500 0.4393545
0.19600 0.48394475
0.19700 0.528535
0.19800 0.5714524999999999
0.19900 0.61437
0.20000 0.65381
0.20100 0.69325
0.20200 0.7323375000000001
0.20300 0.771425
0.20400 0.8116875
0.20500 0.85195
0.20600 0.89322
0.20700 0.93449
0.20800 0.9750675
0.20900 1.015645
0.21000 1.05227
0.21100 1.088895
0.21200 1.1241625
0.21300 1.15943
0.21400 1.1949025
0.21500 1.230375
0.21600 1.2662875
0.21700 1.3022
0.21800 1.3380874999999999
0.21900 1.373975
0.22000 1.4077175
0.22100 1.44146
0.22200 1.4733275
0.22300 1.505195
0.22400 1.5366300000000002
0.22500 1.568065
0.22600 1.59711
0.22700 1.626155
0.22800 1.65436
0.22900 1.682565
0.23000 1.710575
0.23100 1.738585
0.23200 1.7661775
0.23300 1.79377
0.23400 1.8211650000000001
0.23500 1.84856
0.23600 1.871475
0.23700 1.89439
0.23800 1.9133025
0.23900 1.932215
0.24000 1.9513625
0.24100 1.97051
0.24200 1.9913575
0.24300 2.012205
0.24400 2.033665
0.24500 2.055125
0.24600 2.0759425
0.24700 2.09676
0.24800 2.1161525
0.24900 2.135545
0.25000 2.1547975
0.25100 2.17405
0.25200 2.1947725
0.25300 2.215495
0.25400 2.23756
0.25500 2.259625
0.25600 2.281485
0.25700 2.303345
0.25800 2.3238325
0.25900 2.34432
0.26000 2.364305
0.26100 2.38429
0.26200 2.4048249999999998
0.26300 2.42536
0.26400 2.4471499999999997
0.26500 2.46894
0.26600 2.49085
0.26700 2.51276
0.26800 2.5330725000000003
0.26900 2.553385
0.27000 2.5722125
0.27100 2.59104
0.27200 2.6098600000000003
0.27300 2.62868
0.27400 2.6476125
0.27500 2.666545
0.27600 2.6855200000000004
0.27700 2.704495
0.27800 2.722515
0.27900 2.740535
0.28000 2.7563275000000003
0.28100 2.77212
0.28200 2.7875975000000004
0.28300 2.803075
0.28400 2.817995
0.28500 2.832915
0.28600 2.8473024999999996
0.28700 2.86169
0.28800 2.8757975
0.28900 2.889905
0.29000 2.902265
0.29100 2.914625
0.29200 2.92631
0.29300 2.937995
0.29400 2.95026
0.29500 2.962525
0.29600 2.9761699999999998
0.29700 2.989815
0.29800 3.0036500000000004
0.29900 3.017485
0.30000 3.0311925000000004
0.30100 3.0449
0.30200 3.058485
0.30300 3.07207
0.30400 3.085675
0.30500 3.09928
0.30600 3.1130625
0.30700 3.126845
0.30800 3.140695
0.30900 3.154545
0.31000 3.1688225
0.31100 3.1831
0.31200 3.19841
0.31300 3.21372
0.31400 3.2291749999999997
0.31500 3.24463
0.31600 3.2597300000000002
0.31700 3.27483
0.31800 3.2895775
0.31900 3.304325
0.32000 3.3193
0.32100 3.334275
0.32200 3.3508649999999998
0.32300 3.367455
0.32400 3.3846925
0.32500 3.40193
0.32600 3.4189225
0.32700 3.435915
0.32800 3.4522874999999997
0.32900 3.46866
0.33000 3.48494
0.33100 3.50122
0.33200 3.5175650000000003
0.33300 3.53391
0.33400 3.55032
0.33500 3.56673
0.33600 3.5827575
0.33700 3.598785
0.33800 3.6120775
0.33900 3.62537
0.34000 3.637535
0.34100 3.6497
0.34200 3.65891
0.34300 3.66812
0.34400 3.669765
0.34500 3.67141
0.34600 3.6718225
0.34700 3.672235
0.34800 3.6680125
0.34900 3.66379
0.35000 3.6547549999999998
0.35100 3.64572
0.35200 3.6350724999999997
0.35300 3.624425
0.35400 3.6028124999999998
0.35500 3.5812
0.35600 3.5549425
0.35700 3.528685
0.35800 3.5014475
0.35900 3.47421
0.36000 3.4444
0.36100 3.41459
0.36200 3.38423
0.36300 3.35387
0.36400 3.3143975
0.36500 3.274925
0.36600 3.2257875
0.36700 3.17665
0.36800 3.127325
0.36900 3.078
0.37000 3.0292174999999997
0.37100 2.980435
0.37200 2.9318875
0.37300 2.88334
0.37400 2.8298674999999998
0.37500 2.776395
0.37600 2.7097100000000003
0.37700 2.643025
0.37800 2.57417
0.37900 2.505315
0.38000 2.4337524999999998
0.38100 2.36219
0.38200 2.2876925
0.38300 2.213195
0.38400 2.13804
0.38500 2.062885
0.38600 1.9832475
0.38700 1.90361
0.38800 1.8219825
0.38900 1.740355
0.39000 1.6542675
0.39100 1.56818
0.39200 1.4698449999999998
0.39300 1.37151
0.39400 1.271085
0.39500 1.17066
0.39600 1.06589
0.39700 0.96112
0.39800 0.8515349999999999
0.39900 0.74195
0.40000 0.6304449999999999
0.40100 0.51894
0.40200 0.39314099999999996
0.40300 0.267342
0.40400 0.1350493425
0.40500 0.002756684999999981
0.40600 -0.12880865749999998
0.40700 -0.260374
0.40800 -0.389892
0.40900 -0.51941
0.41000 -0.6487050000000001
0.41100 -0.778
0.41200 -0.918085
0.41300 -1.05817
0.41400 -1.210455
0.41500 -1.36274
0.41600 -1.51455
0.41700 -1.66636
0.41800 -1.81079
0.41900 -1.95522
0.42000 -2.096215
0.42100 -2.23721
0.42200 -2.383505
0.42300 -2.5298
0.42400 -2.69135
0.42500 -2.8529
0.42600 -3.0170525
0.42700 -3.181205
0.42800 -3.3379075
0.42900 -3.49461
0.43000 -3.6427050000000003
0.43100 -3.7908
0.43200 -3.9401275
0.43300 -4.089455
0.43400 -4.2520875
0.43500 -4.41472
0.43600 -4.5836825
0.43700 -4.752645
0.43800 -4.9173475
0.43900 -5.08205
0.44000 -5.234125
0.44100 -5.3862
0.44200 -5.536149999999999
0.44300 -5.6861
0.44400 -5.85035
0.44500 -6.0146
0.44600 -6.1957
0.44700 -6.3768
0.44800 -6.558125
0.44900 -6.73945
0.45000 -6.916725
0.45100 -7.094
0.45200 -7.269325
0.45300 -7.44465
0.45400 -7.620225
0.45500 -7.7958
0.45600 -7.9722
0.45700 -8.1486
0.45800 -8.325175
0.45900 -8.50175
0.46000 -8.6838
0.46100 -8.86585
0.46200 -9.054475
0.46300 -9.2431
0.46400 -9.430325
0.46500 -9.61755
0.46600 -9.78975
0.46700 -9.96195
0.46800 -10.12665
0.46900 -10.29135
0.47000 -10.459900000000001
0.47100 -10.62845
0.47200 -10.808975
0.47300 -10.9895
0.47400 -11.1722
0.47500 -11.3549
0.47600 -11.52505
0.47700 -11.6952
0.47800 -11.8498
0.47900 -12.0044
0.48000 -12.158975
0.48100 -12.31355
0.48200 -12.474025
0.48300 -12.6345
0.48400 -12.798024999999999
0.48500 -12.96155
0.48600 -13.118300000000001
0.48700 -13.27505
0.48800 -13.410350000000001
0.48900 -13.54565
0.49000 -13.6768
0.49100 -13.80795
0.49200 -13.9423
0.49300 -14.07665
0.49400 -14.215075
0.49500 -14.3535
0.49600 -14.490625000000001
0.49700 -14.62775
0.49800 -14.750225
0.49900 -14.8727
0.50000 -14.987525
0.50100 -15.10235
0.50200 -15.21885
0.50300 -15.33535
0.50400 -15.4573
0.50500 -15.57925
0.50600 -15.702275
0.50700 -15.8253
0.50800 -15.940825
0.50900 -16.05635
0.51000 -16.162225
0.51100 -16.2681
0.51200 -16.373725
0.51300 -16.47935
0.51400 -16.58725
0.51500 -16.69515
0.51600 -16.8043
0.51700 -16.91345
0.51800 -17.0195
0.51900 -17.12555
0.52000 -17.221325
0.52100 -17.3171
0.52200 -17.41065
0.52300 -17.5042
0.52400 -17.563724999999998
0.52500 -17.62325
0.52600 -17.637925
0.52700 -17.6526
0.52800 -17.664975
0.52900 -17.67735
