0.00000 -0.00476329765945138
0.00100 -0.00952659531890276
0.00200 -0.014289892978354141
0.00300 -0.01905319063780552
0.00400 -0.0238164882972569
0.00500 -0.028579785956708282
0.00600 -0.03334308361615966
0.00700 -0.03810638127561104
0.00800 -0.042869678935062425
0.00900 -0.0476329765945138
0.01000 -0.04762691893506242
0.01100 -0.047620861275611034
0.01200 -0.047614803616159655
0.01300 -0.047608745956708276
0.01400 -0.047602688297256904
0.01500 -0.04759663063780552
0.01600 -0.04759057297835414
0.01700 -0.04758451531890276
0.01800 -0.04757845765945138
0.01900 -0.0475724
0.02000 -0.04756634999999999
0.02100 -0.0475603
0.02200 -0.04755425
0.02300 -0.0475482
0.02400 -0.04754215
0.02500 -0.0475361
0.02600 -0.047530050000000004
0.02700 -0.047524
0.02800 -0.04751795
0.02900 -0.0475119
0.03000 -0.047491
0.03100 -0.0474701
0.03200 -0.047449200000000004
0.03300 -0.0474283
0.03400 -0.0474074
0.03500 -0.0473865
0.03600 -0.047365599999999994
0.03700 -0.0473447
0.03800 -0.0473238
0.03900 -0.047302899999999995
0.04000 -0.04725873
0.04100 -0.04721456
0.04200 -0.04717038999999999
0.04300 -0.047126219999999996
0.04400 -0.04708205
0.04500 -0.04703788
0.04600 -0.04699371
0.04700 -0.04694954
0.04800 -0.046905369999999995
0.04900 -0.0468612
0.05000 -0.0468149
0.05100 -0.0467686
0.05200 -0.0467223
0.05300 -0.046676
0.05400 -0.046629699999999996
0.05500 -0.0465834
0.05600 -0.0465371
0.05700 -0.0464908
0.05800 -0.0464445
0.05900 -0.0463982
0.06000 -0.046345449999999996
0.06100 -0.0462927
0.06200 -0.04623995
0.06300 -0.0461872
0.06400 -0.04613445
0.06500 -0.046081699999999996
0.06600 -0.04602895
0.06700 -0.0459762
0.06800 -0.04592345
0.06900 -0.0458707
0.07000 -0.04581374
0.07100 -0.04575678
0.07200 -0.045699819999999995
0.07300 -0.04564285999999999
0.07400 -0.0455859
0.07500 -0.045528940000000004
0.07600 -0.04547198
0.07700 -0.04541502
0.07800 -0.04535806
0.07900 -0.0453011
0.08000 -0.04524283
0.08100 -0.04518456
0.08200 -0.04512629
0.08300 -0.04506802
0.08400 -0.04500975
0.08500 -0.04495148
0.08600 -0.04489321
0.08700 -0.044834940000000004
0.08800 -0.044776670000000005
0.08900 -0.044718400000000005
0.09000 -0.044654780000000005
0.09100 -0.044591160000000005
0.09200 -0.04452754
0.09300 -0.044463920000000004
0.09400 -0.044400300000000004
0.09500 -0.04433668
0.09600 -0.044273059999999996
0.09700 -0.04420944
0.09800 -0.04414582
0.09900 -0.0440822
0.10000 -0.04401721
0.10100 -0.04395222
0.10200 -0.04388723
0.10300 -0.04382224
0.10400 -0.043757250000000004
0.10500 -0.04369226
0.10600 -0.04362727
0.10700 -0.04356228
0.10800 -0.04349729
0.10900 -0.0434323
0.11000 -0.04336305
0.11100 -0.0432938
0.11200 -0.04322455
0.11300 -0.0431553
0.11400 -0.04308605
0.11500 -0.0430168
0.11600 -0.04294755
0.11700 -0.0428783
0.11800 -0.04280905
0.11900 -0.0427398
0.12000 -0.04266373
0.12100 -0.04258766
0.12200 -0.04251159
0.12300 -0.04243552
0.12400 -0.04235945
0.12500 -0.04228338
0.12600 -0.042207310000000005
0.12700 -0.04213124
0.12800 -0.04205517
0.12900 -0.041979100000000005
0.13000 -0.04190267
0.13100 -0.04182624
0.13200 -0.041749810000000005
0.13300 -0.04167338
0.13400 -0.04159695
0.13500 -0.04152052
0.13600 -0.04144409
0.13700 -0.04136766
0.13800 -0.04129123
0.13900 -0.0412148
0.14000 -0.041140670000000004
0.14100 -0.04106654
0.14200 -0.04099241
0.14300 -0.04091828
0.14400 -0.04084415
0.14500 -0.040770020000000004
0.14600 -0.04069589
0.14700 -0.04062176
0.14800 -0.04054763
0.14900 -0.0404735
0.15000 -0.040400900000000003
0.15100 -0.0403283
0.15200 -0.0402557
0.15300 -0.0401831
0.15400 -0.04011050000000001
0.15500 -0.0400379
0.15600 -0.0399653
0.15700 -0.0398927
0.15800 -0.039820100000000004
0.15900 -0.039747500000000005
0.16000 -0.03967358
0.16100 -0.03959966
0.16200 -0.039525740000000004
0.16300 -0.039451820000000005
0.16400 -0.0393779
0.16500 -0.03930398
0.16600 -0.03923006
0.16700 -0.03915614
0.16800 -0.03908222
0.16900 -0.0390083
0.17000 -0.03892881
0.17100 -0.03884932
0.17200 -0.03876983
0.17300 -0.038690340000000004
0.17400 -0.038610849999999995
0.17500 -0.03853136
0.17600 -0.03845187
0.17700 -0.03837238
0.17800 -0.038292889999999996
0.17900 -0.038213399999999995
0.18000 -0.03813245
0.18100 -0.0380515
0.18200 -0.03797055
0.18300 -0.0378896
0.18400 -0.03780865
0.18500 -0.037727699999999996
0.18600 -0.03764675
0.18700 -0.037565799999999996
0.18800 -0.03748485
0.18900 -0.037403900000000004
0.19000 -0.03732681
0.19100 -0.03724972
0.19200 -0.03717263
0.19300 -0.037095539999999996
0.19400 -0.03701845
0.19500 -0.03694136
0.19600 -0.03686427
0.19700 -0.036787179999999996
0.19800 -0.03671009
0.19900 -0.036633
0.20000 -0.03656223
0.20100 -0.036491459999999996
0.20200 -0.03642069
0.20300 -0.036349919999999994
0.20400 -0.036279149999999996
0.20500 -0.03620838
0.20600 -0.03613761
0.20700 -0.03606684
0.20800 -0.03599607
0.20900 -0.0359253
0.21000 -0.03585525
0.21100 -0.0357852
0.21200 -0.03571515
0.21300 -0.0356451
0.21400 -0.03557505
0.21500 -0.035504999999999995
0.21600 -0.03543495
0.21700 -0.0353649
0.21800 -0.03529485
0.21900 -0.0352248
0.22000 -0.03515804
0.22100 -0.03509128
0.22200 -0.035024519999999996
0.22300 -0.03495776
0.22400 -0.034891
0.22500 -0.03482424
0.22600 -0.03475748
0.22700 -0.034690719999999994
0.22800 -0.034623959999999995
0.22900 -0.034557199999999996
0.23000 -0.0344927
0.23100 -0.0344282
0.23200 -0.0343637
0.23300 -0.034299199999999995
0.23400 -0.03423469999999999
0.23500 -0.0341702
0.23600 -0.0341057
0.23700 -0.0340412
0.23800 -0.0339767
0.23900 -0.033912199999999997
0.24000 -0.03385033
0.24100 -0.03378846
0.24200 -0.03372659
0.24300 -0.033664719999999995
0.24400 -0.03360285
0.24500 -0.03354098
0.24600 -0.03347911
0.24700 -0.03341724
0.24800 -0.033355369999999995
0.24900 -0.0332935
0.25000 -0.03324296
0.25100 -0.03319242
0.25200 -0.03314188
0.25300 -0.03309134
0.25400 -0.033040799999999995
0.25500 -0.03299026
0.25600 -0.03293972
0.25700 -0.03288918
0.25800 -0.032838639999999995
0.25900 -0.0327881
0.26000 -0.03274062
0.26100 -0.032693139999999996
0.26200 -0.03264566
0.26300 -0.03259818
0.26400 -0.0325507
0.26500 -0.03250322
0.26600 -0.03245574
0.26700 -0.03240826
0.26800 -0.03236078
0.26900 -0.0323133
0.27000 -0.0322716
0.27100 -0.0322299
0.27200 -0.0321882
0.27300 -0.0321465
0.27400 -0.0321048
0.27500 -0.0320631
0.27600 -0.0320214
0.27700 -0.0319797
0.27800 -0.031938
0.27900 -0.0318963
0.28000 -0.0318643
0.28100 -0.0318323
0.28200 -0.0318003
0.28300 -0.0317683
0.28400 -0.0317363
0.28500 -0.031704300000000005
0.28600 -0.0316723
0.28700 -0.031640299999999996
0.28800 -0.0316083
0.28900 -0.0315763
0.29000 -0.03154553
0.29100 -0.03151476
0.29200 -0.03148399
0.29300 -0.031453220000000004
0.29400 -0.031422450000000005
0.29500 -0.03139168
0.29600 -0.031360910000000006
0.29700 -0.03133014
0.29800 -0.03129937000000001
0.29900 -0.0312686
0.30000 -0.031244730000000005
0.30100 -0.03122086
0.30200 -0.03119699
0.30300 -0.03117312
0.30400 -0.03114925
0.30500 -0.03112538
0.30600 -0.03110151
0.30700 -0.03107764
0.30800 -0.031053769999999998
0.30900 -0.0310299
0.31000 -0.031010879999999998
0.31100 -0.03099186
0.31200 -0.03097284
0.31300 -0.03095382
0.31400 -0.030934799999999995
0.31500 -0.030915779999999997
0.31600 -0.030896760000000002
0.31700 -0.030877739999999997
0.31800 -0.030858719999999996
0.31900 -0.030839699999999998
0.32000 -0.030823089999999997
0.32100 -0.030806479999999997
0.32200 -0.030789869999999997
0.32300 -0.030773259999999997
0.32400 -0.030756649999999996
0.32500 -0.030740040000000003
0.32600 -0.030723430000000003
0.32700 -0.030706820000000003
0.32800 -0.030690210000000002
0.32900 -0.030673600000000002
0.33000 -0.030667640000000003
0.33100 -0.030661680000000004
0.33200 -0.030655720000000004
0.33300 -0.030649760000000005
0.33400 -0.0306438
0.33500 -0.03063784
0.33600 -0.03063188
0.33700 -0.03062592
0.33800 -0.03061996
0.33900 -0.030614000000000002
0.34000 -0.030610980000000003
0.34100 -0.03060796
0.34200 -0.030604940000000004
0.34300 -0.030601919999999998
0.34400 -0.030598900000000002
0.34500 -0.030595880000000002
0.34600 -0.03059286
0.34700 -0.03058984
0.34800 -0.030586819999999997
0.34900 -0.0305838
0.35000 -0.0305824
0.35100 -0.030581000000000004
0.35200 -0.030579600000000002
0.35300 -0.0305782
0.35400 -0.030576800000000005
0.35500 -0.030575400000000003
0.35600 -0.030574
0.35700 -0.0305726
0.35800 -0.030571200000000003
0.35900 -0.0305698
0.36000 -0.030571230000000005
0.36100 -0.03057266
0.36200 -0.030574089999999998
0.36300 -0.030575520000000002
0.36400 -0.030576950000000002
0.36500 -0.03057838
0.36600 -0.030579809999999995
0.36700 -0.03058124
0.36800 -0.03058267
0.36900 -0.030584099999999996
0.37000 -0.03058609
0.37100 -0.030588079999999997
0.37200 -0.030590069999999997
0.37300 -0.030592059999999997
0.37400 -0.030594049999999994
0.37500 -0.030596039999999998
0.37600 -0.03059803
0.37700 -0.03060002
0.37800 -0.030602009999999995
0.37900 -0.030604
0.38000 -0.030611679999999995
0.38100 -0.03061936
0.38200 -0.03062704
0.38300 -0.030634719999999997
0.38400 -0.030642400000000004
0.38500 -0.030650080000000003
0.38600 -0.03065776
0.38700 -0.03066544
0.38800 -0.030673120000000005
0.38900 -0.0306808
0.39000 -0.03069256
0.39100 -0.03070432
0.39200 -0.03071608
0.39300 -0.03072784
0.39400 -0.0307396
0.39500 -0.03075136
0.39600 -0.030763119999999998
0.39700 -0.030774879999999998
0.39800 -0.030786639999999997
0.39900 -0.030798399999999997
0.40000 -0.030810879999999995
0.40100 -0.03082336
0.40200 -0.030835839999999996
0.40300 -0.030848320000000002
0.40400 -0.0308608
0.40500 -0.030873279999999996
0.40600 -0.03088576
0.40700 -0.03089824
0.40800 -0.030910720000000003
0.40900 -0.0309232
0.41000 -0.03093892
0.41100 -0.03095464
0.41200 -0.030970360000000002
0.41300 -0.03098608
0.41400 -0.031001800000000003
0.41500 -0.031017520000000003
0.41600 -0.03103324
0.41700 -0.031048960000000004
0.41800 -0.03106468
0.41900 -0.0310804
0.42000 -0.031097030000000005
0.42100 -0.031113660000000005
0.42200 -0.031130289999999998
0.42300 -0.03114692
0.42400 -0.03116355
0.42500 -0.031180180000000002
0.42600 -0.031196810000000002
0.42700 -0.03121344
0.42800 -0.03123007
0.42900 -0.0312467
0.43000 -0.031267790000000004
0.43100 -0.031288880000000005
0.43200 -0.03130997
0.43300 -0.03133106
0.43400 -0.03135215
0.43500 -0.031373240000000004
0.43600 -0.031394330000000005
0.43700 -0.03141542
0.43800 -0.03143651
0.43900 -0.0314576
0.44000 -0.031486570000000005
0.44100 -0.03151554
0.44200 -0.031544510000000005
0.44300 -0.03157348
0.44400 -0.031602450000000004
0.44500 -0.03163142
0.44600 -0.03166039
0.44700 -0.03168936
0.44800 -0.03171833
0.44900 -0.0317473
0.45000 -0.03177764
0.45100 -0.03180798
0.45200 -0.031838319999999996
0.45300 -0.03186866
0.45400 -0.031899
0.45500 -0.03192934
0.45600 -0.031959680000000004
0.45700 -0.031990019999999994
0.45800 -0.03202036
0.45900 -0.0320507
0.46000 -0.032093319999999995
0.46100 -0.032135939999999995
0.46200 -0.03217856
0.46300 -0.03222118
0.46400 -0.032263799999999995
0.46500 -0.032306419999999995
0.46600 -0.032349039999999996
0.46700 -0.03239166
0.46800 -0.032434279999999996
0.46900 -0.032476899999999996
0.47000 -0.03252852
0.47100 -0.032580139999999994
0.47200 -0.032631759999999996
0.47300 -0.03268338
0.47400 -0.032735
0.47500 -0.03278662
0.47600 -0.03283824
0.47700 -0.03288986
0.47800 -0.032941479999999995
0.47900 -0.0329931
0.48000 -0.03304964
0.48100 -0.03310618
0.48200 -0.03316272
0.48300 -0.03321926
0.48400 -0.0332758
0.48500 -0.03333234
0.48600 -0.033388879999999996
0.48700 -0.033445420000000003
0.48800 -0.033501960000000004
0.48900 -0.033558500000000005
0.49000 -0.03363783
0.49100 -0.03371716
0.49200 -0.03379649
0.49300 -0.03387582
0.49400 -0.03395515
0.49500 -0.03403448
0.49600 -0.03411381
0.49700 -0.03419314
0.49800 -0.03427247
0.49900 -0.0343518
0.50000 -0.03443776
0.50100 -0.034523719999999994
0.50200 -0.03460968
0.50300 -0.03469564
0.50400 -0.0347816
0.50500 -0.03486756
0.50600 -0.03495352
0.50700 -0.03503948
0.50800 -0.035125439999999994
0.50900 -0.0352114
0.51000 -0.03530893
0.51100 -0.03540646
0.51200 -0.03550399
0.51300 -0.03560152
0.51400 -0.035699049999999996
0.51500 -0.03579658
0.51600 -0.03589411
0.51700 -0.03599164
0.51800 -0.03608917
0.51900 -0.0361867
0.52000 -0.036305149999999994
0.52100 -0.0364236
0.52200 -0.03654205
0.52300 -0.0366605
0.52400 -0.03677895
0.52500 -0.0368974
0.52600 -0.03701585
0.52700 -0.037134299999999995
0.52800 -0.03725275
0.52900 -0.0373712
0.53000 -0.03749207
0.53100 -0.03761294
0.53200 -0.03773381
0.53300 -0.03785468
0.53400 -0.037975550000000004
0.53500 -0.03809642
0.53600 -0.03821729
0.53700 -0.038338159999999996
0.53800 -0.03845903
0.53900 -0.0385799
0.54000 -0.038709919999999995
0.54100 -0.03883994
0.54200 -0.038969960000000005
0.54300 -0.03909998
0.54400 -0.03923
0.54500 -0.03936002
0.54600 -0.039490040000000004
0.54700 -0.03962006
0.54800 -0.03975008
0.54900 -0.0398801
0.55000 -0.04001699
0.55100 -0.04015388
0.55200 -0.040290770000000004
0.55300 -0.040427660000000004
0.55400 -0.04056455
0.55500 -0.04070144
0.55600 -0.04083833
0.55700 -0.04097522
0.55800 -0.04111211
0.55900 -0.041249
0.56000 -0.04139173
0.56100 -0.04153446
0.56200 -0.04167719
0.56300 -0.04181992
0.56400 -0.041962650000000004
0.56500 -0.042105380000000005
0.56600 -0.04224811
0.56700 -0.04239084
0.56800 -0.04253357
0.56900 -0.0426763
0.57000 -0.042846840000000004
0.57100 -0.04301738
0.57200 -0.043187920000000005
0.57300 -0.04335846
0.57400 -0.043529
0.57500 -0.04369954
0.57600 -0.04387008
0.57700 -0.04404062
0.57800 -0.04421116
0.57900 -0.0443817
0.58000 -0.044560520000000006
0.58100 -0.04473934
0.58200 -0.04491816
0.58300 -0.04509698
0.58400 -0.0452758
0.58500 -0.04545462
0.58600 -0.045633440000000004
0.58700 -0.04581226000000001
0.58800 -0.045991080000000004
0.58900 -0.0461699
0.59000 -0.04634833000000001
0.59100 -0.04652676
0.59200 -0.04670519
0.59300 -0.04688362
0.59400 -0.04706205
0.59500 -0.04724048
0.59600 -0.04741891
0.59700 -0.04759734
0.59800 -0.04777577
0.59900 -0.0479542
0.60000 -0.04813191
0.60100 -0.048309620000000005
0.60200 -0.04848733
0.60300 -0.04866504000000001
0.60400 -0.048842750000000004
0.60500 -0.04902046
0.60600 -0.04919817
0.60700 -0.04937588
0.60800 -0.04955359
0.60900 -0.0497313
0.61000 -0.04991031
0.61100 -0.05008932000000001
0.61200 -0.05026832999999999
0.61300 -0.05044733999999999
0.61400 -0.05062635
0.61500 -0.05080536
0.61600 -0.05098437
0.61700 -0.051163379999999994
0.61800 -0.051342389999999995
0.61900 -0.051521399999999995
0.62000 -0.051727959999999996
0.62100 -0.05193452
0.62200 -0.05214107999999999
0.62300 -0.052347639999999994
0.62400 -0.052554199999999995
0.62500 -0.05276076
0.62600 -0.05296732
0.62700 -0.05317387999999999
0.62800 -0.053380439999999994
0.62900 -0.053586999999999996
0.63000 -0.05381467999999999
0.63100 -0.05404236
0.63200 -0.05427004
0.63300 -0.05449771999999999
0.63400 -0.054725399999999993
0.63500 -0.05495308
0.63600 -0.055180759999999995
0.63700 -0.05540843999999999
0.63800 -0.05563612
0.63900 -0.0558638
0.64000 -0.05608982
0.64100 -0.05631583999999999
0.64200 -0.05654186
0.64300 -0.05676787999999999
0.64400 -0.0569939
0.64500 -0.05721992
0.64600 -0.057445939999999994
0.64700 -0.05767196
0.64800 -0.057897979999999995
0.64900 -0.058123999999999995
0.65000 -0.058341449999999996
0.65100 -0.058558900000000004
0.65200 -0.05877635
0.65300 -0.0589938
0.65400 -0.05921125000000001
0.65500 -0.0594287
0.65600 -0.059646149999999995
0.65700 -0.059863599999999996
0.65800 -0.060081050000000004
0.65900 -0.0602985
0.66000 -0.060513340000000006
0.66100 -0.06072818
0.66200 -0.06094302
0.66300 -0.061157859999999994
0.66400 -0.0613727
0.66500 -0.06158754000000001
0.66600 -0.061802380000000004
0.66700 -0.062017220000000005
0.66800 -0.06223206
0.66900 -0.06244690000000001
0.67000 -0.06268011
0.67100 -0.06291332000000001
0.67200 -0.06314653
0.67300 -0.06337974
0.67400 -0.06361295
0.67500 -0.06384616
0.67600 -0.06407937
0.67700 -0.06431258
0.67800 -0.06454579
0.67900 -0.064779
0.68000 -0.06504699
0.68100 -0.06531498
0.68200 -0.06558296999999999
0.68300 -0.06585096
0.68400 -0.06611895
0.68500 -0.06638693999999999
0.68600 -0.06665493
0.68700 -0.06692292
0.68800 -0.06719091
0.68900 -0.0674589
0.69000 -0.06772975
0.69100 -0.0680006
0.69200 -0.06827145
0.69300 -0.0685423
0.69400 -0.06881315
0.69500 -0.069084
0.69600 -0.06935485
0.69700 -0.0696257
0.69800 -0.06989655
0.69900 -0.0701674
0.70000 -0.07042553
0.70100 -0.07068366000000001
0.70200 -0.07094179
0.70300 -0.07119992
0.70400 -0.07145805000000001
0.70500 -0.07171617999999999
0.70600 -0.07197431
0.70700 -0.07223244
0.70800 -0.07249057
0.70900 -0.0727487
0.71000 -0.07299684
0.71100 -0.07324498
0.71200 -0.07349312
0.71300 -0.07374126
0.71400 -0.07398940000000001
0.71500 -0.07423754
0.71600 -0.07448568
0.71700 -0.07473381999999999
0.71800 -0.07498196
0.71900 -0.0752301
0.72000 -0.07548774999999999
0.72100 -0.07574539999999999
0.72200 -0.07600305
0.72300 -0.0762607
0.72400 -0.07651835
0.72500 -0.076776
0.72600 -0.07703365
0.72700 -0.07729130000000001
0.72800 -0.07754895
0.72900 -0.0778066
0.73000 -0.07811245
0.73100 -0.07841830000000001
0.73200 -0.07872415
0.73300 -0.07903
0.73400 -0.07933585000000001
0.73500 -0.07964170000000001
0.73600 -0.07994755
0.73700 -0.0802534
0.73800 -0.08055925
0.73900 -0.0808651
0.74000 -0.08118600000000001
0.74100 -0.08150690000000001
0.74200 -0.08182779999999999
0.74300 -0.08214869999999999
0.74400 -0.0824696
0.74500 -0.0827905
0.74600 -0.0831114
0.74700 -0.08343229999999999
0.74800 -0.0837532
0.74900 -0.0840741
0.75000 -0.08439592
0.75100 -0.08471774
0.75200 -0.08503955999999999
0.75300 -0.08536138
0.75400 -0.0856832
0.75500 -0.08600502
0.75600 -0.08632683999999999
0.75700 -0.08664866
0.75800 -0.08697048
0.75900 -0.0872923
0.76000 -0.08761592
0.76100 -0.08793954000000001
0.76200 -0.08826316
0.76300 -0.08858678
0.76400 -0.0889104
0.76500 -0.08923402
0.76600 -0.08955764000000001
0.76700 -0.08988125999999999
0.76800 -0.09020488
0.76900 -0.0905285
0.77000 -0.09085206
0.77100 -0.09117562
0.77200 -0.09149918
0.77300 -0.09182274
0.77400 -0.09214629999999999
0.77500 -0.09246985999999999
0.77600 -0.09279341999999999
0.77700 -0.09311697999999999
0.77800 -0.09344053999999999
0.77900 -0.09376409999999999
0.78000 -0.0940823
0.78100 -0.0944005
0.78200 -0.0947187
0.78300 -0.09503690000000001
0.78400 -0.0953551
0.78500 -0.09567329999999999
0.78600 -0.0959915
0.78700 -0.0963097
0.78800 -0.0966279
0.78900 -0.09694610000000001
0.79000 -0.09725999
0.79100 -0.09757388
0.79200 -0.09788777
0.79300 -0.09820166
0.79400 -0.09851555000000001
0.79500 -0.09882944
0.79600 -0.09914333
0.79700 -0.09945722
0.79800 -0.09977111000000001
0.79900 -0.10008500000000001
0.80000 -0.1004035
0.80100 -0.100722
0.80200 -0.1010405
0.80300 -0.101359
0.80400 -0.1016775
0.80500 -0.101996
0.80600 -0.1023145
0.80700 -0.102633
0.80800 -0.1029515
0.80900 -0.10327
0.81000 -0.10361240000000001
0.81100 -0.10395479999999999
0.81200 -0.1042972
0.81300 -0.10463959999999999
0.81400 -0.10498199999999999
0.81500 -0.10532440000000001
0.81600 -0.10566679999999999
0.81700 -0.1060092
0.81800 -0.10635159999999999
0.81900 -0.106694
0.82000 -0.107044
0.82100 -0.10739399999999999
0.82200 -0.10774399999999999
0.82300 -0.108094
0.82400 -0.10844399999999998
0.82500 -0.10879399999999999
0.82600 -0.10914399999999999
0.82700 -0.10949400000000001
0.82800 -0.10984399999999998
0.82900 -0.11019399999999999
0.83000 -0.1105322
0.83100 -0.1108704
0.83200 -0.11120859999999999
0.83300 -0.11154679999999999
0.83400 -0.11188500000000001
0.83500 -0.11222320000000001
0.83600 -0.1125614
0.83700 -0.11289960000000002
0.83800 -0.11323780000000001
0.83900 -0.11357600000000001
0.84000 -0.1138906
0.84100 -0.1142052
0.84200 -0.11451980000000002
0.84300 -0.1148344
0.84400 -0.11514899999999999
0.84500 -0.1154636
0.84600 -0.11577820000000001
0.84700 -0.1160928
0.84800 -0.11640739999999998
0.84900 -0.11672199999999999
0.85000 -0.11703489999999998
0.85100 -0.1173478
0.85200 -0.1176607
0.85300 -0.11797359999999998
0.85400 -0.1182865
0.85500 -0.1185994
0.85600 -0.1189123
0.85700 -0.11922519999999999
0.85800 -0.11953810000000001
0.85900 -0.119851
0.86000 -0.120184
0.86100 -0.12051700000000001
0.86200 -0.12084999999999999
0.86300 -0.121183
0.86400 -0.121516
0.86500 -0.12184900000000001
0.86600 -0.12218200000000001
0.86700 -0.122515
0.86800 -0.122848
0.86900 -0.12318100000000001
0.87000 -0.12353030000000001
0.87100 -0.1238796
0.87200 -0.1242289
0.87300 -0.1245782
0.87400 -0.1249275
0.87500 -0.12527680000000002
0.87600 -0.12562610000000002
0.87700 -0.12597540000000002
0.87800 -0.1263247
0.87900 -0.126674
0.88000 -0.1270176
0.88100 -0.1273612
0.88200 -0.1277048
0.88300 -0.1280484
0.88400 -0.128392
0.88500 -0.1287356
0.88600 -0.1290792
0.88700 -0.1294228
0.88800 -0.1297664
0.88900 -0.13011
0.89000 -0.1304222
0.89100 -0.13073439999999997
0.89200 -0.13104659999999999
0.89300 -0.1313588
0.89400 -0.131671
0.89500 -0.1319832
0.89600 -0.1322954
0.89700 -0.1326076
0.89800 -0.13291979999999998
0.89900 -0.133232
0.90000 -0.13353399999999999
0.90100 -0.133836
0.90200 -0.134138
0.90300 -0.13444
0.90400 -0.134742
0.90500 -0.135044
0.90600 -0.135346
0.90700 -0.135648
0.90800 -0.13595
0.90900 -0.13625199999999998
0.91000 -0.1365645
0.91100 -0.136877
0.91200 -0.1371895
0.91300 -0.13750199999999999
0.91400 -0.1378145
0.91500 -0.138127
0.91600 -0.1384395
0.91700 -0.138752
0.91800 -0.13906449999999998
0.91900 -0.139377
0.92000 -0.139711
0.92100 -0.140045
0.92200 -0.14037899999999998
0.92300 -0.140713
0.92400 -0.141047
0.92500 -0.141381
0.92600 -0.14171499999999998
0.92700 -0.142049
0.92800 -0.142383
0.92900 -0.142717
0.93000 -0.14305240000000002
0.93100 -0.1433878
0.93200 -0.1437232
0.93300 -0.14405859999999998
0.93400 -0.144394
0.93500 -0.1447294
0.93600 -0.1450648
0.93700 -0.1454002
0.93800 -0.1457356
0.93900 -0.146071
0.94000 -0.1463824
0.94100 -0.14669379999999999
0.94200 -0.1470052
0.94300 -0.1473166
0.94400 -0.147628
0.94500 -0.1479394
0.94600 -0.1482508
0.94700 -0.1485622
0.94800 -0.1488736
0.94900 -0.14918499999999998
0.95000 -0.1494764
0.95100 -0.14976779999999998
0.95200 -0.1500592
0.95300 -0.1503506
0.95400 -0.150642
0.95500 -0.1509334
0.95600 -0.1512248
0.95700 -0.15151620000000002
0.95800 -0.1518076
0.95900 -0.152099
0.96000 -0.15239960000000002
0.96100 -0.1527002
0.96200 -0.1530008
0.96300 -0.1533014
0.96400 -0.15360200000000002
0.96500 -0.1539026
0.96600 -0.1542032
0.96700 -0.15450380000000002
0.96800 -0.1548044
0.96900 -0.155105
0.97000 -0.15545710000000001
0.97100 -0.1558092
0.97200 -0.1561613
0.97300 -0.1565134
0.97400 -0.15686550000000002
0.97500 -0.1572176
0.97600 -0.15756969999999998
0.97700 -0.1579218
0.97800 -0.15827390000000002
0.97900 -0.158626
0.98000 -0.1589954
0.98100 -0.1593648
0.98200 -0.1597342
0.98300 -0.16010359999999998
0.98400 -0.160473
0.98500 -0.1608424
0.98600 -0.1612118
0.98700 -0.1615812
0.98800 -0.1619506
0.98900 -0.16232
0.99000 -0.1626844
0.99100 -0.1630488
0.99200 -0.16341319999999998
0.99300 -0.1637776
0.99400 -0.164142
0.99500 -0.1645064
0.99600 -0.1648708
0.99700 -0.1652352
0.99800 -0.1655996
0.99900 -0.165964
1.00000 -0.1663182
1.00100 -0.1666724
1.00200 -0.1670266
1.00300 -0.1673808
1.00400 -0.16773500000000002
1.00500 -0.1680892
1.00600 -0.1684434
1.00700 -0.1687976
1.00800 -0.16915180000000002
1.00900 -0.169506
1.01000 -0.1698608
1.01100 -0.1702156
1.01200 -0.17057039999999998
1.01300 -0.1709252
1.01400 -0.17128000000000002
1.01500 -0.1716348
1.01600 -0.1719896
1.01700 -0.1723444
1.01800 -0.1726992
1.01900 -0.17305399999999999
1.02000 -0.1734531
1.02100 -0.17385219999999998
1.02200 -0.1742513
1.02300 -0.1746504
1.02400 -0.1750495
1.02500 -0.1754486
1.02600 -0.1758477
1.02700 -0.1762468
1.02800 -0.1766459
1.02900 -0.177045
1.03000 -0.1774823
1.03100 -0.1779196
1.03200 -0.17835689999999998
1.03300 -0.1787942
1.03400 -0.1792315
1.03500 -0.17966880000000002
1.03600 -0.1801061
1.03700 -0.1805434
1.03800 -0.1809807
1.03900 -0.181418
1.04000 -0.1818514
1.04100 -0.1822848
1.04200 -0.1827182
1.04300 -0.1831516
1.04400 -0.183585
1.04500 -0.1840184
1.04600 -0.1844518
1.04700 -0.1848852
1.04800 -0.1853186
1.04900 -0.185752
1.05000 -0.1861621
1.05100 -0.18657220000000002
1.05200 -0.1869823
1.05300 -0.18739240000000001
1.05400 -0.1878025
1.05500 -0.1882126
1.05600 -0.1886227
1.05700 -0.1890328
1.05800 -0.18944290000000003
1.05900 -0.189853
1.06000 -0.190255
1.06100 -0.19065700000000002
1.06200 -0.191059
1.06300 -0.19146100000000002
1.06400 -0.191863
1.06500 -0.192265
1.06600 -0.192667
1.06700 -0.193069
1.06800 -0.193471
1.06900 -0.19387300000000002
1.07000 -0.194297
1.07100 -0.194721
1.07200 -0.195145
1.07300 -0.19556900000000002
1.07400 -0.195993
1.07500 -0.196417
1.07600 -0.196841
1.07700 -0.197265
1.07800 -0.197689
1.07900 -0.198113
1.08000 -0.1985837
1.08100 -0.19905440000000002
1.08200 -0.1995251
1.08300 -0.1999958
1.08400 -0.20046650000000002
1.08500 -0.20093719999999998
1.08600 -0.20140790000000003
1.08700 -0.2018786
1.08800 -0.2023493
1.08900 -0.20282
1.09000 -0.2032955
1.09100 -0.203771
1.09200 -0.2042465
1.09300 -0.20472200000000002
1.09400 -0.2051975
1.09500 -0.205673
1.09600 -0.2061485
1.09700 -0.206624
1.09800 -0.20709950000000005
1.09900 -0.207575
1.10000 -0.2080325
1.10100 -0.20849
1.10200 -0.2089475
1.10300 -0.209405
1.10400 -0.2098625
1.10500 -0.21032
1.10600 -0.2107775
1.10700 -0.211235
1.10800 -0.2116925
1.10900 -0.21215
1.11000 -0.2125915
1.11100 -0.21303300000000003
1.11200 -0.2134745
1.11300 -0.213916
1.11400 -0.21435750000000003
1.11500 -0.21479900000000002
1.11600 -0.2152405
1.11700 -0.21568199999999998
1.11800 -0.2161235
1.11900 -0.21656499999999998
1.12000 -0.21700930000000002
1.12100 -0.21745359999999997
1.12200 -0.2178979
1.12300 -0.2183422
1.12400 -0.2187865
1.12500 -0.2192308
1.12600 -0.21967509999999998
1.12700 -0.22011940000000002
1.12800 -0.22056369999999997
1.12900 -0.221008
1.13000 -0.2214689
1.13100 -0.2219298
1.13200 -0.2223907
1.13300 -0.22285159999999998
1.13400 -0.22331250000000002
1.13500 -0.2237734
1.13600 -0.2242343
1.13700 -0.22469519999999998
1.13800 -0.22515610000000003
1.13900 -0.225617
1.14000 -0.2260838
1.14100 -0.2265506
1.14200 -0.22701739999999998
1.14300 -0.2274842
1.14400 -0.22795100000000001
1.14500 -0.22841779999999998
1.14600 -0.2288846
1.14700 -0.2293514
1.14800 -0.22981819999999997
1.14900 -0.230285
1.15000 -0.23075609999999996
1.15100 -0.23122719999999997
1.15200 -0.2316983
1.15300 -0.2321694
1.15400 -0.23264049999999997
1.15500 -0.23311159999999997
1.15600 -0.23358269999999998
1.15700 -0.2340538
1.15800 -0.23452489999999998
1.15900 -0.23499599999999998
1.16000 -0.23547629999999997
1.16100 -0.23595660000000002
1.16200 -0.2364369
1.16300 -0.2369172
1.16400 -0.23739749999999998
1.16500 -0.2378778
1.16600 -0.2383581
1.16700 -0.23883839999999998
1.16800 -0.23931870000000002
1.16900 -0.239799
1.17000 -0.24027950000000003
1.17100 -0.24076
1.17200 -0.24124050000000002
1.17300 -0.241721
1.17400 -0.24220150000000001
1.17500 -0.242682
1.17600 -0.2431625
1.17700 -0.243643
1.17800 -0.2441235
1.17900 -0.244604
1.18000 -0.24505150000000003
1.18100 -0.245499
1.18200 -0.24594649999999998
1.18300 -0.246394
1.18400 -0.24684150000000002
1.18500 -0.247289
1.18600 -0.24773649999999997
1.18700 -0.24818400000000002
1.18800 -0.24863150000000003
1.18900 -0.249079
1.19000 -0.2494971
1.19100 -0.2499152
1.19200 -0.2503333
1.19300 -0.2507514
1.19400 -0.2511695
1.19500 -0.2515876
1.19600 -0.2520057
1.19700 -0.2524238
1.19800 -0.2528419
1.19900 -0.25326
1.20000 -0.2536855
1.20100 -0.254111
1.20200 -0.2545365
1.20300 -0.254962
1.20400 -0.2553875
1.20500 -0.25581299999999996
1.20600 -0.2562385
1.20700 -0.256664
1.20800 -0.25708949999999997
1.20900 -0.257515
1.21000 -0.2579869
1.21100 -0.2584588
1.21200 -0.25893069999999996
1.21300 -0.2594026
1.21400 -0.2598745
1.21500 -0.2603464
1.21600 -0.2608183
1.21700 -0.26129020000000003
1.21800 -0.2617621
1.21900 -0.26223399999999997
1.22000 -0.2627227
1.22100 -0.2632114
1.22200 -0.2637001
1.22300 -0.2641888
1.22400 -0.2646775
1.22500 -0.2651662
1.22600 -0.2656549
1.22700 -0.2661436
1.22800 -0.2666323
1.22900 -0.267121
1.23000 -0.2676043
1.23100 -0.2680876
1.23200 -0.26857089999999995
1.23300 -0.26905419999999997
1.23400 -0.2695375
1.23500 -0.2700208
1.23600 -0.2705041
1.23700 -0.2709874
1.23800 -0.27147069999999995
1.23900 -0.271954
1.24000 -0.2724254
1.24100 -0.2728968
1.24200 -0.2733682
1.24300 -0.27383959999999996
1.24400 -0.27431099999999997
1.24500 -0.2747824
1.24600 -0.2752538
1.24700 -0.2757252
1.24800 -0.2761966
1.24900 -0.276668
1.25000 -0.27713909999999997
1.25100 -0.2776102
1.25200 -0.27808130000000003
1.25300 -0.27855240000000003
1.25400 -0.2790235
1.25500 -0.2794946
1.25600 -0.2799657
1.25700 -0.28043680000000004
1.25800 -0.2809079
1.25900 -0.281379
1.26000 -0.2818889
1.26100 -0.2823988
1.26200 -0.2829087
1.26300 -0.28341859999999997
1.26400 -0.28392850000000003
1.26500 -0.28443840000000004
1.26600 -0.28494830000000004
1.26700 -0.2854582
1.26800 -0.2859681
1.26900 -0.286478
1.27000 -0.2870235
1.27100 -0.287569
1.27200 -0.2881145
1.27300 -0.28866
1.27400 -0.2892055
1.27500 -0.289751
1.27600 -0.2902965
1.27700 -0.290842
1.27800 -0.2913875
1.27900 -0.291933
1.28000 -0.29247429999999996
1.28100 -0.29301560000000004
1.28200 -0.2935569
1.28300 -0.2940982
1.28400 -0.2946395
1.28500 -0.2951808
1.28600 -0.2957221
1.28700 -0.2962634
1.28800 -0.29680470000000003
1.28900 -0.297346
1.29000 -0.29785870000000003
1.29100 -0.2983714
1.29200 -0.29888410000000004
1.29300 -0.2993968
1.29400 -0.2999095
1.29500 -0.3004222
1.29600 -0.3009349
1.29700 -0.30144760000000004
1.29800 -0.3019603
1.29900 -0.302473
1.30000 -0.3029752
1.30100 -0.3034774
1.30200 -0.3039796
1.30300 -0.30448179999999997
1.30400 -0.304984
1.30500 -0.3054862
1.30600 -0.3059884
1.30700 -0.30649059999999995
1.30800 -0.3069928
1.30900 -0.30749499999999996
1.31000 -0.3080172
1.31100 -0.3085394
1.31200 -0.3090616
1.31300 -0.3095838
1.31400 -0.310106
1.31500 -0.31062819999999997
1.31600 -0.3111504
1.31700 -0.31167259999999997
1.31800 -0.3121948
1.31900 -0.312717
1.32000 -0.3132845
1.32100 -0.313852
1.32200 -0.31441949999999996
1.32300 -0.314987
1.32400 -0.3155545
1.32500 -0.316122
1.32600 -0.3166895
1.32700 -0.317257
1.32800 -0.3178245
1.32900 -0.318392
1.33000 -0.31896460000000004
1.33100 -0.31953719999999997
1.33200 -0.3201098
1.33300 -0.32068240000000003
1.33400 -0.321255
1.33500 -0.3218276
1.33600 -0.3224002
1.33700 -0.3229728
1.33800 -0.3235454
1.33900 -0.324118
1.34000 -0.324659
1.34100 -0.3252
1.34200 -0.325741
1.34300 -0.326282
1.34400 -0.326823
1.34500 -0.327364
1.34600 -0.327905
1.34700 -0.328446
1.34800 -0.32898700000000003
1.34900 -0.329528
1.35000 -0.3300395
1.35100 -0.330551
1.35200 -0.3310625
1.35300 -0.331574
1.35400 -0.3320855
1.35500 -0.332597
1.35600 -0.3331085
1.35700 -0.33361999999999997
1.35800 -0.33413149999999997
1.35900 -0.33464299999999997
1.36000 -0.33516
1.36100 -0.335677
1.36200 -0.336194
1.36300 -0.336711
1.36400 -0.33722799999999997
1.36500 -0.337745
1.36600 -0.338262
1.36700 -0.338779
1.36800 -0.339296
1.36900 -0.33981300000000003
1.37000 -0.3403679
1.37100 -0.3409228
1.37200 -0.3414777
1.37300 -0.3420326
1.37400 -0.3425875
1.37500 -0.34314239999999996
1.37600 -0.3436973
1.37700 -0.3442522
1.37800 -0.34480710000000003
1.37900 -0.345362
1.38000 -0.3459313
1.38100 -0.3465006
1.38200 -0.3470699
1.38300 -0.3476392
1.38400 -0.3482085
1.38500 -0.3487778
1.38600 -0.3493471
1.38700 -0.3499164
1.38800 -0.3504857
1.38900 -0.351055
1.39000 -0.3516047
1.39100 -0.3521544
1.39200 -0.35270409999999996
1.39300 -0.35325379999999995
1.39400 -0.3538035
1.39500 -0.3543532
1.39600 -0.3549029
1.39700 -0.35545259999999995
1.39800 -0.3560023
1.39900 -0.356552
1.40000 -0.357056
1.40100 -0.35756
1.40200 -0.358064
1.40300 -0.358568
1.40400 -0.359072
1.40500 -0.359576
1.40600 -0.36008
1.40700 -0.360584
1.40800 -0.36108799999999996
1.40900 -0.361592
1.41000 -0.36209009999999997
1.41100 -0.36258819999999997
1.41200 -0.36308630000000003
1.41300 -0.36358440000000003
1.41400 -0.3640825
1.41500 -0.3645806
1.41600 -0.3650787
1.41700 -0.36557680000000004
1.41800 -0.3660749
1.41900 -0.366573
1.42000 -0.3670826
1.42100 -0.3675922
1.42200 -0.3681018
1.42300 -0.3686114
1.42400 -0.369121
1.42500 -0.3696306
1.42600 -0.3701402
1.42700 -0.3706498
1.42800 -0.3711594
1.42900 -0.37166899999999997
1.43000 -0.37218969999999996
1.43100 -0.3727104
1.43200 -0.3732311
1.43300 -0.37375179999999997
1.43400 -0.3742725
1.43500 -0.3747932
1.43600 -0.3753139
1.43700 -0.3758346
1.43800 -0.3763553
1.43900 -0.376876
1.44000 -0.3773894
1.44100 -0.3779028
1.44200 -0.3784162
1.44300 -0.3789296
1.44400 -0.37944300000000003
1.44500 -0.3799564
1.44600 -0.3804698
1.44700 -0.3809832
1.44800 -0.3814966
1.44900 -0.38201
1.45000 -0.382475
1.45100 -0.38294
1.45200 -0.383405
1.45300 -0.38387000000000004
1.45400 -0.384335
1.45500 -0.3848
1.45600 -0.385265
1.45700 -0.38573
1.45800 -0.386195
1.45900 -0.38666
1.46000 -0.3871064
1.46100 -0.38755280000000003
1.46200 -0.3879992
1.46300 -0.3884456
1.46400 -0.38889199999999996
1.46500 -0.3893384
1.46600 -0.3897848
1.46700 -0.3902312
1.46800 -0.39067759999999996
1.46900 -0.39112399999999997
1.47000 -0.39156959999999996
1.47100 -0.3920152
1.47200 -0.3924608
1.47300 -0.3929064
1.47400 -0.393352
1.47500 -0.39379759999999997
1.47600 -0.3942432
1.47700 -0.3946888
1.47800 -0.3951344
1.47900 -0.39558
1.48000 -0.39602400000000004
1.48100 -0.396468
1.48200 -0.39691200000000004
1.48300 -0.397356
1.48400 -0.39780000000000004
1.48500 -0.39824400000000004
1.48600 -0.39868800000000004
1.48700 -0.39913200000000004
1.48800 -0.39957600000000004
1.48900 -0.40002000000000004
1.49000 -0.4004633
1.49100 -0.40090660000000006
1.49200 -0.40134990000000004
1.49300 -0.4017932
1.49400 -0.40223650000000005
1.49500 -0.40267980000000003
1.49600 -0.4031231
1.49700 -0.4035664
1.49800 -0.4040097
1.49900 -0.404453
1.50000 -0.40488029999999997
1.50100 -0.4053076
1.50200 -0.4057349
1.50300 -0.4061622
1.50400 -0.40658949999999994
1.50500 -0.40701679999999996
1.50600 -0.40744410000000003
1.50700 -0.4078714
1.50800 -0.4082986999999999
1.50900 -0.408726
1.51000 -0.40913759999999993
1.51100 -0.4095492
1.51200 -0.4099608
1.51300 -0.41037239999999997
1.51400 -0.4107839999999999
1.51500 -0.4111956
1.51600 -0.4116072
1.51700 -0.41201879999999996
1.51800 -0.41243040000000003
1.51900 -0.41284200000000004
1.52000 -0.41324459999999996
1.52100 -0.41364720000000005
1.52200 -0.4140498
1.52300 -0.41445240000000005
1.52400 -0.41485500000000003
1.52500 -0.4152576
1.52600 -0.41566020000000004
1.52700 -0.4160628
1.52800 -0.41646540000000004
1.52900 -0.416868
1.53000 -0.41721260000000004
1.53100 -0.41755719999999996
1.53200 -0.4179018
1.53300 -0.4182464
1.53400 -0.418591
1.53500 -0.4189356
1.53600 -0.41928020000000005
1.53700 -0.4196248000000001
1.53800 -0.4199694
1.53900 -0.420314
1.54000 -0.42063560000000005
1.54100 -0.42095720000000003
1.54200 -0.42127879999999995
1.54300 -0.4216004
1.54400 -0.421922
1.54500 -0.4222436
1.54600 -0.42256520000000003
1.54700 -0.42288679999999995
1.54800 -0.42320839999999993
1.54900 -0.42352999999999996
1.55000 -0.42385399999999995
1.55100 -0.42417799999999994
1.55200 -0.42450199999999993
1.55300 -0.4248259999999999
1.55400 -0.42515000000000003
1.55500 -0.425474
1.55600 -0.425798
1.55700 -0.426122
1.55800 -0.426446
1.55900 -0.42677
1.56000 -0.4270994999999999
1.56100 -0.42742899999999995
1.56200 -0.42775850000000004
1.56300 -0.42808799999999997
1.56400 -0.42841749999999995
1.56500 -0.428747
1.56600 -0.4290765
1.56700 -0.429406
1.56800 -0.42973549999999994
1.56900 -0.43006500000000003
1.57000 -0.4303943
1.57100 -0.43072360000000004
1.57200 -0.43105289999999996
1.57300 -0.4313822
1.57400 -0.4317115
1.57500 -0.43204080000000006
1.57600 -0.4323701000000001
1.57700 -0.4326994
1.57800 -0.43302870000000004
1.57900 -0.433358
1.58000 -0.433638
1.58100 -0.4339180000000001
1.58200 -0.43419800000000003
1.58300 -0.43447800000000003
1.58400 -0.4347580000000001
1.58500 -0.43503800000000004
1.58600 -0.435318
1.58700 -0.435598
1.58800 -0.43587800000000004
1.58900 -0.436158
1.59000 -0.4363892
1.59100 -0.43662039999999996
1.59200 -0.43685159999999995
1.59300 -0.43708279999999994
1.59400 -0.4373139999999999
1.59500 -0.4375452
1.59600 -0.4377764
1.59700 -0.4380076
1.59800 -0.4382388
1.59900 -0.43846999999999997
1.60000 -0.4386997999999999
1.60100 -0.4389296
1.60200 -0.4391594
1.60300 -0.43938920000000004
1.60400 -0.439619
1.60500 -0.43984879999999993
1.60600 -0.4400786
1.60700 -0.4403084
1.60800 -0.44053820000000005
1.60900 -0.440768
1.61000 -0.44099560000000004
1.61100 -0.44122320000000004
1.61200 -0.4414508
1.61300 -0.44167839999999997
1.61400 -0.441906
1.61500 -0.4421336
1.61600 -0.4423612
1.61700 -0.44258879999999995
1.61800 -0.4428164
1.61900 -0.443044
1.62000 -0.44327079999999996
1.62100 -0.4434976
1.62200 -0.44372439999999996
1.62300 -0.4439512
1.62400 -0.44417799999999996
1.62500 -0.44440480000000004
1.62600 -0.4446316
1.62700 -0.44485840000000004
1.62800 -0.4450852
1.62900 -0.44531200000000004
1.63000 -0.4455153
1.63100 -0.4457186
1.63200 -0.4459219
1.63300 -0.4461252
1.63400 -0.4463285
1.63500 -0.4465318
1.63600 -0.4467351
1.63700 -0.44693839999999996
1.63800 -0.4471417
1.63900 -0.447345
1.64000 -0.44748979999999994
1.64100 -0.44763459999999994
1.64200 -0.44777940000000005
1.64300 -0.4479242
1.64400 -0.448069
1.64500 -0.4482138
1.64600 -0.4483586
1.64700 -0.44850340000000005
1.64800 -0.44864820000000005
1.64900 -0.44879300000000005
1.65000 -0.44892860000000007
1.65100 -0.4490642
1.65200 -0.44919980000000004
1.65300 -0.4493354
1.65400 -0.44947100000000006
1.65500 -0.4496066000000001
1.65600 -0.44974220000000004
1.65700 -0.44987780000000005
1.65800 -0.4500134
1.65900 -0.450149
1.66000 -0.45026230000000006
1.66100 -0.4503756
1.66200 -0.4504889
1.66300 -0.45060219999999995
1.66400 -0.4507155
1.66500 -0.45082880000000003
1.66600 -0.45094209999999996
1.66700 -0.4510554
1.66800 -0.4511686999999999
1.66900 -0.45128199999999996
1.67000 -0.4513725
1.67100 -0.45146299999999995
1.67200 -0.4515535
1.67300 -0.45164399999999993
1.67400 -0.4517345
1.67500 -0.45182500000000003
1.67600 -0.45191549999999997
1.67700 -0.452006
1.67800 -0.45209649999999996
1.67900 -0.452187
1.68000 -0.45226939999999993
1.68100 -0.4523518
1.68200 -0.4524342
1.68300 -0.45251659999999994
1.68400 -0.45259900000000003
1.68500 -0.4526814
1.68600 -0.45276379999999994
1.68700 -0.4528461999999999
1.68800 -0.4529286
1.68900 -0.45301099999999994
1.69000 -0.4530391
1.69100 -0.4530672
1.69200 -0.4530952999999999
1.69300 -0.45312339999999995
1.69400 -0.4531515
1.69500 -0.4531796
1.69600 -0.4532077
1.69700 -0.45323579999999997
1.69800 -0.45326389999999994
1.69900 -0.453292
1.70000 -0.45329769999999997
1.70100 -0.45330339999999997
1.70200 -0.45330909999999996
1.70300 -0.45331479999999996
1.70400 -0.45332049999999996
1.70500 -0.45332619999999996
1.70600 -0.45333189999999995
1.70700 -0.45333759999999995
1.70800 -0.45334329999999995
1.70900 -0.45334899999999995
1.71000 -0.4533302
1.71100 -0.4533113999999999
1.71200 -0.4532926
1.71300 -0.45327379999999995
1.71400 -0.45325499999999996
1.71500 -0.4532362
1.71600 -0.45321739999999994
1.71700 -0.4531986
1.71800 -0.4531797999999999
1.71900 -0.453161
1.72000 -0.4530799999999999
1.72100 -0.452999
1.72200 -0.45291800000000004
1.72300 -0.452837
1.72400 -0.45275599999999994
1.72500 -0.452675
1.72600 -0.45259400000000005
1.72700 -0.452513
1.72800 -0.45243199999999995
1.72900 -0.452351
1.73000 -0.45226
1.73100 -0.45216899999999993
1.73200 -0.45207800000000004
1.73300 -0.451987
1.73400 -0.45189599999999996
1.73500 -0.45180499999999996
1.73600 -0.45171399999999995
1.73700 -0.451623
1.73800 -0.451532
1.73900 -0.451441
1.74000 -0.4513214
1.74100 -0.45120179999999993
1.74200 -0.4510822
1.74300 -0.4509626
1.74400 -0.450843
1.74500 -0.45072339999999994
1.74600 -0.45060379999999994
1.74700 -0.4504842
1.74800 -0.4503646
1.74900 -0.45024499999999995
1.75000 -0.4500958
1.75100 -0.4499466
1.75200 -0.4497973999999999
1.75300 -0.44964819999999994
1.75400 -0.449499
1.75500 -0.44934979999999997
1.75600 -0.4492006
1.75700 -0.44905139999999993
1.75800 -0.4489021999999999
1.75900 -0.44875299999999996
1.76000 -0.44859309999999997
1.76100 -0.4484331999999999
1.76200 -0.4482733
1.76300 -0.4481134
1.76400 -0.4479535
1.76500 -0.44779359999999996
1.76600 -0.4476337
1.76700 -0.44747380000000003
1.76800 -0.4473139
1.76900 -0.447154
1.77000 -0.4469206
1.77100 -0.44668720000000006
1.77200 -0.4464538
1.77300 -0.44622039999999996
1.77400 -0.445987
1.77500 -0.4457536
1.77600 -0.4455202
1.77700 -0.4452868
1.77800 -0.44505340000000004
1.77900 -0.44482
1.78000 -0.44455539999999993
1.78100 -0.4442908
1.78200 -0.4440262
1.78300 -0.44376160000000003
1.78400 -0.443497
1.78500 -0.44323239999999997
1.78600 -0.4429678
1.78700 -0.44270319999999996
1.78800 -0.4424386
1.78900 -0.44217399999999996
1.79000 -0.44190679999999993
1.79100 -0.44163959999999997
1.79200 -0.4413724
1.79300 -0.4411052
1.79400 -0.44083799999999995
1.79500 -0.4405708
1.79600 -0.4403036
1.79700 -0.4400364
1.79800 -0.4397691999999999
1.79900 -0.43950199999999995
1.80000 -0.4392276
1.80100 -0.4389532
1.80200 -0.43867880000000004
1.80300 -0.4384044
1.80400 -0.43812999999999996
1.80500 -0.43785559999999996
1.80600 -0.4375812
1.80700 -0.4373068
1.80800 -0.4370324
1.80900 -0.43675800000000004
1.81000 -0.4364814
1.81100 -0.43620480000000006
1.81200 -0.43592820000000004
1.81300 -0.4356516
1.81400 -0.43537499999999996
1.81500 -0.43509840000000005
1.81600 -0.43482180000000004
1.81700 -0.43454519999999996
1.81800 -0.43426860000000006
1.81900 -0.43399200000000004
1.82000 -0.4336554
1.82100 -0.4333188
1.82200 -0.4329822
1.82300 -0.4326456
1.82400 -0.43230900000000005
1.82500 -0.4319724
1.82600 -0.4316358
1.82700 -0.43129920000000005
1.82800 -0.4309626
1.82900 -0.430626
1.83000 -0.4302255
1.83100 -0.429825
1.83200 -0.4294245
1.83300 -0.42902399999999996
1.83400 -0.42862349999999994
1.83500 -0.428223
1.83600 -0.4278225
1.83700 -0.42742199999999997
1.83800 -0.42702150000000005
1.83900 -0.42662100000000003
1.84000 -0.42622020000000005
1.84100 -0.42581940000000007
1.84200 -0.4254186
1.84300 -0.4250178
1.84400 -0.424617
1.84500 -0.42421620000000004
1.84600 -0.42381540000000006
1.84700 -0.4234146
1.84800 -0.4230138
1.84900 -0.422613
1.85000 -0.42222230000000005
1.85100 -0.4218316000000001
1.85200 -0.4214409
1.85300 -0.4210502
1.85400 -0.4206595
1.85500 -0.4202688
1.85600 -0.41987810000000003
1.85700 -0.41948739999999995
1.85800 -0.4190967
1.85900 -0.41870599999999997
1.86000 -0.4183198
1.86100 -0.4179336
1.86200 -0.41754739999999996
1.86300 -0.41716119999999995
1.86400 -0.416775
1.86500 -0.4163888
1.86600 -0.4160026
1.86700 -0.41561639999999994
1.86800 -0.4152302
1.86900 -0.414844
1.87000 -0.414426
1.87100 -0.41400800000000004
1.87200 -0.41358999999999996
1.87300 -0.413172
1.87400 -0.41275399999999995
1.87500 -0.412336
1.87600 -0.411918
1.87700 -0.4114999999999999
1.87800 -0.41108199999999995
1.87900 -0.410664
1.88000 -0.4101609
1.88100 -0.4096578
1.88200 -0.4091546999999999
1.88300 -0.40865159999999995
1.88400 -0.40814849999999997
1.88500 -0.4076454
1.88600 -0.4071423
1.88700 -0.4066392
1.88800 -0.4061361
1.88900 -0.405633
1.89000 -0.40511600000000003
1.89100 -0.404599
1.89200 -0.404082
1.89300 -0.40356499999999995
1.89400 -0.40304799999999996
1.89500 -0.402531
1.89600 -0.402014
1.89700 -0.401497
1.89800 -0.40097999999999995
1.89900 -0.40046299999999996
1.90000 -0.39993
1.90100 -0.39939699999999995
1.90200 -0.398864
1.90300 -0.398331
1.90400 -0.397798
1.90500 -0.397265
1.90600 -0.396732
1.90700 -0.396199
1.90800 -0.39566599999999996
1.90900 -0.395133
1.91000 -0.3945827
1.91100 -0.3940324
1.91200 -0.3934821
1.91300 -0.3929318
1.91400 -0.39238150000000005
1.91500 -0.39183120000000005
1.91600 -0.39128090000000004
1.91700 -0.39073060000000004
1.91800 -0.39018030000000004
1.91900 -0.38963000000000003
1.92000 -0.38907780000000003
1.92100 -0.3885256
1.92200 -0.3879734
1.92300 -0.3874212
1.92400 -0.386869
1.92500 -0.3863168
1.92600 -0.3857646
1.92700 -0.3852124
1.92800 -0.3846602
1.92900 -0.384108
1.93000 -0.38354499999999997
1.93100 -0.382982
1.93200 -0.38241899999999995
1.93300 -0.381856
1.93400 -0.381293
1.93500 -0.38073
1.93600 -0.38016700000000003
1.93700 -0.379604
1.93800 -0.379041
1.93900 -0.378478
1.94000 -0.37791030000000003
1.94100 -0.37734260000000003
1.94200 -0.37677489999999997
1.94300 -0.37620719999999996
1.94400 -0.3756395
1.94500 -0.3750718
1.94600 -0.3745041
1.94700 -0.37393639999999995
1.94800 -0.3733687
1.94900 -0.372801
1.95000 -0.37220759999999997
1.95100 -0.3716142
1.95200 -0.3710208
1.95300 -0.37042739999999996
1.95400 -0.369834
1.95500 -0.36924060000000003
1.95600 -0.3686472
1.95700 -0.3680538
1.95800 -0.3674604
1.95900 -0.366867
1.96000 -0.3662033
1.96100 -0.3655396
1.96200 -0.36487590000000003
1.96300 -0.3642122
1.96400 -0.3635485
1.96500 -0.3628848
1.96600 -0.3622211
1.96700 -0.36155740000000003
1.96800 -0.3608937
1.96900 -0.36023
1.97000 -0.3595546
1.97100 -0.3588792
1.97200 -0.35820379999999996
1.97300 -0.35752839999999997
1.97400 -0.356853
1.97500 -0.3561776
1.97600 -0.3555022
1.97700 -0.3548268
1.97800 -0.3541514
1.97900 -0.353476
1.98000 -0.35279689999999997
1.98100 -0.3521178
1.98200 -0.3514387
1.98300 -0.3507596
1.98400 -0.35008049999999996
1.98500 -0.3494014
1.98600 -0.34872230000000004
1.98700 -0.3480432
1.98800 -0.34736409999999995
1.98900 -0.346685
1.99000 -0.34600200000000003
1.99100 -0.34531900000000004
1.99200 -0.344636
1.99300 -0.343953
1.99400 -0.34327
1.99500 -0.34258700000000003
1.99600 -0.34190400000000004
1.99700 -0.341221
1.99800 -0.340538
1.99900 -0.339855
2.00000 -0.33916270000000004
2.00100 -0.3384704
2.00200 -0.3377781
2.00300 -0.3370858
2.00400 -0.3363935
2.00500 -0.33570120000000003
2.00600 -0.3350089
2.00700 -0.3343166
2.00800 -0.3336243
2.00900 -0.332932
2.01000 -0.3321659
2.01100 -0.3313998
2.01200 -0.33063370000000003
2.01300 -0.3298676
2.01400 -0.3291015
2.01500 -0.3283354
2.01600 -0.3275693
2.01700 -0.32680319999999996
2.01800 -0.3260371
2.01900 -0.325271
2.02000 -0.3244713
2.02100 -0.3236716
2.02200 -0.3228719
2.02300 -0.3220722
2.02400 -0.32127249999999996
2.02500 -0.3204728
2.02600 -0.31967310000000004
2.02700 -0.31887340000000003
2.02800 -0.3180737
2.02900 -0.317274
2.03000 -0.3164866
2.03100 -0.3156992
2.03200 -0.3149118
2.03300 -0.31412439999999997
2.03400 -0.31333700000000003
2.03500 -0.3125496
2.03600 -0.3117622
2.03700 -0.3109748
2.03800 -0.3101874
2.03900 -0.3094
2.04000 -0.3086475
2.04100 -0.307895
2.04200 -0.3071425
2.04300 -0.30639
2.04400 -0.3056375
2.04500 -0.30488499999999996
2.04600 -0.3041325
2.04700 -0.30338
2.04800 -0.3026275
2.04900 -0.301875
2.05000 -0.3011278
2.05100 -0.3003806
2.05200 -0.2996334
2.05300 -0.2988862
2.05400 -0.29813900000000004
2.05500 -0.2973918
2.05600 -0.2966446
2.05700 -0.2958974
2.05800 -0.29515020000000003
2.05900 -0.294403
2.06000 -0.2936042
2.06100 -0.2928054
2.06200 -0.2920066
2.06300 -0.2912078
2.06400 -0.29040900000000003
2.06500 -0.2896102
2.06600 -0.2888114
2.06700 -0.2880126
2.06800 -0.2872138
2.06900 -0.286415
2.07000 -0.285558
2.07100 -0.284701
2.07200 -0.283844
2.07300 -0.282987
2.07400 -0.28213
2.07500 -0.281273
2.07600 -0.280416
2.07700 -0.279559
2.07800 -0.278702
2.07900 -0.277845
2.08000 -0.2769925
2.08100 -0.27614
2.08200 -0.2752875
2.08300 -0.274435
2.08400 -0.2735825
2.08500 -0.27273000000000003
2.08600 -0.2718775
2.08700 -0.27102499999999996
2.08800 -0.27017250000000004
2.08900 -0.26932
2.09000 -0.2685226
2.09100 -0.2677252
2.09200 -0.2669278
2.09300 -0.2661304
2.09400 -0.265333
2.09500 -0.2645356
2.09600 -0.26373820000000003
2.09700 -0.2629408
2.09800 -0.26214339999999997
2.09900 -0.26134599999999997
2.10000 -0.26057410000000003
2.10100 -0.2598022
2.10200 -0.2590303
2.10300 -0.2582584
2.10400 -0.2574865
2.10500 -0.2567146
2.10600 -0.25594269999999997
2.10700 -0.25517080000000003
2.10800 -0.2543989
2.10900 -0.253627
2.11000 -0.252833
2.11100 -0.252039
2.11200 -0.251245
2.11300 -0.250451
2.11400 -0.24965700000000002
2.11500 -0.248863
2.11600 -0.248069
2.11700 -0.247275
2.11800 -0.246481
2.11900 -0.245687
2.12000 -0.2448292
2.12100 -0.2439714
2.12200 -0.24311359999999999
2.12300 -0.2422558
2.12400 -0.241398
2.12500 -0.2405402
2.12600 -0.23968240000000002
2.12700 -0.2388246
2.12800 -0.2379668
2.12900 -0.23710900000000001
2.13000 -0.2362406
2.13100 -0.23537220000000003
2.13200 -0.2345038
2.13300 -0.2336354
2.13400 -0.23276700000000003
2.13500 -0.2318986
2.13600 -0.23103020000000002
2.13700 -0.2301618
2.13800 -0.22929340000000004
2.13900 -0.22842500000000002
2.14000 -0.22760380000000002
2.14100 -0.2267826
2.14200 -0.2259614
2.14300 -0.2251402
2.14400 -0.22431900000000002
2.14500 -0.2234978
2.14600 -0.2226766
2.14700 -0.2218554
2.14800 -0.2210342
2.14900 -0.220213
2.15000 -0.21944639999999999
2.15100 -0.2186798
2.15200 -0.2179132
2.15300 -0.21714660000000002
2.15400 -0.21638000000000002
2.15500 -0.21561339999999998
2.15600 -0.21484679999999998
2.15700 -0.2140802
2.15800 -0.2133136
2.15900 -0.21254699999999999
2.16000 -0.21177769999999999
2.16100 -0.2110084
2.16200 -0.21023909999999998
2.16300 -0.2094698
2.16400 -0.2087005
2.16500 -0.20793119999999998
2.16600 -0.2071619
2.16700 -0.20639259999999998
2.16800 -0.2056233
2.16900 -0.204854
2.17000 -0.20404460000000002
2.17100 -0.2032352
2.17200 -0.20242580000000002
2.17300 -0.20161639999999997
2.17400 -0.200807
2.17500 -0.1999976
2.17600 -0.19918819999999998
2.17700 -0.19837880000000002
2.17800 -0.1975694
2.17900 -0.19676
2.18000 -0.19593149999999998
2.18100 -0.195103
2.18200 -0.1942745
2.18300 -0.193446
2.18400 -0.1926175
2.18500 -0.191789
2.18600 -0.1909605
2.18700 -0.190132
2.18800 -0.1893035
2.18900 -0.188475
2.19000 -0.18767099999999998
2.19100 -0.18686699999999998
2.19200 -0.186063
2.19300 -0.185259
2.19400 -0.18445499999999998
2.19500 -0.18365099999999998
2.19600 -0.18284699999999998
2.19700 -0.182043
2.19800 -0.18123899999999998
2.19900 -0.18043499999999998
2.20000 -0.17970309999999998
2.20100 -0.1789712
2.20200 -0.1782393
2.20300 -0.1775074
2.20400 -0.1767755
2.20500 -0.1760436
2.20600 -0.17531170000000001
2.20700 -0.1745798
2.20800 -0.1738479
2.20900 -0.173116
2.21000 -0.17239690000000002
2.21100 -0.1716778
2.21200 -0.1709587
2.21300 -0.1702396
2.21400 -0.16952050000000002
2.21500 -0.1688014
2.21600 -0.1680823
2.21700 -0.1673632
2.21800 -0.1666441
2.21900 -0.165925
2.22000 -0.1651655
2.22100 -0.164406
2.22200 -0.16364649999999997
2.22300 -0.16288699999999998
2.22400 -0.16212749999999998
2.22500 -0.161368
2.22600 -0.1606085
2.22700 -0.159849
2.22800 -0.1590895
2.22900 -0.15833
2.23000 -0.1575231
2.23100 -0.1567162
2.23200 -0.15590929999999997
2.23300 -0.1551024
2.23400 -0.1542955
2.23500 -0.1534886
2.23600 -0.15268169999999998
2.23700 -0.1518748
2.23800 -0.1510679
2.23900 -0.150261
2.24000 -0.1494552
2.24100 -0.1486494
2.24200 -0.1478436
2.24300 -0.1470378
2.24400 -0.146232
2.24500 -0.1454262
2.24600 -0.14462039999999998
2.24700 -0.1438146
2.24800 -0.1430088
2.24900 -0.142203
2.25000 -0.14142470000000001
2.25100 -0.1406464
2.25200 -0.1398681
2.25300 -0.13908979999999999
2.25400 -0.1383115
2.25500 -0.1375332
2.25600 -0.13675489999999998
2.25700 -0.1359766
2.25800 -0.13519830000000002
2.25900 -0.13442
2.26000 -0.13365500000000002
2.26100 -0.13289
2.26200 -0.132125
2.26300 -0.13136
2.26400 -0.13059500000000002
2.26500 -0.12983
2.26600 -0.129065
2.26700 -0.12830000000000003
2.26800 -0.127535
2.26900 -0.12677
2.27000 -0.1260144
2.27100 -0.1252588
2.27200 -0.12450320000000001
2.27300 -0.1237476
2.27400 -0.12299199999999999
2.27500 -0.1222364
2.27600 -0.12148080000000001
2.27700 -0.1207252
2.27800 -0.11996959999999998
2.27900 -0.119214
2.28000 -0.1184868
2.28100 -0.1177596
2.28200 -0.1170324
2.28300 -0.1163052
2.28400 -0.115578
2.28500 -0.1148508
2.28600 -0.11412360000000002
2.28700 -0.1133964
2.28800 -0.1126692
2.28900 -0.11194200000000001
2.29000 -0.11121980000000001
2.29100 -0.1104976
2.29200 -0.10977540000000001
2.29300 -0.1090532
2.29400 -0.108331
2.29500 -0.10760879999999999
2.29600 -0.10688659999999998
2.29700 -0.1061644
2.29800 -0.1054422
2.29900 -0.10472
2.30000 -0.10398106999999998
2.30100 -0.10324214000000001
2.30200 -0.10250321
2.30300 -0.10176428
2.30400 -0.10102534999999999
2.30500 -0.10028641999999999
2.30600 -0.09954749
2.30700 -0.09880856
2.30800 -0.09806962999999999
2.30900 -0.0973307
2.31000 -0.09657147
2.31100 -0.09581224
2.31200 -0.09505301000000001
2.31300 -0.09429378000000001
2.31400 -0.09353455
2.31500 -0.09277532
2.31600 -0.09201609
2.31700 -0.09125686
2.31800 -0.09049763
2.31900 -0.0897384
2.32000 -0.0889874
2.32100 -0.08823639999999999
2.32200 -0.0874854
2.32300 -0.0867344
2.32400 -0.0859834
2.32500 -0.0852324
2.32600 -0.0844814
2.32700 -0.08373040000000001
2.32800 -0.08297940000000001
2.32900 -0.08222840000000001
2.33000 -0.08156088
2.33100 -0.08089336
2.33200 -0.08022584
2.33300 -0.07955832
2.33400 -0.0788908
2.33500 -0.07822327999999999
2.33600 -0.07755576
2.33700 -0.07688824
2.33800 -0.07622071999999999
2.33900 -0.0755532
2.34000 -0.07492731999999999
2.34100 -0.07430144
2.34200 -0.07367556
2.34300 -0.07304967999999999
2.34400 -0.0724238
2.34500 -0.07179792
2.34600 -0.07117204
2.34700 -0.07054616
2.34800 -0.06992028
2.34900 -0.0692944
2.35000 -0.06865748
2.35100 -0.06802056
2.35200 -0.06738364
2.35300 -0.06674672000000001
2.35400 -0.0661098
2.35500 -0.06547288
2.35600 -0.06483596
2.35700 -0.06419904000000001
2.35800 -0.06356212
2.35900 -0.0629252
2.36000 -0.06225412
2.36100 -0.06158304
2.36200 -0.06091196
2.36300 -0.06024088
2.36400 -0.059569800000000006
2.36500 -0.05889872
2.36600 -0.058227640000000004
2.36700 -0.05755656
2.36800 -0.05688548
2.36900 -0.0562144
2.37000 -0.055537199999999995
2.37100 -0.05486
2.37200 -0.054182799999999996
2.37300 -0.0535056
2.37400 -0.0528284
2.37500 -0.052151199999999995
2.37600 -0.051474
2.37700 -0.050796799999999996
2.37800 -0.0501196
2.37900 -0.0494424
2.38000 -0.04882752
2.38100 -0.048212639999999994
2.38200 -0.04759776
2.38300 -0.04698288
2.38400 -0.046368
2.38500 -0.045753119999999994
2.38600 -0.045138239999999996
2.38700 -0.04452336
2.38800 -0.04390848
2.38900 -0.0432936
2.39000 -0.04275561
2.39100 -0.04221762
2.39200 -0.04167963
2.39300 -0.04114164
2.39400 -0.040603650000000005
2.39500 -0.04006566
2.39600 -0.03952767
2.39700 -0.03898968
2.39800 -0.03845169
2.39900 -0.0379137
2.40000 -0.03737854
2.40100 -0.036843379999999995
2.40200 -0.03630822
2.40300 -0.03577306
2.40400 -0.0352379
2.40500 -0.034702739999999996
2.40600 -0.034167579999999996
2.40700 -0.03363242
2.40800 -0.03309726
2.40900 -0.0325621
2.41000 -0.03202235
2.41100 -0.0314826
2.41200 -0.03094285
2.41300 -0.0304031
2.41400 -0.02986335
2.41500 -0.0293236
2.41600 -0.02878385
2.41700 -0.0282441
2.41800 -0.02770435
2.41900 -0.0271646
2.42000 -0.02662251
2.42100 -0.02608042
2.42200 -0.025538329999999998
2.42300 -0.02499624
2.42400 -0.02445415
2.42500 -0.02391206
2.42600 -0.023369969999999997
2.42700 -0.022827880000000002
2.42800 -0.02228579
2.42900 -0.021743699999999998
2.43000 -0.021231149999999997
2.43100 -0.020718599999999997
2.43200 -0.02020605
2.43300 -0.0196935
2.43400 -0.01918095
2.43500 -0.018668399999999998
2.43600 -0.018155849999999998
2.43700 -0.0176433
2.43800 -0.01713075
2.43900 -0.0166182
2.44000 -0.01619924
2.44100 -0.01578028
2.44200 -0.015361320000000001
2.44300 -0.014942359999999998
2.44400 -0.0145234
2.44500 -0.01410444
2.44600 -0.01368548
2.44700 -0.013266519999999999
2.44800 -0.01284756
2.44900 -0.0124286
2.45000 -0.012027934
2.45100 -0.011627268
2.45200 -0.011226601999999999
2.45300 -0.010825936
2.45400 -0.01042527
2.45500 -0.010024604
2.45600 -0.009623938
2.45700 -0.009223272
2.45800 -0.008822606
2.45900 -0.00842194
2.46000 -0.008018699
2.46100 -0.007615458
2.46200 -0.007212217
2.46300 -0.006808976
2.46400 -0.006405735
2.46500 -0.006002494
2.46600 -0.005599253
2.46700 -0.005196012
2.46800 -0.0047927709999999995
2.46900 -0.00438953
2.47000 -0.0039830353
2.47100 -0.0035765406
2.47200 -0.0031700459
2.47300 -0.0027635511999999996
2.47400 -0.0023570565
2.47500 -0.0019505617999999996
2.47600 -0.0015440670999999997
2.47700 -0.0011375723999999996
2.47800 -0.0007310776999999997
2.47900 -0.0003245829999999998
2.48000 7.684329999999998e-05
2.48100 0.00047826959999999996
2.48200 0.0008796958999999999
2.48300 0.0012811221999999998
2.48400 0.0016825485
2.48500 0.0020839748
2.48600 0.0024854010999999995
2.48700 0.0028868274
2.48800 0.0032882536999999995
2.48900 0.00368968
2.49000 0.004039537
2.49100 0.004389394
2.49200 0.004739251
2.49300 0.005089108
2.49400 0.005438965
2.49500 0.005788822000000001
2.49600 0.006138679
2.49700 0.0064885360000000005
2.49800 0.006838393000000001
2.49900 0.00718825
2.50000 0.007511165
2.50100 0.00783408
2.50200 0.008156995
2.50300 0.00847991
2.50400 0.008802825
2.50500 0.00912574
2.50600 0.009448655
2.50700 0.00977157
2.50800 0.010094485
2.50900 0.0104174
2.51000 0.01074101
2.51100 0.01106462
2.51200 0.01138823
2.51300 0.01171184
2.51400 0.01203545
2.51500 0.01235906
2.51600 0.012682669999999998
2.51700 0.013006279999999999
2.51800 0.01332989
2.51900 0.013653499999999999
2.52000 0.0139794
2.52100 0.014305299999999998
2.52200 0.0146312
2.52300 0.014957099999999997
2.52400 0.015283
2.52500 0.015608899999999998
2.52600 0.0159348
2.52700 0.0162607
2.52800 0.0165866
2.52900 0.0169125
2.53000 0.01723875
2.53100 0.017565
2.53200 0.01789125
2.53300 0.0182175
2.53400 0.01854375
2.53500 0.01887
2.53600 0.01919625
2.53700 0.0195225
2.53800 0.019848750000000002
2.53900 0.020175000000000002
2.54000 0.02047718
2.54100 0.020779360000000004
2.54200 0.021081540000000003
2.54300 0.021383720000000002
2.54400 0.0216859
2.54500 0.02198808
2.54600 0.02229026
2.54700 0.02259244
2.54800 0.02289462
2.54900 0.0231968
2.55000 0.02346794
2.55100 0.023739080000000003
2.55200 0.02401022
2.55300 0.02428136
2.55400 0.024552499999999998
2.55500 0.02482364
2.55600 0.02509478
2.55700 0.025365919999999997
2.55800 0.02563706
2.55900 0.0259082
2.56000 0.026176089999999996
2.56100 0.02644398
2.56200 0.02671187
2.56300 0.02697976
2.56400 0.02724765
2.56500 0.027515539999999998
2.56600 0.027783429999999998
2.56700 0.028051319999999998
2.56800 0.02831921
2.56900 0.028587099999999997
2.57000 0.02883712
2.57100 0.02908714
2.57200 0.02933716
2.57300 0.02958718
2.57400 0.029837199999999998
2.57500 0.030087219999999998
2.57600 0.030337239999999998
2.57700 0.030587259999999998
2.57800 0.03083728
2.57900 0.031087300000000002
2.58000 0.03132775
2.58100 0.031568200000000005
2.58200 0.03180865
2.58300 0.032049100000000004
2.58400 0.03228955
2.58500 0.032529999999999996
2.58600 0.03277045
2.58700 0.033010899999999996
2.58800 0.03325135
2.58900 0.0334918
2.59000 0.03372318
2.59100 0.03395456
2.59200 0.03418594
2.59300 0.03441732
2.59400 0.0346487
2.59500 0.034880079999999994
2.59600 0.03511146
2.59700 0.03534284
2.59800 0.035574220000000004
2.59900 0.0358056
2.60000 0.03600682
2.60100 0.03620804
2.60200 0.03640926
2.60300 0.03661048
2.60400 0.0368117
2.60500 0.03701292
2.60600 0.03721414
2.60700 0.03741536
2.60800 0.03761658
2.60900 0.0378178
2.61000 0.03801256
2.61100 0.03820732
2.61200 0.03840208
2.61300 0.03859684
2.61400 0.0387916
2.61500 0.038986360000000005
2.61600 0.03918112
2.61700 0.03937588
2.61800 0.039570640000000004
2.61900 0.0397654
2.62000 0.03988931
2.62100 0.04001322
2.62200 0.04013713
2.62300 0.04026104
2.62400 0.040384949999999996
2.62500 0.04050886
2.62600 0.04063277
2.62700 0.04075668
2.62800 0.04088059
2.62900 0.0410045
2.63000 0.04103502
2.63100 0.04106554
2.63200 0.041096060000000004
2.63300 0.04112658
2.63400 0.0411571
2.63500 0.041187619999999994
2.63600 0.04121814
2.63700 0.04124866
2.63800 0.04127918
2.63900 0.0413097
2.64000 0.04133545
2.64100 0.0413612
2.64200 0.04138695
2.64300 0.0414127
2.64400 0.04143845
2.64500 0.0414642
2.64600 0.04148995
2.64700 0.0415157
2.64800 0.041541449999999994
2.64900 0.0415672
