0 -0.22906634372358425
0.001 -0.23215
0.002 -0.235234
0.003 -0.245878
0.004 -0.268368
0.005 -0.291888
0.006 -0.317833
0.007 -0.345362
0.008 -0.372885
0.009 -0.400386
0.010 -0.427881
0.011 -0.456848
0.012 -0.488177
0.013 -0.519568
0.014 -0.549204
0.015 -0.577664
0.016 -0.606712
0.017 -0.638224
0.018 -0.670386
0.019 -0.701173
0.020 -0.729704
0.021 -0.758215
0.022 -0.789231
0.023 -0.821963
0.024 -0.854168
0.025 -0.884096
0.026 -0.91341
0.027 -0.944162
0.028 -0.977333
0.029 -1.01057
0.030 -1.04164
0.031 -1.07119
0.032 -1.10119
0.033 -1.1332
0.034 -1.16577
0.035 -1.19751
0.036 -1.22782
0.037 -1.25802
0.038 -1.28833
0.039 -1.31871
0.040 -1.34936
0.041 -1.38122
0.042 -1.41342
0.043 -1.44471
0.044 -1.47437
0.045 -1.50403
0.046 -1.53613
0.047 -1.57003
0.048 -1.60352
0.049 -1.6351
0.050 -1.66612
0.051 -1.69842
0.052 -1.73302
0.053 -1.7677
0.054 -1.79991
0.055 -1.83025
0.056 -1.861
0.057 -1.89367
0.058 -1.9269
0.059 -1.95856
0.060 -1.98728
0.061 -2.01575
0.062 -2.04489
0.063 -2.07455
0.064 -2.10356
0.065 -2.12942
0.066 -2.15432
0.067 -2.1787
0.068 -2.2021
0.069 -2.22529
0.070 -2.24622
0.071 -2.26537
0.072 -2.28418
0.073 -2.30133
0.074 -2.31797
0.075 -2.3341
0.076 -2.34925
0.077 -2.36417
0.078 -2.37608
0.079 -2.38557
0.080 -2.39503
0.081 -2.40437
0.082 -2.41368
0.083 -2.42152
0.084 -2.42646
0.085 -2.43106
0.086 -2.43493
0.087 -2.4382
0.088 -2.44098
0.089 -2.44121
0.090 -2.4406
0.091 -2.43876
0.092 -2.43441
0.093 -2.4297
0.094 -2.42302
0.095 -2.41469
0.096 -2.40524
0.097 -2.38969
0.098 -2.37211
0.099 -2.35348
0.100 -2.33269
0.101 -2.31144
0.102 -2.2845
0.103 -2.25269
0.104 -2.22088
0.105 -2.18935
0.106 -2.15792
0.107 -2.12321
0.108 -2.08154
0.109 -2.03907
0.110 -1.9975
0.111 -1.95671
0.112 -1.91498
0.113 -1.86776
0.114 -1.81862
0.115 -1.76843
0.116 -1.71596
0.117 -1.66319
0.118 -1.61026
0.119 -1.55717
0.120 -1.50274
0.121 -1.44028
0.122 -1.37494
0.123 -1.30814
0.124 -1.2381
0.125 -1.16742
0.126 -1.08915
0.127 -1.00394
0.128 -0.918858
0.129 -0.835124
0.130 -0.751887
0.131 -0.664347
0.132 -0.566999
0.133 -0.468481
0.134 -0.373819
0.135 -0.282755
0.136 -0.190204
0.137 -0.0879304
0.138 0.0180107
0.139 0.121003
0.140 0.217114
0.141 0.312481
0.142 0.414819
0.143 0.523801
0.144 0.631668
0.145 0.731551
0.146 0.828352
0.147 0.931447
0.148 1.04958
0.149 1.16978
0.150 1.28914
0.151 1.4077
0.152 1.52613
0.153 1.64386
0.154 1.76132
0.155 1.88165
0.156 2.00902
0.157 2.13723
0.158 2.25813
0.159 2.37174
0.160 2.48643
0.161 2.60955
0.162 2.73609
0.163 2.85788
0.164 2.96777
0.165 3.07601
0.166 3.18866
0.167 3.3058
0.168 3.42127
0.169 3.52408
0.170 3.62165
0.171 3.72239
0.172 3.83126
0.173 3.94124
0.174 4.04493
0.175 4.14209
0.176 4.23998
0.177 4.34452
0.178 4.45188
0.179 4.55585
0.180 4.65098
0.181 4.74477
0.182 4.8415
0.183 4.94135
0.184 5.04029
0.185 5.13171
0.186 5.21988
0.187 5.30715
0.188 5.39201
0.189 5.47646
0.190 5.55966
0.191 5.6415
0.192 5.72127
0.193 5.7851
0.194 5.84186
0.195 5.8996
0.196 5.96006
0.197 6.02088
0.198 6.07428
0.199 6.11949
0.200 6.16455
0.201 6.21058
0.202 6.25704
0.203 6.30067
0.204 6.33634
0.205 6.37063
0.206 6.40425
0.207 6.43711
0.208 6.46921
0.209 6.49532
0.210 6.51865
0.211 6.5406
0.212 6.55858
0.213 6.57583
0.214 6.58974
0.215 6.59978
0.216 6.60883
0.217 6.61043
0.218 6.60849
0.219 6.60558
0.220 6.59979
0.221 6.59344
0.222 6.58108
0.223 6.56164
0.224 6.54178
0.225 6.5206
0.226 6.49879
0.227 6.47519
0.228 6.44619
0.229 6.41618
0.230 6.38431
0.231 6.35019
0.232 6.31584
0.233 6.28025
0.234 6.24406
0.235 6.20634
0.236 6.16395
0.237 6.12067
0.238 6.07753
0.239 6.03455
0.240 5.9911
0.241 5.94313
0.242 5.89284
0.243 5.84336
0.244 5.79641
0.245 5.74995
0.246 5.70123
0.247 5.64967
0.248 5.59839
0.249 5.55126
0.250 5.50628
0.251 5.46013
0.252 5.41016
0.253 5.35944
0.254 5.31126
0.255 5.26637
0.256 5.22125
0.257 5.17217
0.258 5.12096
0.259 5.07092
0.260 5.02474
0.261 4.9794
0.262 4.95056
0.263 4.94346
0.264 4.93747
