0.00000 -0.01905319063780552
0.00100 -0.03810638127561104
0.00200 -0.057159571913416564
0.00300 -0.07621276255122209
0.00400 -0.0952659531890276
0.00500 -0.09524172255122207
0.00600 -0.09521749191341655
0.00700 -0.09519326127561104
0.00800 -0.09516903063780552
0.00900 -0.0951448
0.01000 -0.0951206
0.01100 -0.0950964
0.01200 -0.0950722
0.01300 -0.095048
0.01400 -0.0950238
0.01500 -0.0949402
0.01600 -0.0948566
0.01700 -0.094773
0.01800 -0.0946894
0.01900 -0.09460579999999999
0.02000 -0.09442912
0.02100 -0.09425243999999999
0.02200 -0.09407576
0.02300 -0.09389908
0.02400 -0.0937224
0.02500 -0.0935372
0.02600 -0.093352
0.02700 -0.0931668
0.02800 -0.0929816
0.02900 -0.0927964
0.03000 -0.0925854
0.03100 -0.0923744
0.03200 -0.09216339999999999
0.03300 -0.0919524
0.03400 -0.0917414
0.03500 -0.09151356
0.03600 -0.09128571999999999
0.03700 -0.09105788000000001
0.03800 -0.09083004
0.03900 -0.0906022
0.04000 -0.09036912
0.04100 -0.09013604
0.04200 -0.08990296
0.04300 -0.08966988000000001
0.04400 -0.08943680000000001
0.04500 -0.08918232000000001
0.04600 -0.08892784000000001
0.04700 -0.08867336
0.04800 -0.08841888
0.04900 -0.0881644
0.05000 -0.08790444
0.05100 -0.08764448
0.05200 -0.08738452
0.05300 -0.08712456
0.05400 -0.0868646
0.05500 -0.0865876
0.05600 -0.0863106
0.05700 -0.0860336
0.05800 -0.0857566
0.05900 -0.0854796
0.06000 -0.08517532
0.06100 -0.08487104
0.06200 -0.08456676
0.06300 -0.08426248
0.06400 -0.08395820000000001
0.06500 -0.08365248
0.06600 -0.08334676
0.06700 -0.08304104
0.06800 -0.08273532
0.06900 -0.0824296
0.07000 -0.08213308
0.07100 -0.08183656
0.07200 -0.08154004000000001
0.07300 -0.08124352
0.07400 -0.080947
0.07500 -0.0806566
0.07600 -0.0803662
0.07700 -0.0800758
0.07800 -0.0797854
0.07900 -0.07949500000000001
0.08000 -0.07919932
0.08100 -0.07890364000000001
0.08200 -0.07860796
0.08300 -0.07831228
0.08400 -0.0780166
0.08500 -0.07769864
0.08600 -0.07738068000000001
0.08700 -0.07706272
0.08800 -0.07674476
0.08900 -0.07642679999999999
0.09000 -0.076103
0.09100 -0.0757792
0.09200 -0.07545539999999999
0.09300 -0.07513159999999999
0.09400 -0.07480780000000001
0.09500 -0.07449944
0.09600 -0.07419107999999999
0.09700 -0.07388272
0.09800 -0.07357435999999999
0.09900 -0.073266
0.10000 -0.07298291999999999
0.10100 -0.07269983999999999
0.10200 -0.07241676
0.10300 -0.07213368
0.10400 -0.0718506
0.10500 -0.0715704
0.10600 -0.0712902
0.10700 -0.07100999999999999
0.10800 -0.0707298
0.10900 -0.0704496
0.11000 -0.07018256
0.11100 -0.06991552
0.11200 -0.06964848
0.11300 -0.06938143999999999
0.11400 -0.06911439999999999
0.11500 -0.0688564
0.11600 -0.06859839999999999
0.11700 -0.0683404
0.11800 -0.0680824
0.11900 -0.06782439999999999
0.12000 -0.06757692
0.12100 -0.06732943999999999
0.12200 -0.06708196
0.12300 -0.06683448
0.12400 -0.066587
0.12500 -0.06638484
0.12600 -0.06618268
0.12700 -0.06598052
0.12800 -0.06577836
0.12900 -0.0655762
0.13000 -0.06538627999999999
0.13100 -0.06519636
0.13200 -0.06500644
0.13300 -0.06481652
0.13400 -0.0646266
0.13500 -0.0644598
0.13600 -0.064293
0.13700 -0.0641262
0.13800 -0.0639594
0.13900 -0.0637926
0.14000 -0.0636646
0.14100 -0.0635366
0.14200 -0.06340860000000001
0.14300 -0.06328059999999999
0.14400 -0.0631526
0.14500 -0.06302952
0.14600 -0.06290644000000001
0.14700 -0.06278336
0.14800 -0.06266028
0.14900 -0.0625372
0.15000 -0.06244172
0.15100 -0.06234624
0.15200 -0.06225076
0.15300 -0.06215528
0.15400 -0.0620598
0.15500 -0.06198372
0.15600 -0.06190764
0.15700 -0.061831559999999994
0.15800 -0.061755479999999995
0.15900 -0.061679399999999995
0.16000 -0.061612959999999994
0.16100 -0.06154651999999999
0.16200 -0.061480080000000006
0.16300 -0.061413640000000005
0.16400 -0.061347200000000005
0.16500 -0.06132336000000001
0.16600 -0.06129952000000001
0.16700 -0.06127568
0.16800 -0.06125184
0.16900 -0.061228000000000005
0.17000 -0.06121592
0.17100 -0.061203839999999995
0.17200 -0.061191760000000005
0.17300 -0.06117968
0.17400 -0.0611676
0.17500 -0.06116200000000001
0.17600 -0.0611564
0.17700 -0.061150800000000005
0.17800 -0.0611452
0.17900 -0.0611396
0.18000 -0.06114532
0.18100 -0.061151040000000004
0.18200 -0.06115676
0.18300 -0.06116248
0.18400 -0.06116819999999999
0.18500 -0.06117615999999999
0.18600 -0.061184119999999995
0.18700 -0.061192079999999996
0.18800 -0.06120004
0.18900 -0.061208
0.19000 -0.06123872
0.19100 -0.061269439999999994
0.19200 -0.061300160000000006
0.19300 -0.06133088
0.19400 -0.0613616
0.19500 -0.06140864
0.19600 -0.06145568
0.19700 -0.06150272
0.19800 -0.061549759999999995
0.19900 -0.06159679999999999
0.20000 -0.06164672
0.20100 -0.061696640000000004
0.20200 -0.06174655999999999
0.20300 -0.06179648
0.20400 -0.0618464
0.20500 -0.06190928
0.20600 -0.06197216
0.20700 -0.06203504000000001
0.20800 -0.06209792000000001
0.20900 -0.0621608
0.21000 -0.06222732000000001
0.21100 -0.06229384
0.21200 -0.062360360000000004
0.21300 -0.06242688
0.21400 -0.0624934
0.21500 -0.06257776000000001
0.21600 -0.06266212
0.21700 -0.06274648000000001
0.21800 -0.06283084
0.21900 -0.0629152
0.22000 -0.06303108
0.22100 -0.06314696
0.22200 -0.06326284
0.22300 -0.06337872
0.22400 -0.0634946
0.22500 -0.06361596
0.22600 -0.06373732
0.22700 -0.06385868
0.22800 -0.06398003999999999
0.22900 -0.0641014
0.23000 -0.06427187999999999
0.23100 -0.06444236
0.23200 -0.06461283999999999
0.23300 -0.06478332
0.23400 -0.06495379999999999
0.23500 -0.06516027999999999
0.23600 -0.06536676
0.23700 -0.06557324
0.23800 -0.06577972
0.23900 -0.0659862
0.24000 -0.06621236
0.24100 -0.06643852
0.24200 -0.06666468
0.24300 -0.06689084000000001
0.24400 -0.06711700000000001
0.24500 -0.06743432
0.24600 -0.06775164
0.24700 -0.06806896
0.24800 -0.06838628
0.24900 -0.0687036
0.25000 -0.06904743999999999
0.25100 -0.06939128
0.25200 -0.06973512
0.25300 -0.07007896
0.25400 -0.0704228
0.25500 -0.07081292
0.25600 -0.07120304
0.25700 -0.07159316
0.25800 -0.07198328
0.25900 -0.0723734
0.26000 -0.0728472
0.26100 -0.073321
0.26200 -0.0737948
0.26300 -0.07426859999999999
0.26400 -0.0747424
0.26500 -0.07522588
0.26600 -0.07570936
0.26700 -0.07619284
0.26800 -0.07667631999999999
0.26900 -0.0771598
0.27000 -0.07767988
0.27100 -0.07819996
0.27200 -0.07872004
0.27300 -0.07924012
0.27400 -0.0797602
0.27500 -0.08030776
0.27600 -0.08085532000000001
0.27700 -0.08140288
0.27800 -0.08195044
0.27900 -0.082498
0.28000 -0.08306892
0.28100 -0.08363984
0.28200 -0.08421076000000001
0.28300 -0.08478168
0.28400 -0.0853526
0.28500 -0.08603476
0.28600 -0.08671692
0.28700 -0.08739908
0.28800 -0.08808124
0.28900 -0.0887634
0.29000 -0.08947868
0.29100 -0.09019396
0.29200 -0.09090924
0.29300 -0.09162452000000001
0.29400 -0.0923398
0.29500 -0.09305352
0.29600 -0.09376724
0.29700 -0.09448096
0.29800 -0.09519468
0.29900 -0.0959084
0.30000 -0.09661924000000001
0.30100 -0.09733008000000001
0.30200 -0.09804092
0.30300 -0.09875176
0.30400 -0.0994626
0.30500 -0.10017864000000001
0.30600 -0.10089467999999999
0.30700 -0.10161072
0.30800 -0.10232675999999999
0.30900 -0.10304279999999999
0.31000 -0.10386904
0.31100 -0.10469527999999999
0.31200 -0.10552152
0.31300 -0.10634775999999999
0.31400 -0.10717399999999999
0.31500 -0.10808472
0.31600 -0.10899543999999999
0.31700 -0.10990616
0.31800 -0.11081687999999998
0.31900 -0.1117276
0.32000 -0.11263167999999998
0.32100 -0.11353575999999999
0.32200 -0.11443984
0.32300 -0.11534392
0.32400 -0.11624799999999999
0.32500 -0.11711780000000001
0.32600 -0.1179876
0.32700 -0.1188574
0.32800 -0.11972719999999999
0.32900 -0.120597
0.33000 -0.12145636
0.33100 -0.12231571999999999
0.33200 -0.12317508000000002
0.33300 -0.12403444000000001
0.33400 -0.12489380000000001
0.33500 -0.12582664000000002
0.33600 -0.12675948
0.33700 -0.12769232
0.33800 -0.12862516
0.33900 -0.129558
0.34000 -0.13062996
0.34100 -0.13170192
0.34200 -0.13277387999999998
0.34300 -0.13384584
0.34400 -0.1349178
0.34500 -0.1360012
0.34600 -0.1370846
0.34700 -0.138168
0.34800 -0.1392514
0.34900 -0.1403348
0.35000 -0.14136732000000002
0.35100 -0.14239984
0.35200 -0.14343235999999998
0.35300 -0.14446488
0.35400 -0.1454974
0.35500 -0.14648996
0.35600 -0.14748252
0.35700 -0.14847508
0.35800 -0.14946763999999998
0.35900 -0.1504602
0.36000 -0.15149079999999998
0.36100 -0.1525214
0.36200 -0.153552
0.36300 -0.15458260000000001
0.36400 -0.1556132
0.36500 -0.15683660000000002
0.36600 -0.15806
0.36700 -0.15928340000000002
0.36800 -0.1605068
0.36900 -0.1617302
0.37000 -0.16301380000000001
0.37100 -0.16429739999999998
0.37200 -0.165581
0.37300 -0.16686459999999997
0.37400 -0.1681482
0.37500 -0.16943548
0.37600 -0.17072276
0.37700 -0.17201004
0.37800 -0.17329732
0.37900 -0.1745846
0.38000 -0.17587908000000002
0.38100 -0.17717356
0.38200 -0.17846804
0.38300 -0.17976251999999998
0.38400 -0.181057
0.38500 -0.18235124
0.38600 -0.18364548
0.38700 -0.18493971999999997
0.38800 -0.18623395999999998
0.38900 -0.18752819999999998
0.39000 -0.188801
0.39100 -0.19007380000000001
0.39200 -0.19134659999999998
0.39300 -0.1926194
0.39400 -0.19389220000000001
0.39500 -0.19514776
0.39600 -0.19640332
0.39700 -0.19765888
0.39800 -0.19891444
0.39900 -0.20017000000000001
0.40000 -0.201444
0.40100 -0.202718
0.40200 -0.203992
0.40300 -0.205266
0.40400 -0.20654
0.40500 -0.20790959999999997
0.40600 -0.20927919999999997
0.40700 -0.21064880000000002
0.40800 -0.2120184
0.40900 -0.213388
0.41000 -0.21478799999999998
0.41100 -0.216188
0.41200 -0.21758799999999998
0.41300 -0.21898800000000002
0.41400 -0.22038799999999997
0.41500 -0.2217408
0.41600 -0.22309359999999998
0.41700 -0.22444640000000002
0.41800 -0.22579920000000003
0.41900 -0.22715200000000002
0.42000 -0.2284104
0.42100 -0.2296688
0.42200 -0.2309272
0.42300 -0.2321856
0.42400 -0.23344399999999998
0.42500 -0.2346956
0.42600 -0.23594719999999997
0.42700 -0.2371988
0.42800 -0.23845039999999998
0.42900 -0.239702
0.43000 -0.24103400000000003
0.43100 -0.242366
0.43200 -0.24369800000000003
0.43300 -0.24503
0.43400 -0.24636200000000003
0.43500 -0.2477592
0.43600 -0.2491564
0.43700 -0.25055360000000004
0.43800 -0.25195080000000003
0.43900 -0.253348
0.44000 -0.2547224
0.44100 -0.2560968
0.44200 -0.2574712
0.44300 -0.2588456
0.44400 -0.26022
0.44500 -0.26146879999999995
0.44600 -0.2627176
0.44700 -0.2639664
0.44800 -0.2652152
0.44900 -0.266464
0.45000 -0.267672
0.45100 -0.26888
0.45200 -0.270088
0.45300 -0.271296
0.45400 -0.27250399999999997
0.45500 -0.273754
0.45600 -0.27500399999999997
0.45700 -0.276254
0.45800 -0.277504
0.45900 -0.278754
0.46000 -0.28009
0.46100 -0.281426
0.46200 -0.282762
0.46300 -0.284098
0.46400 -0.285434
0.46500 -0.2867756
0.46600 -0.28811719999999996
0.46700 -0.2894588
0.46800 -0.2908004
0.46900 -0.292142
0.47000 -0.29338759999999997
0.47100 -0.2946332
0.47200 -0.2958788
0.47300 -0.2971244
0.47400 -0.29836999999999997
0.47500 -0.29953559999999996
0.47600 -0.3007012
0.47700 -0.3018668
0.47800 -0.30303240000000004
0.47900 -0.304198
0.48000 -0.3054004
0.48100 -0.3066028
0.48200 -0.3078052
0.48300 -0.30900760000000005
0.48400 -0.31021
0.48500 -0.3116184
0.48600 -0.3130268
0.48700 -0.3144352
0.48800 -0.3158436
0.48900 -0.317252
0.49000 -0.3187296
0.49100 -0.32020719999999997
0.49200 -0.3216848
0.49300 -0.3231624
0.49400 -0.32464
0.49500 -0.3260976
0.49600 -0.3275552
0.49700 -0.3290128
0.49800 -0.3304704
0.49900 -0.331928
0.50000 -0.3333448
0.50100 -0.3347616
0.50200 -0.3361784
0.50300 -0.3375952
0.50400 -0.339012
0.50500 -0.3404312
0.50600 -0.3418504
0.50700 -0.3432696
0.50800 -0.3446888
0.50900 -0.34610799999999997
0.51000 -0.34770439999999997
0.51100 -0.3493008
0.51200 -0.3508972
0.51300 -0.3524936
0.51400 -0.35409
0.51500 -0.3558392
0.51600 -0.3575884
0.51700 -0.35933760000000003
0.51800 -0.3610868
0.51900 -0.362836
0.52000 -0.3645696
0.52100 -0.3663032
0.52200 -0.3680368
0.52300 -0.3697704
0.52400 -0.371504
0.52500 -0.37314440000000004
0.52600 -0.37478480000000003
0.52700 -0.3764252
0.52800 -0.3780656
0.52900 -0.379706
0.53000 -0.38131400000000004
0.53100 -0.38292200000000004
0.53200 -0.38453
0.53300 -0.386138
0.53400 -0.38774600000000004
0.53500 -0.389442
0.53600 -0.39113800000000004
0.53700 -0.392834
0.53800 -0.39453
0.53900 -0.396226
0.54000 -0.39810880000000004
0.54100 -0.3999916
0.54200 -0.40187439999999996
0.54300 -0.4037572
0.54400 -0.40564
0.54500 -0.407542
0.54600 -0.40944400000000003
0.54700 -0.411346
0.54800 -0.413248
0.54900 -0.41515
0.55000 -0.41698
0.55100 -0.41881
0.55200 -0.42064
0.55300 -0.42247
0.55400 -0.4243
0.55500 -0.42606600000000006
0.55600 -0.427832
0.55700 -0.42959800000000004
0.55800 -0.43136399999999997
0.55900 -0.43312999999999996
0.56000 -0.43490719999999994
0.56100 -0.4366844
0.56200 -0.4384616
0.56300 -0.44023880000000004
0.56400 -0.442016
0.56500 -0.4438596
0.56600 -0.44570319999999997
0.56700 -0.4475468
0.56800 -0.44939039999999997
0.56900 -0.451234
0.57000 -0.4531012
0.57100 -0.4549684
0.57200 -0.45683559999999995
0.57300 -0.4587028
0.57400 -0.46057
0.57500 -0.46245439999999993
0.57600 -0.4643388
0.57700 -0.46622319999999995
0.57800 -0.4681076
0.57900 -0.46999199999999997
0.58000 -0.47191320000000003
0.58100 -0.4738344
0.58200 -0.4757556
0.58300 -0.47767679999999996
0.58400 -0.479598
0.58500 -0.48152
0.58600 -0.483442
0.58700 -0.485364
0.58800 -0.487286
0.58900 -0.489208
0.59000 -0.490998
0.59100 -0.492788
0.59200 -0.494578
0.59300 -0.49636800000000003
0.59400 -0.498158
0.59500 -0.4998304
0.59600 -0.5015028
0.59700 -0.5031752
0.59800 -0.5048476
0.59900 -0.50652
0.60000 -0.508222
0.60100 -0.509924
0.60200 -0.5116259999999999
0.60300 -0.513328
0.60400 -0.51503
0.60500 -0.5169176
0.60600 -0.5188052
0.60700 -0.5206928
0.60800 -0.5225804000000001
0.60900 -0.5244679999999999
0.61000 -0.5264228
0.61100 -0.5283776
0.61200 -0.5303324
0.61300 -0.5322872
0.61400 -0.534242
0.61500 -0.5361752
0.61600 -0.5381083999999999
0.61700 -0.5400416
0.61800 -0.5419748
0.61900 -0.543908
0.62000 -0.5457936
0.62100 -0.5476791999999999
0.62200 -0.5495648
0.62300 -0.5514504
0.62400 -0.553336
0.62500 -0.5552204
0.62600 -0.5571048000000001
0.62700 -0.5589892
0.62800 -0.5608736000000001
0.62900 -0.562758
0.63000 -0.5647976
0.63100 -0.5668371999999999
0.63200 -0.5688768000000001
0.63300 -0.5709164
0.63400 -0.572956
0.63500 -0.575138
0.63600 -0.57732
0.63700 -0.579502
0.63800 -0.581684
0.63900 -0.583866
0.64000 -0.5860312000000001
0.64100 -0.5881964
0.64200 -0.5903616
0.64300 -0.5925268
0.64400 -0.594692
0.64500 -0.5967428
0.64600 -0.5987936
0.64700 -0.6008444
0.64800 -0.6028952000000001
0.64900 -0.604946
0.65000 -0.6069548
0.65100 -0.6089635999999999
0.65200 -0.6109724
0.65300 -0.6129811999999999
0.65400 -0.6149899999999999
0.65500 -0.6170788
0.65600 -0.6191676
0.65700 -0.6212563999999999
0.65800 -0.6233451999999999
0.65900 -0.625434
0.66000 -0.627704
0.66100 -0.629974
0.66200 -0.632244
0.66300 -0.634514
0.66400 -0.636784
0.66500 -0.6390743999999999
0.66600 -0.6413648000000001
0.66700 -0.6436552
0.66800 -0.6459456
0.66900 -0.648236
0.67000 -0.6504
0.67100 -0.652564
0.67200 -0.654728
0.67300 -0.656892
0.67400 -0.659056
0.67500 -0.661102
0.67600 -0.663148
0.67700 -0.665194
0.67800 -0.6672399999999999
0.67900 -0.6692859999999999
0.68000 -0.671354
0.68100 -0.673422
0.68200 -0.67549
0.68300 -0.677558
0.68400 -0.6796260000000001
0.68500 -0.6818456
0.68600 -0.6840652
0.68700 -0.6862847999999999
0.68800 -0.6885044
0.68900 -0.690724
0.69000 -0.6930012
0.69100 -0.6952784
0.69200 -0.6975556
0.69300 -0.6998328
0.69400 -0.70211
0.69500 -0.7043088
0.69600 -0.7065075999999999
0.69700 -0.7087064
0.69800 -0.7109051999999999
0.69900 -0.713104
0.70000 -0.71512
0.70100 -0.717136
0.70200 -0.719152
0.70300 -0.721168
0.70400 -0.723184
0.70500 -0.7251763999999999
0.70600 -0.7271688000000001
0.70700 -0.7291612
0.70800 -0.7311536000000001
0.70900 -0.733146
0.71000 -0.7351844
0.71100 -0.7372228
0.71200 -0.7392612
0.71300 -0.7412996
0.71400 -0.7433379999999999
0.71500 -0.7454208
0.71600 -0.7475035999999999
0.71700 -0.7495864
0.71800 -0.7516692
0.71900 -0.753752
0.72000 -0.7558056
0.72100 -0.7578592
0.72200 -0.7599128
0.72300 -0.7619664
0.72400 -0.76402
0.72500 -0.76588
0.72600 -0.7677400000000001
0.72700 -0.7696
0.72800 -0.77146
0.72900 -0.77332
0.73000 -0.7751056000000001
0.73100 -0.7768912
0.73200 -0.7786768
0.73300 -0.7804624
0.73400 -0.7822479999999999
0.73500 -0.7840304
0.73600 -0.7858128
0.73700 -0.7875951999999999
0.73800 -0.7893776
0.73900 -0.79116
0.74000 -0.792936
0.74100 -0.794712
0.74200 -0.7964880000000001
0.74300 -0.7982640000000001
0.74400 -0.8000400000000001
0.74500 -0.8018132000000001
0.74600 -0.8035864
0.74700 -0.8053596000000001
0.74800 -0.8071328
0.74900 -0.808906
0.75000 -0.8106152
0.75100 -0.8123244
0.75200 -0.8140335999999999
0.75300 -0.8157428
0.75400 -0.817452
0.75500 -0.8190984
0.75600 -0.8207447999999999
0.75700 -0.8223912
0.75800 -0.8240375999999999
0.75900 -0.8256840000000001
0.76000 -0.8272944000000001
0.76100 -0.8289048000000001
0.76200 -0.8305152
0.76300 -0.8321256
0.76400 -0.833736
0.76500 -0.8351143999999999
0.76600 -0.8364928
0.76700 -0.8378712
0.76800 -0.8392496000000002
0.76900 -0.840628
0.77000 -0.8419144000000001
0.77100 -0.8432008
0.77200 -0.8444872
0.77300 -0.8457735999999999
0.77400 -0.8470599999999999
0.77500 -0.8483559999999999
0.77600 -0.8496519999999999
0.77700 -0.850948
0.77800 -0.852244
0.77900 -0.85354
0.78000 -0.8548579999999999
0.78100 -0.8561759999999999
0.78200 -0.857494
0.78300 -0.858812
0.78400 -0.8601300000000001
0.78500 -0.8614472000000001
0.78600 -0.8627644
0.78700 -0.8640816000000001
0.78800 -0.8653988
0.78900 -0.866716
0.79000 -0.8678360000000002
0.79100 -0.8689560000000001
0.79200 -0.8700760000000001
0.79300 -0.871196
0.79400 -0.872316
0.79500 -0.8732407999999999
0.79600 -0.8741655999999999
0.79700 -0.8750904
0.79800 -0.8760152
0.79900 -0.8769399999999999
0.80000 -0.8778592
0.80100 -0.8787784000000001
0.80200 -0.8796975999999999
0.80300 -0.8806168
0.80400 -0.881536
0.80500 -0.8824464000000001
0.80600 -0.8833567999999999
0.80700 -0.8842672
0.80800 -0.8851775999999999
0.80900 -0.886088
0.81000 -0.8869952
0.81100 -0.8879024
0.81200 -0.8888096000000001
0.81300 -0.8897168000000001
0.81400 -0.8906240000000001
0.81500 -0.8914372
0.81600 -0.8922504
0.81700 -0.8930636
0.81800 -0.8938767999999999
0.81900 -0.89469
0.82000 -0.8952691999999999
0.82100 -0.8958484
0.82200 -0.8964276
0.82300 -0.8970068000000001
0.82400 -0.8975860000000001
0.82500 -0.8981284
0.82600 -0.8986708
0.82700 -0.8992132000000002
0.82800 -0.8997556000000001
0.82900 -0.900298
0.83000 -0.9007512
0.83100 -0.9012043999999999
0.83200 -0.9016576000000001
0.83300 -0.9021108
0.83400 -0.9025639999999999
0.83500 -0.9029259999999999
0.83600 -0.9032879999999999
0.83700 -0.9036500000000001
0.83800 -0.904012
0.83900 -0.904374
0.84000 -0.9047036
0.84100 -0.9050331999999999
0.84200 -0.9053628
0.84300 -0.9056923999999998
0.84400 -0.9060219999999999
0.84500 -0.9061344
0.84600 -0.9062467999999999
0.84700 -0.9063592
0.84800 -0.9064715999999999
0.84900 -0.906584
0.85000 -0.9066067999999999
0.85100 -0.9066295999999999
0.85200 -0.9066523999999999
0.85300 -0.9066751999999999
0.85400 -0.9066979999999999
0.85500 -0.9066227999999998
0.85600 -0.9065475999999999
0.85700 -0.9064724
0.85800 -0.9063972
0.85900 -0.906322
0.86000 -0.905998
0.86100 -0.905674
0.86200 -0.90535
0.86300 -0.905026
0.86400 -0.904702
0.86500 -0.9043379999999999
0.86600 -0.903974
0.86700 -0.9036099999999999
0.86800 -0.903246
0.86900 -0.902882
0.87000 -0.9024035999999999
0.87100 -0.9019252
0.87200 -0.9014467999999999
0.87300 -0.9009684
0.87400 -0.9004899999999999
0.87500 -0.8998932
0.87600 -0.8992963999999999
0.87700 -0.8986995999999999
0.87800 -0.8981027999999999
0.87900 -0.8975059999999999
0.88000 -0.8968663999999998
0.88100 -0.8962268
0.88200 -0.8955871999999999
0.88300 -0.8949476000000001
0.88400 -0.894308
0.88500 -0.8933744000000001
0.88600 -0.8924407999999999
0.88700 -0.8915072
0.88800 -0.8905736
0.88900 -0.88964
0.89000 -0.8885816
0.89100 -0.8875232000000001
0.89200 -0.8864647999999999
0.89300 -0.8854063999999999
0.89400 -0.8843479999999999
0.89500 -0.8832791999999999
0.89600 -0.8822104
0.89700 -0.8811416
0.89800 -0.8800728
0.89900 -0.8790039999999999
0.90000 -0.8779064
0.90100 -0.8768088
0.90200 -0.8757111999999999
0.90300 -0.8746136
0.90400 -0.8735160000000001
0.90500 -0.8724096000000001
0.90600 -0.8713032
0.90700 -0.8701968000000001
0.90800 -0.8690903999999999
0.90900 -0.8679840000000001
0.91000 -0.8666376
0.91100 -0.8652912
0.91200 -0.8639448
0.91300 -0.8625984000000001
0.91400 -0.861252
0.91500 -0.85965
0.91600 -0.8580479999999999
0.91700 -0.856446
0.91800 -0.8548439999999999
0.91900 -0.8532420000000001
0.92000 -0.8516388000000001
0.92100 -0.8500356
0.92200 -0.8484324000000001
0.92300 -0.8468292
0.92400 -0.845226
0.92500 -0.8436632000000002
0.92600 -0.8421004
0.92700 -0.8405376
0.92800 -0.8389747999999999
0.92900 -0.8374119999999999
0.93000 -0.8358672
0.93100 -0.8343223999999999
0.93200 -0.8327776
0.93300 -0.8312327999999999
0.93400 -0.829688
0.93500 -0.8280160000000001
0.93600 -0.826344
0.93700 -0.824672
0.93800 -0.8229999999999998
0.93900 -0.821328
0.94000 -0.8193156
0.94100 -0.8173031999999999
0.94200 -0.8152908
0.94300 -0.8132784
0.94400 -0.811266
0.94500 -0.809198
0.94600 -0.8071299999999999
0.94700 -0.805062
0.94800 -0.802994
0.94900 -0.8009259999999999
0.95000 -0.7987939999999999
0.95100 -0.796662
0.95200 -0.79453
0.95300 -0.792398
0.95400 -0.790266
0.95500 -0.7880648
0.95600 -0.7858636
0.95700 -0.7836624000000001
0.95800 -0.7814612000000001
0.95900 -0.7792600000000001
0.96000 -0.7770512
0.96100 -0.7748424
0.96200 -0.7726336
0.96300 -0.7704248
0.96400 -0.768216
0.96500 -0.765964
0.96600 -0.763712
0.96700 -0.76146
0.96800 -0.759208
0.96900 -0.756956
0.97000 -0.7546852000000001
0.97100 -0.7524143999999999
0.97200 -0.7501436
0.97300 -0.7478727999999999
0.97400 -0.745602
0.97500 -0.7432284
0.97600 -0.7408547999999999
0.97700 -0.7384812000000001
0.97800 -0.7361076
0.97900 -0.733734
0.98000 -0.7310792
0.98100 -0.7284244
0.98200 -0.7257696
0.98300 -0.7231148000000001
0.98400 -0.72046
0.98500 -0.7177584
0.98600 -0.7150567999999999
0.98700 -0.7123552
0.98800 -0.7096536
0.98900 -0.706952
0.99000 -0.7042356
0.99100 -0.7015192
0.99200 -0.6988028
0.99300 -0.6960864
0.99400 -0.69337
0.99500 -0.6906380000000001
0.99600 -0.687906
0.99700 -0.6851740000000001
0.99800 -0.682442
0.99900 -0.67971
1.00000 -0.6769408
1.00100 -0.6741716
1.00200 -0.6714024000000001
1.00300 -0.6686332
1.00400 -0.665864
1.00500 -0.6627996
1.00600 -0.6597352
1.00700 -0.6566708
1.00800 -0.6536063999999999
1.00900 -0.650542
1.01000 -0.6473432
1.01100 -0.6441444
1.01200 -0.6409456
1.01300 -0.6377468000000001
1.01400 -0.634548
1.01500 -0.6313984
1.01600 -0.6282487999999999
1.01700 -0.6250992
1.01800 -0.6219496
1.01900 -0.6188
1.02000 -0.61579
1.02100 -0.61278
1.02200 -0.6097699999999999
1.02300 -0.60676
1.02400 -0.60375
1.02500 -0.6007612
1.02600 -0.5977724
1.02700 -0.5947836
1.02800 -0.5917948
1.02900 -0.588806
1.03000 -0.5856108
1.03100 -0.5824156
1.03200 -0.5792204
1.03300 -0.5760252
1.03400 -0.57283
1.03500 -0.569402
1.03600 -0.565974
1.03700 -0.562546
1.03800 -0.559118
1.03900 -0.55569
1.04000 -0.55228
1.04100 -0.54887
1.04200 -0.5454600000000001
1.04300 -0.5420499999999999
1.04400 -0.53864
1.04500 -0.5354504
1.04600 -0.5322608
1.04700 -0.5290712
1.04800 -0.5258816
1.04900 -0.5226919999999999
1.05000 -0.5196044
1.05100 -0.5165168
1.05200 -0.5134292
1.05300 -0.5103416000000001
1.05400 -0.507254
1.05500 -0.504078
1.05600 -0.500902
1.05700 -0.497726
1.05800 -0.49455
1.05900 -0.491374
1.06000 -0.4879428
1.06100 -0.4845116
1.06200 -0.4810804
1.06300 -0.4776492
1.06400 -0.47421800000000003
1.06500 -0.47074440000000006
1.06600 -0.4672708
1.06700 -0.4637972
1.06800 -0.4603236
1.06900 -0.45685000000000003
1.07000 -0.4535652
1.07100 -0.4502804
1.07200 -0.4469956
1.07300 -0.4437108
1.07400 -0.440426
1.07500 -0.4373596
1.07600 -0.43429320000000005
1.07700 -0.43122679999999997
1.07800 -0.4281604
1.07900 -0.42509399999999997
1.08000 -0.4220168
1.08100 -0.4189396
1.08200 -0.41586239999999997
1.08300 -0.41278519999999996
1.08400 -0.409708
1.08500 -0.4064704
1.08600 -0.40323279999999995
1.08700 -0.3999952
1.08800 -0.39675760000000004
1.08900 -0.39352
1.09000 -0.390206
1.09100 -0.386892
1.09200 -0.383578
1.09300 -0.380264
1.09400 -0.37695
1.09500 -0.37373399999999996
1.09600 -0.370518
1.09700 -0.36730199999999996
1.09800 -0.364086
1.09900 -0.36086999999999997
1.10000 -0.3579424
1.10100 -0.3550148
1.10200 -0.3520872
1.10300 -0.3491596
1.10400 -0.346232
1.10500 -0.3433556
1.10600 -0.3404792
1.10700 -0.3376028
1.10800 -0.3347264
1.10900 -0.33185
1.11000 -0.328812
1.11100 -0.32577399999999995
1.11200 -0.322736
1.11300 -0.319698
1.11400 -0.31666
1.11500 -0.3134324
1.11600 -0.3102048
1.11700 -0.3069772
1.11800 -0.3037496
1.11900 -0.300522
1.12000 -0.2972988
1.12100 -0.2940756
1.12200 -0.2908524
1.12300 -0.2876292
1.12400 -0.284406
1.12500 -0.2812928
1.12600 -0.27817959999999997
1.12700 -0.2750664
1.12800 -0.2719532
1.12900 -0.26884
1.13000 -0.26578
1.13100 -0.26272
1.13200 -0.25966
1.13300 -0.25660000000000005
1.13400 -0.25354
1.13500 -0.2505176
1.13600 -0.2474952
1.13700 -0.2444728
1.13800 -0.2414504
1.13900 -0.238428
1.14000 -0.2355192
1.14100 -0.2326104
1.14200 -0.2297016
1.14300 -0.2267928
1.14400 -0.22388400000000003
1.14500 -0.2209952
1.14600 -0.2181064
1.14700 -0.21521759999999998
1.14800 -0.2123288
1.14900 -0.20944
1.15000 -0.20648428000000002
1.15100 -0.20352856
1.15200 -0.20057283999999997
1.15300 -0.19761712
1.15400 -0.1946614
1.15500 -0.19162448
1.15600 -0.18858756000000002
1.15700 -0.18555064
1.15800 -0.18251372
1.15900 -0.1794768
1.16000 -0.17647279999999999
1.16100 -0.1734688
1.16200 -0.1704648
1.16300 -0.16746080000000002
1.16400 -0.16445680000000001
1.16500 -0.16178672
1.16600 -0.15911664
1.16700 -0.15644655999999998
1.16800 -0.15377648
1.16900 -0.1511064
1.17000 -0.14860288
1.17100 -0.14609935999999998
1.17200 -0.14359584
1.17300 -0.14109232
1.17400 -0.1385888
1.17500 -0.13604112
1.17600 -0.13349344000000002
1.17700 -0.13094576
1.17800 -0.12839808000000003
1.17900 -0.1258504
1.18000 -0.12316608
1.18100 -0.12048176
1.18200 -0.11779744
1.18300 -0.11511312
1.18400 -0.1124288
1.18500 -0.10972
1.18600 -0.1070112
1.18700 -0.10430239999999999
1.18800 -0.10159359999999999
1.18900 -0.0988848
1.19000 -0.09642527999999999
1.19100 -0.09396576
1.19200 -0.09150623999999999
1.19300 -0.08904672
1.19400 -0.0865872
1.19500 -0.08443524
1.19600 -0.08228328
1.19700 -0.08013132
1.19800 -0.07797936
1.19900 -0.0758274
1.20000 -0.07368675999999999
1.20100 -0.07154612
1.20200 -0.06940547999999999
1.20300 -0.06726484
1.20400 -0.0651242
1.20500 -0.0629652
1.20600 -0.0608062
1.20700 -0.0586472
1.20800 -0.0564882
1.20900 -0.0543292
1.21000 -0.05216084
1.21100 -0.04999248
1.21200 -0.04782412
1.21300 -0.045655760000000004
1.21400 -0.043487399999999996
1.21500 -0.041437199999999993
1.21600 -0.039387
1.21700 -0.037336799999999996
1.21800 -0.0352866
1.21900 -0.0332364
1.22000 -0.03156056
1.22100 -0.029884719999999997
1.22200 -0.02820888
1.22300 -0.026533039999999997
1.22400 -0.0248572
1.22500 -0.023254536
1.22600 -0.021651872
1.22700 -0.020049208
1.22800 -0.018446544
1.22900 -0.01684388
1.23000 -0.015230916
1.23100 -0.013617952
1.23200 -0.012004988
1.23300 -0.010392024
1.23400 -0.00877906
1.23500 -0.0071530812
1.23600 -0.005527102399999999
1.23700 -0.003901123599999999
1.23800 -0.002275144799999999
1.23900 -0.0006491659999999996
1.24000 0.0009565391999999999
1.24100 0.0025622443999999997
1.24200 0.0041679496
1.24300 0.0057736548
1.24400 0.00737936
1.24500 0.008778788
1.24600 0.010178216
1.24700 0.011577644000000002
1.24800 0.012977072000000001
1.24900 0.0143765
1.25000 0.01566816
1.25100 0.01695982
1.25200 0.01825148
1.25300 0.01954314
1.25400 0.0208348
1.25500 0.02212924
1.25600 0.02342368
1.25700 0.02471812
1.25800 0.026012559999999997
1.25900 0.027306999999999998
1.26000 0.028610599999999996
1.26100 0.029914199999999995
1.26200 0.031217799999999997
1.26300 0.0325214
1.26400 0.033825
1.26500 0.03513
1.26600 0.036435
1.26700 0.03774
1.26800 0.039045
1.26900 0.040350000000000004
1.27000 0.04155872000000001
1.27100 0.042767440000000004
1.27200 0.04397616
1.27300 0.04518488
1.27400 0.0463936
1.27500 0.047478160000000005
1.27600 0.04856272
1.27700 0.04964728
1.27800 0.05073183999999999
1.27900 0.0518164
1.28000 0.05288796
1.28100 0.05395952
1.28200 0.055031079999999996
1.28300 0.056102639999999995
1.28400 0.057174199999999994
1.28500 0.05817428
1.28600 0.05917436
1.28700 0.060174439999999996
1.28800 0.061174519999999996
1.28900 0.062174600000000003
1.29000 0.06313640000000001
1.29100 0.06409820000000001
1.29200 0.06505999999999999
1.29300 0.06602179999999999
1.29400 0.0669836
1.29500 0.06790912
1.29600 0.06883464
1.29700 0.06976015999999999
1.29800 0.07068568
1.29900 0.0716112
1.30000 0.07241608
1.30100 0.07322096
1.30200 0.07402584
1.30300 0.07483072
1.30400 0.0756356
1.30500 0.07641464
1.30600 0.07719368
1.30700 0.07797272000000001
1.30800 0.07875176
1.30900 0.0795308
1.31000 0.08002644
1.31100 0.08052208
1.31200 0.08101772
1.31300 0.08151336
1.31400 0.082009
1.31500 0.08213108
1.31600 0.08225316
1.31700 0.08237523999999999
1.31800 0.08249732
1.31900 0.0826194
1.32000 0.0827224
1.32100 0.0828254
1.32200 0.0829284
1.32300 0.0830314
1.32400 0.0831344
