0.001 0.003
0.002 0.003
0.003 0.003
0.004 0.003
0.005 0.003
0.006 0.003
0.007 0.003
0.008 0.003
0.009 0.003
0.010 0.003
0.011 0.003
0.012 0.003
0.013 0.003
0.014 0.003
0.015 0.003
0.016 0.003
0.017 0.003
0.018 0.003
0.019 0.003
0.020 0.003
0.021 0.003
0.022 0.003
0.023 0.003
0.024 0.003
0.025 0.003
0.026 0.003
0.027 0.003
0.028 0.003
0.029 0.003
0.030 0.003
0.031 0.003
0.032 0.003
0.033 0.003
0.034 0.003
0.035 0.003
0.036 0.003
0.037 0.003
0.038 0.003
0.039 0.003
0.040 0.003
0.041 0.003
0.042 0.003
0.043 0.003
0.044 0.003
0.045 0.003
0.046 0.003
0.047 0.003
0.048 0.003
0.049 0.003
0.050 0.003
0.051 0.003
0.052 0.003
0.053 0.003
0.054 0.003
0.055 0.003
0.056 0.003
0.057 0.003
0.058 0.003
0.059 0.003
0.060 0.003
0.061 0.003
0.062 0.003
0.063 0.003
0.064 0.003
0.065 0.003
0.066 0.003
0.067 0.003
0.068 0.003
0.069 0.003
0.070 0.003
0.071 0.003
0.072 0.003
0.073 0.003
0.074 0.003
0.075 0.003
0.076 0.003
0.077 0.003
0.078 0.003
0.079 0.003
0.080 0.003
0.081 0.003
0.082 0.003
0.083 0.003
0.084 0.003
0.085 0.003
0.086 0.003
0.087 0.003
0.088 0.003
0.089 0.003
0.090 0.003
0.091 0.003
0.092 0.003
0.093 0.003
0.094 0.003
0.095 0.003
0.096 0.003
0.097 0.003
0.098 0.003
0.099 0.003
0.100 0.003
0.101 0.003
0.102 0.003
0.103 0.003
0.104 0.003
0.105 0.003
0.106 0.003
0.107 0.003
0.108 0.003
0.109 0.003
0.110 0.003
0.111 0.003
0.112 0.003
0.113 0.003
0.114 0.003
0.115 0.003
0.116 0.003
0.117 0.003
0.118 0.003
0.119 0.003
0.120 0.003
0.121 0.003
0.122 0.003
0.123 0.003
0.124 0.003
0.125 0.003
0.126 0.003
0.127 0.003
0.128 0.003
0.129 0.003
0.130 0.003
0.131 0.003
0.132 0.003
0.133 0.003
0.134 0.003
0.135 0.003
0.136 0.003
0.137 0.003
0.138 0.003
0.139 0.003
0.140 0.003
0.141 0.003
0.142 0.003
0.143 0.003
0.144 0.003
0.145 0.003
0.146 0.003
0.147 0.003
0.148 0.003
0.149 0.003
0.150 0.003
0.151 0.003
0.152 0.003
0.153 0.003
0.154 0.003
0.155 0.003
0.156 0.003
0.157 0.003
0.158 0.003
0.159 0.003
0.160 0.003
0.161 0.003
0.162 0.003
0.163 0.003
0.164 0.003
0.165 0.003
0.166 0.003
0.167 0.003
0.168 0.003
0.169 0.003
0.170 0.003
0.171 0.003
0.172 0.003
0.173 0.003
0.174 0.003
0.175 0.003
0.176 0.003
0.177 0.003
0.178 0.003
0.179 0.003
0.180 0.003
0.181 0.003
0.182 0.003
0.183 0.003
0.184 0.003
0.185 0.003
0.186 0.003
0.187 0.003
0.188 0.003
0.189 0.003
0.190 0.003
0.191 0.003
0.192 0.003
0.193 0.003
0.194 0.003
0.195 0.003
0.196 0.003
0.197 0.003
0.198 0.003
0.199 0.003
0.200 0.003
0.201 0.003
0.202 0.003
0.203 0.003
0.204 0.003
0.205 0.003
0.206 0.003
0.207 0.003
0.208 0.003
0.209 0.003
0.210 0.003
0.211 0.003
0.212 0.003
0.213 0.003
0.214 0.003
0.215 0.003
0.216 0.003
0.217 0.003
0.218 0.003
0.219 0.003
0.220 0.003
0.221 0.003
0.222 0.003
0.223 0.003
0.224 0.003
0.225 0.003
0.226 0.003
0.227 0.003
0.228 0.003
0.229 0.003
0.230 0.003
0.231 0.003
0.232 0.003
0.233 0.003
0.234 0.003
0.235 0.003
0.236 0.003
0.237 0.003
0.238 0.003
0.239 0.003
0.240 0.003
0.241 0.003
0.242 0.003
0.243 0.003
0.244 0.003
0.245 0.003
0.246 0.003
0.247 0.003
0.248 0.003
0.249 0.003
0.250 0.003
0.251 0.003
0.252 0.003
0.253 0.003
0.254 0.003
0.255 0.003
0.256 0.003
0.257 0.003
0.258 0.003
0.259 0.003
0.260 0.003
0.261 0.003
0.262 0.003
0.263 0.003
0.264 0.003
0.265 0.003
0.266 0.003
0.267 0.003
0.268 0.003
0.269 0.003
0.270 0.003
0.271 0.003
0.272 0.003
0.273 0.003
0.274 0.003
0.275 0.003
0.276 0.003
0.277 0.003
0.278 0.003
0.279 0.003
0.280 0.003
0.281 0.003
0.282 0.003
0.283 0.003
0.284 0.003
0.285 0.003
0.286 0.003
0.287 0.003
0.288 0.003
0.289 0.003
0.290 0.003
0.291 0.003
0.292 0.003
0.293 0.003
0.294 0.003
0.295 0.003
0.296 0.003
0.297 0.003
0.298 0.003
0.299 0.003
0.300 0.003