0.000 0.209
0.003 0.419
0.006 0.628
0.009 0.838
0.012 1.047
0.015 1.257
0.018 1.466
0.021 1.676
0.024 1.885
0.027 2.094
0.030 2.304
0.033 2.513
0.036 2.723
0.039 2.932
0.042 3.142
0.045 3.351
0.048 3.560
0.051 3.770
0.054 3.979
0.057 4.189
0.060 4.398
0.063 4.608
0.066 4.817
0.069 5.027
0.072 5.236
0.075 5.445
0.078 5.655
0.081 5.864
0.084 6.074
0.087 6.283
0.090 6.493
0.093 6.702
0.096 6.912
0.099 7.121
0.102 7.330
0.105 7.540
0.108 7.749
0.111 7.959
0.114 8.168
0.117 8.378
0.120 8.587
0.123 8.796
0.126 9.006
0.129 9.215
0.132 9.425
0.135 9.634
0.138 9.844
0.141 10.053
0.144 10.263
0.147 10.472
0.150 10.681
0.153 10.891
0.156 11.100
0.159 11.310
0.162 11.519
0.165 11.729
0.168 11.938
0.171 12.147
0.174 12.357
0.177 12.566
0.180 12.776
0.183 12.985
0.186 13.195
0.189 13.404
0.192 13.614
0.195 13.823
0.198 14.032
0.201 14.242
0.204 14.451
0.207 14.661
0.210 14.870
0.213 15.080
0.216 15.289
0.219 15.499
0.222 15.708
0.225 15.917
0.228 16.127
0.231 16.336
0.234 16.546
0.237 16.755
0.240 16.965
0.243 17.174
0.246 17.383
0.249 17.593
0.252 17.802
0.255 18.012
0.258 18.221
0.261 18.431
0.264 18.640
0.267 18.850
0.270 19.059
0.273 19.268
0.276 19.478
0.279 19.687
0.282 19.897
0.285 20.106
0.288 20.316
0.291 20.525
0.294 20.735
0.297 20.944