0.00000 0.0020943951023931952
0.00300 0.0041887902047863905
0.00600 0.006283185307179587
0.00900 0.008377580409572781
0.01200 0.010471975511965976
0.01500 0.012566370614359173
0.01800 0.014660765716752368
0.02100 0.016755160819145562
0.02400 0.01884955592153876
0.02700 0.020943951023931952
0.03000 0.02303834612632515
0.03300 0.025132741228718346
0.03600 0.02722713633111154
0.03900 0.029321531433504737
0.04200 0.03141592653589793
0.04500 0.033510321638291124
0.04800 0.03560471674068432
0.05100 0.03769911184307752
0.05400 0.039793506945470715
0.05700 0.041887902047863905
0.06000 0.0439822971502571
0.06300 0.0460766922526503
0.06600 0.048171087355043496
0.06900 0.05026548245743669
0.07200 0.05235987755982988
0.07500 0.05445427266222308
0.07800 0.05654866776461628
0.08100 0.058643062867009474
0.08400 0.06073745796940267
0.08700 0.06283185307179585
0.09000 0.06492624817418906
0.09300 0.06702064327658225
0.09600 0.06911503837897545
0.09900 0.07120943348136864
0.10200 0.07330382858376183
0.10500 0.07539822368615504
0.10800 0.07749261878854823
0.11100 0.07958701389094143
0.11400 0.08168140899333462
0.11700 0.08377580409572781
0.12000 0.08587019919812101
0.12300 0.0879645943005142
0.12600 0.09005898940290741
0.12900 0.0921533845053006
0.13200 0.0942477796076938
0.13500 0.09634217471008699
0.13800 0.0984365698124802
0.14100 0.10053096491487339
0.14400 0.10262536001726656
0.14700 0.10471975511965977
0.15000 0.10681415022205296
0.15300 0.10890854532444616
0.15600 0.11100294042683935
0.15900 0.11309733552923255
0.16200 0.11519173063162576
0.16500 0.11728612573401895
0.16800 0.11938052083641215
0.17100 0.12147491593880534
0.17400 0.12356931104119852
0.17700 0.1256637061435917
0.18000 0.1277581012459849
0.18300 0.12985249634837812
0.18600 0.13194689145077132
0.18900 0.1340412865531645
0.19200 0.1361356816555577
0.19500 0.1382300767579509
0.19800 0.1403244718603441
0.20100 0.14241886696273728
0.20400 0.1445132620651305
0.20700 0.14660765716752366
0.21000 0.14870205226991687
0.21300 0.15079644737231007
0.21600 0.15289084247470328
0.21900 0.15498523757709645
0.22200 0.15707963267948966
0.22500 0.15917402778188286
0.22800 0.16126842288427606
0.23100 0.16336281798666924
0.23400 0.16545721308906244
0.23700 0.16755160819145562
0.24000 0.16964600329384882
0.24300 0.17174039839624203
0.24600 0.1738347934986352
0.24900 0.1759291886010284
0.25200 0.1780235837034216
0.25500 0.18011797880581482
0.25800 0.182212373908208
0.26100 0.1843067690106012
0.26400 0.1864011641129944
0.26700 0.1884955592153876
0.27000 0.19058995431778078
0.27300 0.19268434942017398
0.27600 0.1947787445225672
0.27900 0.1968731396249604
0.28200 0.1989675347273536
0.28500 0.20106192982974677
0.28800 0.20315632493213995
0.29100 0.20525072003453312
0.29400 0.20734511513692633
0.29700 0.20943951023931953
0.30000 0.21153390534171274
0.30300 0.2136283004441059
0.30600 0.21572269554649912
0.30900 0.21781709064889232
0.31200 0.21991148575128552
0.31500 0.2220058808536787
0.31800 0.2241002759560719
0.32100 0.2261946710584651
0.32400 0.2282890661608583
0.32700 0.23038346126325152
0.33000 0.2324778563656447
0.33300 0.2345722514680379
0.33600 0.2366666465704311
0.33900 0.2387610416728243
0.34200 0.24085543677521748
0.34500 0.24294983187761068
0.34800 0.2450442269800039
0.35100 0.24713862208239704
0.35400 0.24923301718479024
0.35700 0.2513274122871834
0.36000 0.25342180738957665
0.36300 0.2555162024919698
0.36600 0.257610597594363
0.36900 0.25970499269675623
0.37200 0.2617993877991494
0.37500 0.26389378290154264
0.37800 0.2659881780039358
0.38100 0.268082573106329
0.38400 0.2701769682087222
0.38700 0.2722713633111154
0.39000 0.27436575841350863
0.39300 0.2764601535159018
0.39600 0.278554548618295
0.39900 0.2806489437206882
0.40200 0.2827433388230814
0.40500 0.28483773392547457
0.40800 0.2869321290278678
0.41100 0.289026524130261
0.41400 0.29112091923265415
0.41700 0.29321531433504733
0.42000 0.29530970943744056
0.42300 0.29740410453983374
0.42600 0.2994984996422269
0.42900 0.30159289474462014
0.43200 0.3036872898470133
0.43500 0.30578168494940655
0.43800 0.3078760800517997
0.44100 0.3099704751541929
0.44400 0.31206487025658614
0.44700 0.3141592653589793
0.45000 0.3162536604613725
0.45300 0.3183480555637657
0.45600 0.3204424506661589
0.45900 0.3225368457685521
0.46200 0.3246312408709453
0.46500 0.3267256359733385
0.46800 0.3288200310757317
0.47100 0.3309144261781249
0.47400 0.33300882128051806
0.47700 0.33510321638291124
0.48000 0.33719761148530447
0.48300 0.33929200658769765
0.48600 0.3413864016900908
0.48900 0.34348079679248406
0.49200 0.34557519189487723
0.49500 0.3476695869972704
0.49800 0.34976398209966364
0.50100 0.3518583772020568
0.50400 0.35395277230445005
0.50700 0.3560471674068432
0.51000 0.3581415625092364
0.51300 0.36023595761162963
0.51600 0.3623303527140228
0.51900 0.364424747816416
0.52200 0.3665191429188092
0.52500 0.3686135380212024
0.52800 0.3707079331235956
0.53100 0.3728023282259888
0.53400 0.374896723328382
0.53700 0.3769911184307752
0.54000 0.3790855135331684
0.54300 0.38117990863556156
0.54600 0.3832743037379548
0.54900 0.38536869884034797
0.55200 0.3874630939427412
0.55500 0.3895574890451344
0.55800 0.39165188414752755
0.56100 0.3937462792499208
0.56400 0.39584067435231396
0.56700 0.3979350694547072
0.57000 0.40002946455710037
0.57300 0.40212385965949354
0.57600 0.40421825476188666
0.57900 0.4063126498642799
0.58200 0.40840704496667307
0.58500 0.41050144006906625
0.58800 0.4125958351714595
0.59100 0.41469023027385266
0.59400 0.4167846253762459
0.59700 0.41887902047863906
0.60000 0.42097341558103224
0.60300 0.42306781068342547
0.60600 0.42516220578581865
0.60900 0.4272566008882118
0.61200 0.42935099599060506
0.61500 0.43144539109299823
0.61800 0.43353978619539146
0.62100 0.43563418129778464
0.62400 0.4377285764001778
0.62700 0.43982297150257105
0.63000 0.4419173666049642
0.63300 0.4440117617073574
0.63600 0.44610615680975063
0.63900 0.4482005519121438
0.64200 0.45029494701453704
0.64500 0.4523893421169302
0.64800 0.4544837372193234
0.65100 0.4565781323217166
0.65400 0.4586725274241098
0.65700 0.46076692252650303
0.66000 0.4628613176288962
0.66300 0.4649557127312894
0.66600 0.4670501078336826
0.66900 0.4691445029360758
0.67200 0.47123889803846897
0.67500 0.4733332931408622
0.67800 0.4754276882432554
0.68100 0.4775220833456486
0.68400 0.4796164784480418
0.68700 0.48171087355043496
0.69000 0.4838052686528282
0.69300 0.48589966375522137
0.69600 0.48799405885761454
0.69900 0.4900884539600078
0.70200 0.4921828490624009
0.70500 0.49427724416479407
0.70800 0.4963716392671873
0.71100 0.4984660343695805
0.71400 0.5005604294719737
0.71700 0.5026548245743668
0.72000 0.5047492196767601
0.72300 0.5068436147791533
0.72600 0.5089380098815465
0.72900 0.5110324049839396
0.73200 0.5131268000863328
0.73500 0.515221195188726
0.73800 0.5173155902911193
0.74100 0.5194099853935125
0.74400 0.5215043804959056
0.74700 0.5235987755982988
0.75000 0.525693170700692
0.75300 0.5277875658030853
0.75600 0.5298819609054785
0.75900 0.5319763560078716
0.76200 0.5340707511102648
0.76500 0.536165146212658
0.76800 0.5382595413150513
0.77100 0.5403539364174444
0.77400 0.5424483315198376
0.77700 0.5445427266222308
0.78000 0.546637121724624
0.78300 0.5487315168270173
0.78600 0.5508259119294104
0.78900 0.5529203070318036
0.79200 0.5550147021341968
0.79500 0.55710909723659
0.79800 0.5592034923389831
0.80100 0.5612978874413764
0.80400 0.5633922825437696
0.80700 0.5654866776461628
0.81000 0.567581072748556
0.81300 0.5696754678509491
0.81600 0.5717698629533424
0.81900 0.5738642580557356
0.82200 0.5759586531581288
0.82500 0.578053048260522
0.82800 0.5801474433629151
0.83100 0.5822418384653083
0.83400 0.5843362335677015
0.83700 0.5864306286700947
0.84000 0.5885250237724878
0.84300 0.5906194188748811
0.84600 0.5927138139772743
0.84900 0.5948082090796675
0.85200 0.5969026041820606
0.85500 0.5989969992844538
0.85800 0.6010913943868471
0.86100 0.6031857894892403
0.86400 0.6052801845916335
0.86700 0.6073745796940266
0.87000 0.6094689747964198
0.87300 0.6115633698988131
0.87600 0.6136577650012063
0.87900 0.6157521601035995
0.88200 0.6178465552059926
0.88500 0.6199409503083858
0.88800 0.622035345410779
0.89100 0.6241297405131723
0.89400 0.6262241356155654
0.89700 0.6283185307179586
0.90000 0.6304129258203518
0.90300 0.632507320922745
0.90600 0.6346017160251383
0.90900 0.6366961111275314
0.91200 0.6387905062299246
0.91500 0.6408849013323178
0.91800 0.642979296434711
0.92100 0.6450736915371043
0.92400 0.6471680866394974
0.92700 0.6492624817418906
0.93000 0.6513568768442838
0.93300 0.653451271946677
0.93600 0.6555456670490702
0.93900 0.6576400621514634
0.94200 0.6597344572538566
0.94500 0.6618288523562498
0.94800 0.663923247458643
0.95100 0.6660176425610361
0.95400 0.6681120376634294
0.95700 0.6702064327658225
0.96000 0.6723008278682157
0.96300 0.6743952229706089
0.96600 0.6764896180730021
0.96900 0.6785840131753953
0.97200 0.6806784082777885
0.97500 0.6827728033801816
0.97800 0.6848671984825748
0.98100 0.6869615935849681
0.98400 0.6890559886873613
0.98700 0.6911503837897545
0.99000 0.6932447788921476
0.99300 0.6953391739945408
0.99600 0.6974335690969341
0.99900 0.6995279641993273
1.00200 0.7016223593017206
1.00500 0.7037167544041136
1.00800 0.7058111495065069
1.01100 0.7079055446089001
1.01400 0.7099999397112933
1.01700 0.7120943348136864
1.02000 0.7141887299160797
1.02300 0.7162831250184728
1.02600 0.718377520120866
1.02900 0.7204719152232593
1.03200 0.7225663103256523
1.03500 0.7246607054280456
1.03800 0.7267551005304388
1.04100 0.728849495632832
1.04400 0.7309438907352251
1.04700 0.7330382858376184
1.05000 0.7351326809400115
1.05300 0.7372270760424048
1.05600 0.739321471144798
1.05900 0.7414158662471912
1.06200 0.7435102613495843
1.06500 0.7456046564519776
1.06800 0.7476990515543707
1.07100 0.749793446656764
1.07400 0.7518878417591571
1.07700 0.7539822368615504
1.08000 0.7560766319639435
1.08300 0.7581710270663368
1.08600 0.7602654221687299
1.08900 0.7623598172711231
1.09200 0.7644542123735163
1.09500 0.7665486074759096
1.09800 0.7686430025783026
1.10100 0.7707373976806959
1.10400 0.7728317927830891
1.10700 0.7749261878854824
1.11000 0.7770205829878755
1.11300 0.7791149780902688
1.11600 0.7812093731926618
1.11900 0.7833037682950551
1.12200 0.7853981633974483
1.12500 0.7874925584998416
1.12800 0.7895869536022346
1.13100 0.7916813487046279
1.13400 0.7937757438070211
1.13700 0.7958701389094144
1.14000 0.7979645340118074
1.14300 0.8000589291142007
1.14600 0.8021533242165938
1.14900 0.8042477193189871
1.15200 0.8063421144213803
1.15500 0.8084365095237733
1.15800 0.8105309046261666
1.16100 0.8126252997285598
1.16400 0.8147196948309531
1.16700 0.8168140899333461
1.17000 0.8189084850357394
1.17300 0.8210028801381325
1.17600 0.8230972752405258
1.17900 0.825191670342919
1.18200 0.8272860654453122
1.18500 0.8293804605477053
1.18800 0.8314748556500986
1.19100 0.8335692507524918
1.19400 0.835663645854885
1.19700 0.8377580409572781
1.20000 0.8398524360596714
1.20300 0.8419468311620645
1.20600 0.8440412262644578
1.20900 0.8461356213668509
1.21200 0.8482300164692442
1.21500 0.8503244115716373
1.21800 0.8524188066740306
1.22100 0.8545132017764236
1.22400 0.8566075968788169
1.22700 0.8587019919812101
1.23000 0.8607963870836034
1.23300 0.8628907821859965
1.23600 0.8649851772883898
1.23900 0.8670795723907829
1.24200 0.8691739674931761
1.24500 0.8712683625955693
1.24800 0.8733627576979626
1.25100 0.8754571528003556
1.25400 0.8775515479027489
1.25700 0.8796459430051421
1.26000 0.8817403381075354
1.26300 0.8838347332099284
1.26600 0.8859291283123217
1.26900 0.8880235234147148
1.27200 0.8901179185171081
1.27500 0.8922123136195013
1.27800 0.8943067087218943
1.28100 0.8964011038242876
1.28400 0.8984954989266808
1.28700 0.9005898940290741
1.29000 0.9026842891314671
1.29300 0.9047786842338604
1.29600 0.9068730793362535
1.29900 0.9089674744386468
1.30200 0.91106186954104
1.30500 0.9131562646434332
1.30800 0.9152506597458263
1.31100 0.9173450548482196
1.31400 0.9194394499506128
1.31700 0.9215338450530061
1.32000 0.9236282401553991
1.32300 0.9257226352577924
1.32600 0.9278170303601855
1.32900 0.9299114254625788
1.33200 0.9320058205649719
1.33500 0.9341002156673652
1.33800 0.9361946107697583
1.34100 0.9382890058721516
1.34400 0.9403834009745448
1.34700 0.9424777960769379
1.35000 0.9445721911793311
1.35300 0.9466665862817244
1.35600 0.9487609813841175
1.35900 0.9508553764865108
1.36200 0.9529497715889039
1.36500 0.9550441666912972
1.36800 0.9571385617936903
1.37100 0.9592329568960836
1.37400 0.9613273519984766
1.37700 0.9634217471008699
1.38000 0.9655161422032631
1.38300 0.9676105373056564
1.38600 0.9697049324080494
1.38900 0.9717993275104427
1.39200 0.9738937226128359
1.39500 0.9759881177152291
1.39800 0.9780825128176223
1.40100 0.9801769079200155
1.40400 0.9822713030224086
1.40700 0.9843656981248018
1.41000 0.9864600932271951
1.41300 0.9885544883295881
1.41600 0.9906488834319814
1.41900 0.9927432785343746
1.42200 0.9948376736367678
1.42500 0.996932068739161
1.42800 0.9990264638415542
1.43100 1.0011208589439473
1.43400 1.0032152540463406
1.43700 1.0053096491487337
1.44000 1.007404044251127
1.44300 1.0094984393535202
1.44600 1.0115928344559133
1.44900 1.0136872295583066
1.45200 1.0157816246606999
1.45500 1.017876019763093
1.45800 1.0199704148654862
1.46100 1.0220648099678793
1.46400 1.0241592050702726
1.46700 1.0262536001726656
1.47000 1.028347995275059
1.47300 1.030442390377452
1.47600 1.0325367854798453
1.47900 1.0346311805822386
1.48200 1.0367255756846319
1.48500 1.038819970787025
1.48800 1.0409143658894182
1.49100 1.0430087609918113
1.49400 1.0451031560942046
1.49700 1.0471975511965976
1.50000 1.049291946298991
1.50300 1.051386341401384
1.50600 1.0534807365037773
1.50900 1.0555751316061706
1.51200 1.0576695267085638
1.51500 1.059763921810957
1.51800 1.0618583169133502
1.52100 1.0639527120157433
1.52400 1.0660471071181365
1.52700 1.0681415022205296
1.53000 1.070235897322923
1.53300 1.072330292425316
1.53600 1.0744246875277093
1.53900 1.0765190826301025
1.54200 1.0786134777324956
1.54500 1.080707872834889
1.54800 1.082802267937282
1.55100 1.0848966630396752
1.55400 1.0869910581420683
1.55700 1.0890854532444616
1.56000 1.0911798483468547
1.56300 1.093274243449248
1.56600 1.0953686385516412
1.56900 1.0974630336540345
1.57200 1.0995574287564276
1.57500 1.1016518238588209
1.57800 1.103746218961214
1.58100 1.1058406140636072
1.58400 1.1079350091660003
1.58700 1.1100294042683936
1.59000 1.1121237993707866
1.59300 1.11421819447318
1.59600 1.1163125895755732
1.59900 1.1184069846779663
1.60200 1.1205013797803596
1.60500 1.1225957748827529
1.60800 1.124690169985146
1.61100 1.1267845650875392
1.61400 1.1288789601899323
1.61700 1.1309733552923256
1.62000 1.1330677503947186
1.62300 1.135162145497112
1.62600 1.137256540599505
1.62900 1.1393509357018983
1.63200 1.1414453308042916
1.63500 1.1435397259066848
1.63800 1.145634121009078
1.64100 1.1477285161114712
1.64400 1.1498229112138643
1.64700 1.1519173063162575
1.65000 1.1540117014186506
1.65300 1.156106096521044
1.65600 1.158200491623437
1.65900 1.1602948867258303
1.66200 1.1623892818282235
1.66500 1.1644836769306166
1.66800 1.16657807203301
1.67100 1.168672467135403
1.67400 1.1707668622377962
1.67700 1.1728612573401893
1.68000 1.1749556524425826
1.68300 1.1770500475449757
1.68600 1.179144442647369
1.68900 1.1812388377497622
1.69200 1.1833332328521555
1.69500 1.1854276279545486
1.69800 1.1875220230569419
1.70100 1.189616418159335
1.70400 1.1917108132617282
1.70700 1.1938052083641213
1.71000 1.1958996034665146
1.71300 1.1979939985689076
1.71600 1.200088393671301
1.71900 1.2021827887736942
1.72200 1.2042771838760875
1.72500 1.2063715789784806
1.72800 1.2084659740808739
1.73100 1.210560369183267
1.73400 1.2126547642856602
1.73700 1.2147491593880533
1.74000 1.2168435544904466
1.74300 1.2189379495928396
1.74600 1.221032344695233
1.74900 1.2231267397976262
1.75200 1.2252211349000193
1.75500 1.2273155300024126
1.75800 1.2294099251048058
1.76100 1.231504320207199
1.76400 1.2335987153095922
1.76700 1.2356931104119853
1.77000 1.2377875055143785
1.77300 1.2398819006167716
1.77600 1.241976295719165
1.77900 1.244070690821558
1.78200 1.2461650859239513
1.78500 1.2482594810263445
1.78800 1.2503538761287378
1.79100 1.252448271231131
1.79400 1.254542666333524
1.79700 1.2566370614359172
1.80000 1.2587314565383103
1.80300 1.2608258516407036
1.80600 1.2629202467430967
1.80900 1.26501464184549
1.81200 1.2671090369478832
1.81500 1.2692034320502765
1.81800 1.2712978271526696
1.82100 1.2733922222550629
1.82400 1.275486617357456
1.82700 1.2775810124598492
1.83000 1.2796754075622423
1.83300 1.2817698026646356
1.83600 1.2838641977670286
1.83900 1.285958592869422
1.84200 1.2880529879718152
1.84500 1.2901473830742085
1.84800 1.2922417781766016
1.85100 1.2943361732789949
1.85400 1.296430568381388
1.85700 1.2985249634837812
1.86000 1.3006193585861743
1.86300 1.3027137536885676
1.86600 1.3048081487909606
1.86900 1.306902543893354
1.87200 1.3089969389957472
1.87500 1.3110913340981405
1.87800 1.3131857292005336
1.88100 1.3152801243029268
1.88400 1.31737451940532
1.88700 1.3194689145077132
1.89000 1.3215633096101063
1.89300 1.3236577047124995
1.89600 1.3257520998148926
1.89900 1.327846494917286
1.90200 1.3299408900196792
1.90500 1.3320352851220723
1.90800 1.3341296802244655
1.91100 1.3362240753268588
1.91400 1.338318470429252
1.91700 1.340412865531645
1.92000 1.3425072606340382
1.92300 1.3446016557364313
1.92600 1.3466960508388246
1.92900 1.3487904459412179
1.93200 1.350884841043611
1.93500 1.3529792361460042
1.93800 1.3550736312483975
1.94100 1.3571680263507906
1.94400 1.3592624214531839
1.94700 1.361356816555577
1.95000 1.3634512116579702
1.95300 1.3655456067603633
1.95600 1.3676400018627566
1.95900 1.3697343969651496
1.96200 1.371828792067543
1.96500 1.3739231871699362
1.96800 1.3760175822723295
1.97100 1.3781119773747226
1.97400 1.3802063724771159
1.97700 1.382300767579509
1.98000 1.3843951626819022
1.98300 1.3864895577842953
1.98600 1.3885839528866886
1.98900 1.3906783479890816
1.99200 1.392772743091475
1.99500 1.3948671381938682
1.99800 1.3969615332962613
2.00100 1.3990559283986546
2.00400 1.4011503235010478
2.00700 1.4032447186034411
2.01000 1.405339113705834
2.01300 1.4074335088082273
2.01600 1.4095279039106205
2.01900 1.4116222990130138
2.02200 1.413716694115407
2.02500 1.4158110892178002
2.02800 1.4179054843201933
2.03100 1.4199998794225865
2.03400 1.4220942745249796
2.03700 1.424188669627373
2.04000 1.4262830647297662
2.04300 1.4283774598321595
2.04600 1.4304718549345523
2.04900 1.4325662500369456
2.05200 1.4346606451393389
2.05500 1.436755040241732
2.05800 1.4388494353441252
2.06100 1.4409438304465185
2.06400 1.4430382255489118
2.06700 1.4451326206513047
2.07000 1.447227015753698
2.07300 1.4493214108560912
2.07600 1.4514158059584845
2.07900 1.4535102010608776
2.08200 1.4556045961632709
2.08500 1.457698991265664
2.08800 1.4597933863680572
2.09100 1.4618877814704503
2.09400 1.4639821765728436
2.09700 1.4660765716752369
2.10000 1.4681709667776301
2.10300 1.470265361880023
2.10600 1.4723597569824163
2.10900 1.4744541520848096
2.11200 1.4765485471872029
2.11500 1.478642942289596
2.11800 1.4807373373919892
2.12100 1.4828317324943825
2.12400 1.4849261275967758
2.12700 1.4870205226991686
2.13000 1.489114917801562
2.13300 1.4912093129039552
2.13600 1.4933037080063485
2.13900 1.4953981031087413
2.14200 1.4974924982111346
2.14500 1.499586893313528
2.14800 1.5016812884159212
2.15100 1.5037756835183143
2.15400 1.5058700786207075
2.15700 1.5079644737231008
2.16000 1.5100588688254941
2.16300 1.512153263927887
2.16600 1.5142476590302802
2.16900 1.5163420541326735
2.17200 1.5184364492350668
2.17500 1.5205308443374599
2.17800 1.5226252394398532
2.18100 1.5247196345422462
2.18400 1.5268140296446393
2.18700 1.5289084247470326
2.19000 1.5310028198494259
2.19300 1.5330972149518192
2.19600 1.535191610054212
2.19900 1.5372860051566053
2.20200 1.5393804002589986
2.20500 1.5414747953613919
2.20800 1.543569190463785
2.21100 1.5456635855661782
2.21400 1.5477579806685715
2.21700 1.5498523757709648
2.22000 1.5519467708733576
2.22300 1.554041165975751
2.22600 1.5561355610781442
2.22900 1.5582299561805375
2.23200 1.5603243512829306
2.23500 1.5624187463853236
2.23800 1.564513141487717
2.24100 1.5666075365901102
2.24400 1.5687019316925033
2.24700 1.5707963267948966
2.25000 1.5728907218972898
2.25300 1.5749851169996831
2.25600 1.577079512102076
2.25900 1.5791739072044693
2.26200 1.5812683023068625
2.26500 1.5833626974092558
2.26800 1.585457092511649
2.27100 1.5875514876140422
2.27400 1.5896458827164355
2.27700 1.5917402778188288
2.28000 1.5938346729212216
2.28300 1.595929068023615
2.28600 1.5980234631260082
2.28900 1.6001178582284015
2.29200 1.6022122533307943
2.29500 1.6043066484331876
2.29800 1.6064010435355809
2.30100 1.6084954386379742
2.30400 1.6105898337403672
2.30700 1.6126842288427605
2.31000 1.6147786239451538
2.31300 1.6168730190475467
2.31600 1.61896741414994
2.31900 1.6210618092523332
2.32200 1.6231562043547265
2.32500 1.6252505994571196
2.32800 1.6273449945595129
2.33100 1.6294393896619062
2.33400 1.6315337847642992
2.33700 1.6336281798666923
2.34000 1.6357225749690856
2.34300 1.6378169700714789
2.34600 1.6399113651738721
2.34900 1.642005760276265
2.35200 1.6441001553786583
2.35500 1.6461945504810516
2.35800 1.6482889455834449
2.36100 1.650383340685838
2.36400 1.6524777357882312
2.36700 1.6545721308906245
2.37000 1.6566665259930178
2.37300 1.6587609210954106
2.37600 1.660855316197804
2.37900 1.6629497113001972
2.38200 1.6650441064025905
2.38500 1.6671385015049835
2.38800 1.6692328966073766
2.39100 1.67132729170977
2.39400 1.6734216868121632
2.39700 1.6755160819145563
2.40000 1.6776104770169495
2.40300 1.6797048721193428
2.40600 1.6817992672217361
2.40900 1.683893662324129
2.41200 1.6859880574265222
2.41500 1.6880824525289155
2.41800 1.6901768476313088
2.42100 1.6922712427337019
2.42400 1.6943656378360952
2.42700 1.6964600329384885
2.43000 1.6985544280408813
2.43300 1.7006488231432746
2.43600 1.7027432182456679
2.43900 1.7048376133480612
2.44200 1.706932008450454
2.44500 1.7090264035528473
2.44800 1.7111207986552406
2.45100 1.7132151937576339
2.45400 1.715309588860027
2.45700 1.7174039839624202
2.46000 1.7194983790648135
2.46300 1.7215927741672068
2.46600 1.7236871692695996
2.46900 1.725781564371993
2.47200 1.7278759594743862
2.47500 1.7299703545767795
2.47800 1.7320647496791726
2.48100 1.7341591447815659
2.48400 1.7362535398839591
2.48700 1.7383479349863522
2.49000 1.7404423300887453
2.49300 1.7425367251911386
2.49600 1.7446311202935318
2.49900 1.7467255153959251
2.50200 1.748819910498318
2.50500 1.7509143056007113
2.50800 1.7530087007031045
2.51100 1.7551030958054978
2.51400 1.757197490907891
2.51700 1.7592918860102842
2.52000 1.7613862811126775
2.52300 1.7634806762150708
2.52600 1.7655750713174636
2.52900 1.767669466419857
2.53200 1.7697638615222502
2.53500 1.7718582566246435
2.53800 1.7739526517270365
2.54100 1.7760470468294296
2.54400 1.7781414419318229
2.54700 1.7802358370342162
2.55000 1.7823302321366092
2.55300 1.7844246272390025
2.55600 1.7865190223413958
2.55900 1.7886134174437887
2.56200 1.790707812546182
2.56500 1.7928022076485752
2.56800 1.7948966027509685
2.57100 1.7969909978533616
2.57400 1.7990853929557549
2.57700 1.8011797880581482
2.58000 1.8032741831605414
2.58300 1.8053685782629343
2.58600 1.8074629733653276
2.58900 1.8095573684677209
2.59200 1.8116517635701141
2.59500 1.813746158672507
2.59800 1.8158405537749003
2.60100 1.8179349488772936
2.60400 1.8200293439796869
2.60700 1.82212373908208
2.61000 1.8242181341844732
2.61300 1.8263125292868665
2.61600 1.8284069243892598
2.61900 1.8305013194916526
2.62200 1.832595714594046
2.62500 1.8346901096964392
2.62800 1.8367845047988325
2.63100 1.8388788999012255
2.63400 1.8409732950036188
2.63700 1.8430676901060121
2.64000 1.8451620852084052
2.64300 1.8472564803107983
2.64600 1.8493508754131915
2.64900 1.8514452705155848
2.65200 1.8535396656179781
2.65500 1.855634060720371
2.65800 1.8577284558227642
2.66100 1.8598228509251575
2.66400 1.8619172460275508
2.66700 1.8640116411299439
2.67000 1.8661060362323372
2.67300 1.8682004313347305
2.67600 1.8702948264371237
2.67900 1.8723892215395166
2.68200 1.8744836166419099
2.68500 1.8765780117443032
2.68800 1.8786724068466962
2.69100 1.8807668019490895
2.69400 1.8828611970514826
2.69700 1.8849555921538759
2.70000 1.887049987256269
2.70300 1.8891443823586622
2.70600 1.8912387774610555
2.70900 1.8933331725634488
2.71200 1.8954275676658416
2.71500 1.897521962768235
2.71800 1.8996163578706282
2.72100 1.9017107529730215
2.72400 1.9038051480754146
2.72700 1.9058995431778079
2.73000 1.9079939382802011
2.73300 1.9100883333825944
2.73600 1.9121827284849873
2.73900 1.9142771235873806
2.74200 1.9163715186897738
2.74500 1.9184659137921671
2.74800 1.92056030889456
2.75100 1.9226547039969533
2.75400 1.9247490990993465
2.75700 1.9268434942017398
2.76000 1.928937889304133
2.76300 1.9310322844065262
2.76600 1.9331266795089195
2.76900 1.9352210746113128
2.77200 1.9373154697137056
2.77500 1.939409864816099
2.77800 1.9415042599184922
2.78100 1.9435986550208855
2.78400 1.9456930501232785
2.78700 1.9477874452256718
2.79000 1.949881840328065
2.79300 1.9519762354304582
2.79600 1.9540706305328512
2.79900 1.9561650256352445
2.80200 1.9582594207376378
2.80500 1.960353815840031
2.80800 1.962448210942424
2.81100 1.9645426060448172
2.81400 1.9666370011472105
2.81700 1.9687313962496036
2.82000 1.9708257913519969
2.82300 1.9729201864543902
2.82600 1.9750145815567834
2.82900 1.9771089766591763
2.83200 1.9792033717615696
2.83500 1.9812977668639629
2.83800 1.9833921619663561
2.84100 1.9854865570687492
2.84400 1.9875809521711425
2.84700 1.9896753472735356
2.85000 1.9917697423759289
2.85300 1.993864137478322
2.85600 1.9959585325807152
2.85900 1.9980529276831085
2.86200 2.0001473227855016
2.86500 2.0022417178878946
2.86800 2.004336112990288
2.87100 2.006430508092681
2.87400 2.0085249031950747
2.87700 2.0106192982974673
2.88000 2.012713693399861
2.88300 2.014808088502254
2.88600 2.0169024836046474
2.88900 2.0189968787070405
2.89200 2.0210912738094335
2.89500 2.0231856689118266
2.89800 2.02528006401422
2.90100 2.027374459116613
2.90400 2.0294688542190062
2.90700 2.0315632493213998
2.91000 2.033657644423793
2.91300 2.035752039526186
2.91600 2.037846434628579
2.91900 2.0399408297309725
2.92200 2.0420352248333655
2.92500 2.0441296199357586
2.92800 2.046224015038152
2.93100 2.048318410140545
2.93400 2.0504128052429387
2.93700 2.0525072003453313
2.94000 2.054601595447725
2.94300 2.056695990550118
2.94600 2.058790385652511
2.94900 2.060884780754904
2.95200 2.0629791758572975
2.95500 2.0650735709596906
2.95800 2.0671679660620836
2.96100 2.069262361164477
2.96400 2.07135675626687
2.96700 2.0734511513692637
2.97000 2.0755455464716563
2.97300 2.07763994157405
2.97600 2.079734336676443
2.97900 2.0818287317788364
2.98200 2.0839231268812295
2.98500 2.0860175219836226
2.98800 2.088111917086016
2.99100 2.090206312188409
2.99400 2.092300707290802
2.99700 2.0943951023931953