0.000 0.070
0.001 0.140
0.002 0.209
0.003 0.279
0.004 0.349
0.005 0.419
0.006 0.489
0.007 0.559
0.008 0.628
0.009 0.698
0.010 0.768
0.011 0.838
0.012 0.908
0.013 0.977
0.014 1.047
0.015 1.117
0.016 1.187
0.017 1.257
0.018 1.326
0.019 1.396
0.020 1.466
0.021 1.536
0.022 1.606
0.023 1.676
0.024 1.745
0.025 1.815
0.026 1.885
0.027 1.955
0.028 2.025
0.029 2.094
0.030 2.164
0.031 2.234
0.032 2.304
0.033 2.374
0.034 2.443
0.035 2.513
0.036 2.583
0.037 2.653
0.038 2.723
0.039 2.793
0.040 2.862
0.041 2.932
0.042 3.002
0.043 3.072
0.044 3.142
0.045 3.211
0.046 3.281
0.047 3.351
0.048 3.421
0.049 3.491
0.050 3.560
0.051 3.630
0.052 3.700
0.053 3.770
0.054 3.840
0.055 3.910
0.056 3.979
0.057 4.049
0.058 4.119
0.059 4.189
0.060 4.259
0.061 4.328
0.062 4.398
0.063 4.468
0.064 4.538
0.065 4.608
0.066 4.677
0.067 4.747
0.068 4.817
0.069 4.887
0.070 4.957
0.071 5.027
0.072 5.096
0.073 5.166
0.074 5.236
0.075 5.306
0.076 5.376
0.077 5.445
0.078 5.515
0.079 5.585
0.080 5.655
0.081 5.725
0.082 5.794
0.083 5.864
0.084 5.934
0.085 6.004
0.086 6.074
0.087 6.144
0.088 6.213
0.089 6.283
0.090 6.353
0.091 6.423
0.092 6.493
0.093 6.562
0.094 6.632
0.095 6.702
0.096 6.772
0.097 6.842
0.098 6.912
0.099 6.981
0.100 7.051
0.101 7.121
0.102 7.191
0.103 7.261
0.104 7.330
0.105 7.400
0.106 7.470
0.107 7.540
0.108 7.610
0.109 7.679
0.110 7.749
0.111 7.819
0.112 7.889
0.113 7.959
0.114 8.029
0.115 8.098
0.116 8.168
0.117 8.238
0.118 8.308
0.119 8.378
0.120 8.447
0.121 8.517
0.122 8.587
0.123 8.657
0.124 8.727
0.125 8.796
0.126 8.866
0.127 8.936
0.128 9.006
0.129 9.076
0.130 9.146
0.131 9.215
0.132 9.285
0.133 9.355
0.134 9.425
0.135 9.495
0.136 9.564
0.137 9.634
0.138 9.704
0.139 9.774
0.140 9.844
0.141 9.913
0.142 9.983
0.143 10.053
0.144 10.123
0.145 10.193
0.146 10.263
0.147 10.332
0.148 10.402
0.149 10.472
0.150 10.542
0.151 10.612
0.152 10.681
0.153 10.751
0.154 10.821
0.155 10.891
0.156 10.961
0.157 11.030
0.158 11.100
0.159 11.170
0.160 11.240
0.161 11.310
0.162 11.380
0.163 11.449
0.164 11.519
0.165 11.589
0.166 11.659
0.167 11.729
0.168 11.798
0.169 11.868
0.170 11.938
0.171 12.008
0.172 12.078
0.173 12.147
0.174 12.217
0.175 12.287
0.176 12.357
0.177 12.427
0.178 12.497
0.179 12.566
0.180 12.636
0.181 12.706
0.182 12.776
0.183 12.846
0.184 12.915
0.185 12.985
0.186 13.055
0.187 13.125
0.188 13.195
0.189 13.265
0.190 13.334
0.191 13.404
0.192 13.474
0.193 13.544
0.194 13.614
0.195 13.683
0.196 13.753
0.197 13.823
0.198 13.893
0.199 13.963
0.200 14.032
0.201 14.102
0.202 14.172
0.203 14.242
0.204 14.312
0.205 14.382
0.206 14.451
0.207 14.521
0.208 14.591
0.209 14.661
0.210 14.731
0.211 14.800
0.212 14.870
0.213 14.940
0.214 15.010
0.215 15.080
0.216 15.149
0.217 15.219
0.218 15.289
0.219 15.359
0.220 15.429
0.221 15.499
0.222 15.568
0.223 15.638
0.224 15.708
0.225 15.778
0.226 15.848
0.227 15.917
0.228 15.987
0.229 16.057
0.230 16.127
0.231 16.197
0.232 16.266
0.233 16.336
0.234 16.406
0.235 16.476
0.236 16.546
0.237 16.616
0.238 16.685
0.239 16.755
0.240 16.825
0.241 16.895
0.242 16.965
0.243 17.034
0.244 17.104
0.245 17.174
0.246 17.244
0.247 17.314
0.248 17.383
0.249 17.453
0.250 17.523
0.251 17.593
0.252 17.663
0.253 17.733
0.254 17.802
0.255 17.872
0.256 17.942
0.257 18.012
0.258 18.082
0.259 18.151
0.260 18.221
0.261 18.291
0.262 18.361
0.263 18.431
0.264 18.500
0.265 18.570
0.266 18.640
0.267 18.710
0.268 18.780
0.269 18.850
0.270 18.919
0.271 18.989
0.272 19.059
0.273 19.129
0.274 19.199
0.275 19.268
0.276 19.338
0.277 19.408
0.278 19.478
0.279 19.548
0.280 19.618
0.281 19.687
0.282 19.757
0.283 19.827
0.284 19.897
0.285 19.967
0.286 20.036
0.287 20.106
0.288 20.176
0.289 20.246
0.290 20.316
0.291 20.385
0.292 20.455
0.293 20.525
0.294 20.595
0.295 20.665
0.296 20.735
0.297 20.804
0.298 20.874
0.299 20.944