0.00000 0.0007038992291148819
0.00100 0.0014077984582297638
0.00200 0.0021116976873446457
0.00300 0.0028155969164595277
0.00400 0.0035194961455744097
0.00500 0.004223395374689291
0.00600 0.004927294603804174
0.00700 0.005631193832919055
0.00800 0.006335093062033938
0.00900 0.0070389922911488195
0.01000 0.006993834062033938
0.01100 0.006948675832919056
0.01200 0.006903517603804174
0.01300 0.006858359374689292
0.01400 0.00681320114557441
0.01500 0.006768042916459528
0.01600 0.006722884687344647
0.01700 0.006677726458229764
0.01800 0.006632568229114883
0.01900 0.00658741
0.02000 0.006542252
0.02100 0.006497094
0.02200 0.006451936
0.02300 0.006406778
0.02400 0.00636162
0.02500 0.006316462
0.02600 0.006271304
0.02700 0.006226146
0.02800 0.006180988
0.02900 0.00613583
0.03000 0.005979975
0.03100 0.00582412
0.03200 0.0056682650000000005
0.03300 0.005512410000000001
0.03400 0.005356555000000001
0.03500 0.0052007
0.03600 0.005044845
0.03700 0.00488899
0.03800 0.004733135
0.03900 0.00457728
0.04000 0.004247969
0.04100 0.003918658
0.04200 0.0035893469999999997
0.04300 0.003260036
0.04400 0.002930725
0.04500 0.002601414
0.04600 0.002272103
0.04700 0.0019427919999999998
0.04800 0.0016134809999999995
0.04900 0.0012841699999999998
0.05000 0.00094027
0.05100 0.0005963699999999999
0.05200 0.00025247
0.05300 -9.142999999999998e-05
0.05400 -0.00043532999999999994
0.05500 -0.00077923
0.05600 -0.0011231299999999997
0.05700 -0.0014670299999999998
0.05800 -0.00181093
0.05900 -0.00215483
0.06000 -0.0025270830000000003
0.06100 -0.0028993359999999998
0.06200 -0.0032715889999999997
0.06300 -0.003643842
0.06400 -0.004016095
0.06500 -0.004388348
0.06600 -0.004760601000000001
0.06700 -0.005132854000000001
0.06800 -0.005505107
0.06900 -0.00587736
0.07000 -0.006268145
0.07100 -0.00665893
0.07200 -0.007049715
0.07300 -0.0074405
0.07400 -0.007831284999999999
0.07500 -0.00822207
0.07600 -0.008612854999999999
0.07700 -0.009003639999999999
0.07800 -0.009394425
0.07900 -0.009785209999999999
0.08000 -0.010170338999999999
0.08100 -0.010555468
0.08200 -0.010940597
0.08300 -0.011325726
0.08400 -0.011710855
0.08500 -0.012095983999999999
0.08600 -0.012481112999999999
0.08700 -0.012866242
0.08800 -0.013251370999999998
0.08900 -0.0136365
0.09000 -0.013998439999999997
0.09100 -0.014360379999999997
0.09200 -0.01472232
0.09300 -0.015084259999999999
0.09400 -0.015446199999999998
0.09500 -0.01580814
0.09600 -0.016170079999999996
0.09700 -0.01653202
0.09800 -0.01689396
0.09900 -0.017255899999999998
0.10000 -0.017611889999999998
0.10100 -0.01796788
0.10200 -0.01832387
0.10300 -0.01867986
0.10400 -0.01903585
0.10500 -0.01939184
0.10600 -0.01974783
0.10700 -0.02010382
0.10800 -0.020459810000000002
0.10900 -0.020815800000000002
0.11000 -0.02118756
0.11100 -0.02155932
0.11200 -0.02193108
0.11300 -0.02230284
0.11400 -0.0226746
0.11500 -0.02304636
0.11600 -0.02341812
0.11700 -0.02378988
0.11800 -0.02416164
0.11900 -0.0245334
0.12000 -0.02493049
0.12100 -0.02532758
0.12200 -0.025724669999999998
0.12300 -0.02612176
0.12400 -0.02651885
0.12500 -0.02691594
0.12600 -0.02731303
0.12700 -0.027710119999999998
0.12800 -0.02810721
0.12900 -0.0285043
0.13000 -0.02890127
0.13100 -0.029298239999999996
0.13200 -0.02969521
0.13300 -0.030092179999999996
0.13400 -0.03048915
0.13500 -0.03088612
0.13600 -0.03128309
0.13700 -0.031680059999999996
0.13800 -0.03207702999999999
0.13900 -0.032473999999999996
0.14000 -0.0328404
0.14100 -0.033206799999999995
0.14200 -0.0335732
0.14300 -0.0339396
0.14400 -0.034305999999999996
0.14500 -0.0346724
0.14600 -0.035038799999999995
0.14700 -0.0354052
0.14800 -0.0357716
0.14900 -0.036137999999999997
0.15000 -0.03648393
0.15100 -0.03682986
0.15200 -0.03717579
0.15300 -0.037521719999999995
0.15400 -0.037867649999999996
0.15500 -0.038213580000000004
0.15600 -0.038559510000000005
0.15700 -0.03890544
0.15800 -0.03925137
0.15900 -0.0395973
0.16000 -0.039948710000000005
0.16100 -0.04030012
0.16200 -0.040651530000000005
0.16300 -0.04100294
0.16400 -0.04135435
0.16500 -0.04170576
0.16600 -0.04205717
0.16700 -0.04240858
0.16800 -0.04275999
0.16900 -0.0431114
0.17000 -0.043485819999999994
0.17100 -0.04386024
0.17200 -0.044234659999999995
0.17300 -0.04460908
0.17400 -0.044983499999999996
0.17500 -0.045357919999999996
0.17600 -0.045732339999999996
0.17700 -0.04610676
0.17800 -0.04648118
0.17900 -0.0468556
0.18000 -0.04723607
0.18100 -0.04761654
0.18200 -0.04799701
0.18300 -0.04837748
0.18400 -0.04875795
0.18500 -0.04913842
0.18600 -0.049518889999999996
0.18700 -0.049899360000000004
0.18800 -0.050279830000000005
0.18900 -0.050660300000000005
0.19000 -0.051020710000000004
0.19100 -0.05138112
0.19200 -0.05174153
0.19300 -0.05210194
0.19400 -0.052462350000000005
0.19500 -0.05282276
0.19600 -0.05318317
0.19700 -0.05354358
0.19800 -0.05390399
0.19900 -0.054264400000000004
0.20000 -0.05459184
0.20100 -0.05491928
0.20200 -0.055246720000000006
0.20300 -0.055574160000000004
0.20400 -0.055901599999999996
0.20500 -0.056229039999999994
0.20600 -0.05655648
0.20700 -0.05688392
0.20800 -0.05721136
0.20900 -0.0575388
0.21000 -0.05786424
0.21100 -0.05818968
0.21200 -0.05851512
0.21300 -0.05884056
0.21400 -0.05916600000000001
0.21500 -0.05949144000000001
0.21600 -0.05981688
0.21700 -0.060142320000000006
0.21800 -0.06046776
0.21900 -0.060793200000000006
0.22000 -0.061128020000000005
0.22100 -0.061462840000000005
0.22200 -0.06179766
0.22300 -0.062132480000000004
0.22400 -0.0624673
0.22500 -0.06280212
0.22600 -0.06313694
0.22700 -0.06347176
0.22800 -0.06380658
0.22900 -0.0641414
0.23000 -0.06448264000000001
0.23100 -0.06482388
0.23200 -0.06516511999999999
0.23300 -0.06550636
0.23400 -0.0658476
0.23500 -0.06618884
0.23600 -0.06653008
0.23700 -0.06687132
0.23800 -0.06721256
0.23900 -0.0675538
0.24000 -0.06788630999999999
0.24100 -0.06821882
0.24200 -0.06855133
0.24300 -0.06888384
0.24400 -0.06921635
0.24500 -0.06954886
0.24600 -0.06988137
0.24700 -0.07021387999999999
0.24800 -0.07054639
0.24900 -0.0708789
0.25000 -0.07117376
0.25100 -0.07146862000000001
0.25200 -0.07176348
0.25300 -0.07205834
0.25400 -0.0723532
0.25500 -0.07264806
0.25600 -0.07294292
0.25700 -0.07323778
0.25800 -0.07353264000000001
0.25900 -0.0738275
0.26000 -0.0741122
0.26100 -0.0743969
0.26200 -0.0746816
0.26300 -0.0749663
0.26400 -0.075251
0.26500 -0.07553570000000001
0.26600 -0.0758204
0.26700 -0.07610510000000001
0.26800 -0.0763898
0.26900 -0.0766745
0.27000 -0.07695982
0.27100 -0.07724514
0.27200 -0.07753046
0.27300 -0.07781578
0.27400 -0.0781011
0.27500 -0.07838642
0.27600 -0.07867174
0.27700 -0.07895706
0.27800 -0.07924238
0.27900 -0.0795277
0.28000 -0.07981405999999999
0.28100 -0.08010042
0.28200 -0.08038678
0.28300 -0.08067314
0.28400 -0.0809595
0.28500 -0.08124586
0.28600 -0.08153222
0.28700 -0.08181858
0.28800 -0.08210494
0.28900 -0.0823913
0.29000 -0.08267613
0.29100 -0.08296096
0.29200 -0.08324579
0.29300 -0.08353062
0.29400 -0.08381545
0.29500 -0.08410028
0.29600 -0.08438511000000001
0.29700 -0.08466994
0.29800 -0.08495477
0.29900 -0.0852396
0.30000 -0.08549776
0.30100 -0.08575592000000001
0.30200 -0.08601408
0.30300 -0.08627224
0.30400 -0.08653040000000001
0.30500 -0.08678856
0.30600 -0.08704672
0.30700 -0.08730488
0.30800 -0.08756304000000001
0.30900 -0.0878212
0.31000 -0.08806067
0.31100 -0.08830014
0.31200 -0.08853961
0.31300 -0.08877908
0.31400 -0.08901855
0.31500 -0.08925802000000001
0.31600 -0.08949749
0.31700 -0.08973696
0.31800 -0.08997643000000001
0.31900 -0.0902159
0.32000 -0.09045444
0.32100 -0.09069298
0.32200 -0.09093152
0.32300 -0.09117006
0.32400 -0.09140859999999999
0.32500 -0.09164714
0.32600 -0.09188568
0.32700 -0.09212422
0.32800 -0.09236276
0.32900 -0.0926013
0.33000 -0.09283580999999999
0.33100 -0.09307032
0.33200 -0.09330482999999999
0.33300 -0.09353934
0.33400 -0.09377385
0.33500 -0.09400836
0.33600 -0.09424287
0.33700 -0.09447738
0.33800 -0.09471188999999999
0.33900 -0.0949464
0.34000 -0.0951798
0.34100 -0.0954132
0.34200 -0.0956466
0.34300 -0.09587999999999999
0.34400 -0.09611339999999999
0.34500 -0.0963468
0.34600 -0.0965802
0.34700 -0.0968136
0.34800 -0.097047
0.34900 -0.0972804
0.35000 -0.09750509
0.35100 -0.09772978
0.35200 -0.09795446999999999
0.35300 -0.09817916
0.35400 -0.09840385
0.35500 -0.09862854
0.35600 -0.09885322999999999
0.35700 -0.09907792
0.35800 -0.09930261
0.35900 -0.0995273
0.36000 -0.09973697
0.36100 -0.09994664
0.36200 -0.10015631
0.36300 -0.10036598
0.36400 -0.10057564999999999
0.36500 -0.10078532
0.36600 -0.10099499
0.36700 -0.10120466000000002
0.36800 -0.10141433
0.36900 -0.101624
0.37000 -0.10183170000000001
0.37100 -0.1020394
0.37200 -0.1022471
0.37300 -0.1024548
0.37400 -0.10266250000000002
0.37500 -0.1028702
0.37600 -0.10307789999999999
0.37700 -0.1032856
0.37800 -0.10349330000000001
0.37900 -0.103701
0.38000 -0.1038964
0.38100 -0.1040918
0.38200 -0.1042872
0.38300 -0.10448260000000001
0.38400 -0.10467800000000001
0.38500 -0.1048734
0.38600 -0.1050688
0.38700 -0.1052642
0.38800 -0.10545960000000001
0.38900 -0.10565500000000001
0.39000 -0.1058415
0.39100 -0.10602800000000001
0.39200 -0.10621450000000002
0.39300 -0.10640100000000001
0.39400 -0.10658750000000002
0.39500 -0.106774
0.39600 -0.10696049999999999
0.39700 -0.10714699999999999
0.39800 -0.1073335
0.39900 -0.10751999999999999
0.40000 -0.1077077
0.40100 -0.1078954
0.40200 -0.10808309999999999
0.40300 -0.1082708
0.40400 -0.10845850000000001
0.40500 -0.1086462
0.40600 -0.1088339
0.40700 -0.10902160000000001
0.40800 -0.10920930000000002
0.40900 -0.10939700000000001
0.41000 -0.10959050000000001
0.41100 -0.10978400000000002
0.41200 -0.10997750000000002
0.41300 -0.11017100000000002
0.41400 -0.11036450000000002
0.41500 -0.110558
0.41600 -0.1107515
0.41700 -0.110945
0.41800 -0.1111385
0.41900 -0.11133200000000001
0.42000 -0.111527
0.42100 -0.11172200000000002
0.42200 -0.111917
0.42300 -0.11211200000000002
0.42400 -0.112307
0.42500 -0.11250199999999999
0.42600 -0.112697
0.42700 -0.11289199999999999
0.42800 -0.11308700000000001
0.42900 -0.113282
0.43000 -0.1134706
0.43100 -0.1136592
0.43200 -0.11384779999999999
0.43300 -0.1140364
0.43400 -0.114225
0.43500 -0.1144136
0.43600 -0.11460220000000002
0.43700 -0.1147908
0.43800 -0.1149794
0.43900 -0.115168
0.44000 -0.1153451
0.44100 -0.11552219999999999
0.44200 -0.11569929999999999
0.44300 -0.11587639999999999
0.44400 -0.11605349999999999
0.44500 -0.1162306
0.44600 -0.1164077
0.44700 -0.1165848
0.44800 -0.1167619
0.44900 -0.11693899999999999
0.45000 -0.11711659999999999
0.45100 -0.11729419999999999
0.45200 -0.11747179999999999
0.45300 -0.11764939999999999
0.45400 -0.11782699999999999
0.45500 -0.11800459999999999
0.45600 -0.11818219999999999
0.45700 -0.11835979999999999
0.45800 -0.11853739999999999
0.45900 -0.11871499999999999
0.46000 -0.1189187
0.46100 -0.11912239999999999
0.46200 -0.11932609999999999
0.46300 -0.11952979999999999
0.46400 -0.11973349999999998
0.46500 -0.1199372
0.46600 -0.1201409
0.46700 -0.1203446
0.46800 -0.12054829999999998
0.46900 -0.120752
0.47000 -0.12097469999999999
0.47100 -0.12119739999999998
0.47200 -0.12142009999999999
0.47300 -0.12164279999999998
0.47400 -0.1218655
0.47500 -0.12208820000000001
0.47600 -0.1223109
0.47700 -0.12253359999999999
0.47800 -0.1227563
0.47900 -0.12297899999999999
0.48000 -0.1232056
0.48100 -0.12343219999999999
0.48200 -0.1236588
0.48300 -0.12388539999999999
0.48400 -0.124112
0.48500 -0.12433860000000001
0.48600 -0.1245652
0.48700 -0.12479180000000001
0.48800 -0.1250184
0.48900 -0.125245
0.49000 -0.12548890000000001
0.49100 -0.1257328
0.49200 -0.1259767
0.49300 -0.1262206
0.49400 -0.1264645
0.49500 -0.1267084
0.49600 -0.1269523
0.49700 -0.1271962
0.49800 -0.1274401
0.49900 -0.127684
0.50000 -0.127933
0.50100 -0.128182
0.50200 -0.12843100000000002
0.50300 -0.12868
0.50400 -0.128929
0.50500 -0.129178
0.50600 -0.12942700000000001
0.50700 -0.12967599999999999
0.50800 -0.12992499999999998
0.50900 -0.13017399999999998
0.51000 -0.13044319999999998
0.51100 -0.1307124
0.51200 -0.13098159999999998
0.51300 -0.1312508
0.51400 -0.13152
0.51500 -0.1317892
0.51600 -0.1320584
0.51700 -0.1323276
0.51800 -0.13259680000000001
0.51900 -0.13286599999999998
0.52000 -0.1331716
0.52100 -0.13347720000000002
0.52200 -0.1337828
0.52300 -0.1340884
0.52400 -0.13439399999999999
0.52500 -0.1346996
0.52600 -0.1350052
0.52700 -0.1353108
0.52800 -0.13561640000000003
0.52900 -0.13592200000000002
0.53000 -0.13623100000000002
0.53100 -0.13654000000000002
0.53200 -0.136849
0.53300 -0.137158
0.53400 -0.137467
0.53500 -0.137776
0.53600 -0.138085
0.53700 -0.138394
0.53800 -0.138703
0.53900 -0.139012
0.54000 -0.13932090000000003
0.54100 -0.1396298
0.54200 -0.1399387
0.54300 -0.1402476
0.54400 -0.14055650000000003
0.54500 -0.1408654
0.54600 -0.1411743
0.54700 -0.1414832
0.54800 -0.14179210000000003
0.54900 -0.142101
0.55000 -0.14240970000000003
0.55100 -0.1427184
0.55200 -0.14302710000000002
0.55300 -0.1433358
0.55400 -0.1436445
0.55500 -0.1439532
0.55600 -0.1442619
0.55700 -0.14457060000000002
0.55800 -0.1448793
0.55900 -0.145188
0.56000 -0.1455051
0.56100 -0.1458222
0.56200 -0.1461393
0.56300 -0.1464564
0.56400 -0.1467735
0.56500 -0.14709060000000002
0.56600 -0.1474077
0.56700 -0.1477248
0.56800 -0.1480419
0.56900 -0.148359
0.57000 -0.14871600000000001
0.57100 -0.14907299999999998
0.57200 -0.14943
0.57300 -0.149787
0.57400 -0.150144
0.57500 -0.150501
0.57600 -0.150858
0.57700 -0.15121500000000002
0.57800 -0.15157199999999998
0.57900 -0.151929
0.58000 -0.1522977
0.58100 -0.1526664
0.58200 -0.1530351
0.58300 -0.1534038
0.58400 -0.1537725
0.58500 -0.1541412
0.58600 -0.1545099
0.58700 -0.1548786
0.58800 -0.1552473
0.58900 -0.155616
0.59000 -0.1559759
0.59100 -0.1563358
0.59200 -0.1566957
0.59300 -0.15705560000000002
0.59400 -0.15741549999999999
0.59500 -0.15777539999999998
0.59600 -0.1581353
0.59700 -0.1584952
0.59800 -0.1588551
0.59900 -0.159215
0.60000 -0.1595582
0.60100 -0.1599014
0.60200 -0.16024460000000001
0.60300 -0.1605878
0.60400 -0.160931
0.60500 -0.1612742
0.60600 -0.1616174
0.60700 -0.1619606
0.60800 -0.1623038
0.60900 -0.162647
0.61000 -0.1629902
0.61100 -0.16333340000000002
0.61200 -0.1636766
0.61300 -0.1640198
0.61400 -0.16436299999999998
0.61500 -0.1647062
0.61600 -0.1650494
0.61700 -0.1653926
0.61800 -0.1657358
0.61900 -0.166079
0.62000 -0.16645159999999998
0.62100 -0.1668242
0.62200 -0.1671968
0.62300 -0.1675694
0.62400 -0.16794199999999998
0.62500 -0.1683146
0.62600 -0.1686872
0.62700 -0.1690598
0.62800 -0.16943239999999998
0.62900 -0.169805
0.63000 -0.1702003
0.63100 -0.17059560000000001
0.63200 -0.1709909
0.63300 -0.1713862
0.63400 -0.17178149999999998
0.63500 -0.1721768
0.63600 -0.1725721
0.63700 -0.1729674
0.63800 -0.17336269999999998
0.63900 -0.173758
0.64000 -0.1741478
0.64100 -0.1745376
0.64200 -0.1749274
0.64300 -0.1753172
0.64400 -0.175707
0.64500 -0.1760968
0.64600 -0.1764866
0.64700 -0.1768764
0.64800 -0.17726619999999998
0.64900 -0.17765599999999998
0.65000 -0.1780181
0.65100 -0.1783802
0.65200 -0.1787423
0.65300 -0.1791044
0.65400 -0.1794665
0.65500 -0.1798286
0.65600 -0.18019069999999998
0.65700 -0.1805528
0.65800 -0.1809149
0.65900 -0.181277
0.66000 -0.18163069999999998
0.66100 -0.1819844
0.66200 -0.1823381
0.66300 -0.18269180000000002
0.66400 -0.1830455
0.66500 -0.18339919999999998
0.66600 -0.1837529
0.66700 -0.18410659999999998
0.66800 -0.1844603
0.66900 -0.18481399999999998
0.67000 -0.18518869999999998
0.67100 -0.1855634
0.67200 -0.1859381
0.67300 -0.1863128
0.67400 -0.18668749999999998
0.67500 -0.1870622
0.67600 -0.1874369
0.67700 -0.1878116
0.67800 -0.1881863
0.67900 -0.188561
0.68000 -0.1889754
0.68100 -0.1893898
0.68200 -0.1898042
0.68300 -0.1902186
0.68400 -0.190633
0.68500 -0.1910474
0.68600 -0.1914618
0.68700 -0.1918762
0.68800 -0.1922906
0.68900 -0.192705
0.69000 -0.19312239999999997
0.69100 -0.19353979999999998
0.69200 -0.1939572
0.69300 -0.1943746
0.69400 -0.194792
0.69500 -0.1952094
0.69600 -0.19562680000000002
0.69700 -0.1960442
0.69800 -0.1964616
0.69900 -0.196879
0.70000 -0.1972726
0.70100 -0.19766620000000001
0.70200 -0.1980598
0.70300 -0.1984534
0.70400 -0.198847
0.70500 -0.19924060000000002
0.70600 -0.1996342
0.70700 -0.20002780000000003
0.70800 -0.20042140000000003
0.70900 -0.20081500000000002
0.71000 -0.20119000000000004
0.71100 -0.201565
0.71200 -0.20194
0.71300 -0.20231500000000002
0.71400 -0.20269000000000004
0.71500 -0.203065
0.71600 -0.20344
0.71700 -0.20381500000000002
0.71800 -0.20419
0.71900 -0.20456500000000002
0.72000 -0.20496290000000003
0.72100 -0.2053608
0.72200 -0.20575870000000002
0.72300 -0.2061566
0.72400 -0.20655450000000003
0.72500 -0.20695240000000004
0.72600 -0.20735030000000002
0.72700 -0.20774820000000002
0.72800 -0.2081461
0.72900 -0.208544
0.73000 -0.20905750000000003
0.73100 -0.209571
0.73200 -0.2100845
0.73300 -0.210598
0.73400 -0.21111149999999998
0.73500 -0.211625
0.73600 -0.2121385
0.73700 -0.212652
0.73800 -0.21316549999999998
0.73900 -0.213679
0.74000 -0.2142287
0.74100 -0.2147784
0.74200 -0.21532809999999997
0.74300 -0.21587779999999998
0.74400 -0.2164275
0.74500 -0.2169772
0.74600 -0.21752690000000002
0.74700 -0.21807659999999998
0.74800 -0.2186263
0.74900 -0.21917599999999998
0.75000 -0.2197324
0.75100 -0.22028879999999998
0.75200 -0.2208452
0.75300 -0.2214016
0.75400 -0.22195799999999996
0.75500 -0.22251439999999997
0.75600 -0.22307079999999999
0.75700 -0.2236272
0.75800 -0.22418359999999998
0.75900 -0.22474
0.76000 -0.2253097
0.76100 -0.2258794
0.76200 -0.22644910000000001
0.76300 -0.22701880000000002
0.76400 -0.22758849999999997
0.76500 -0.22815819999999998
0.76600 -0.22872789999999998
0.76700 -0.2292976
0.76800 -0.2298673
0.76900 -0.230437
0.77000 -0.2310092
0.77100 -0.2315814
0.77200 -0.23215360000000002
0.77300 -0.2327258
0.77400 -0.233298
0.77500 -0.2338702
0.77600 -0.2344424
0.77700 -0.23501460000000002
0.77800 -0.2355868
0.77900 -0.236159
0.78000 -0.23675480000000002
0.78100 -0.2373506
0.78200 -0.2379464
0.78300 -0.2385422
0.78400 -0.239138
0.78500 -0.2397338
0.78600 -0.2403296
0.78700 -0.2409254
0.78800 -0.2415212
0.78900 -0.242117
0.79000 -0.24273190000000003
0.79100 -0.2433468
0.79200 -0.2439617
0.79300 -0.24457659999999998
0.79400 -0.2451915
0.79500 -0.24580640000000004
0.79600 -0.2464213
0.79700 -0.2470362
0.79800 -0.24765109999999999
0.79900 -0.24826600000000001
0.80000 -0.2488922
0.80100 -0.2495184
0.80200 -0.2501446
0.80300 -0.2507708
0.80400 -0.251397
0.80500 -0.2520232
0.80600 -0.2526494
0.80700 -0.2532756
0.80800 -0.2539018
0.80900 -0.254528
0.81000 -0.2552117
0.81100 -0.2558954
0.81200 -0.2565791
0.81300 -0.2572628
0.81400 -0.25794649999999997
0.81500 -0.2586302
0.81600 -0.2593139
0.81700 -0.2599976
0.81800 -0.2606813
0.81900 -0.26136499999999996
0.82000 -0.2620672
0.82100 -0.2627694
0.82200 -0.26347160000000003
0.82300 -0.2641738
0.82400 -0.264876
0.82500 -0.2655782
0.82600 -0.2662804
0.82700 -0.2669826
0.82800 -0.2676848
0.82900 -0.26838700000000004
0.83000 -0.2690801
0.83100 -0.26977320000000005
0.83200 -0.2704663
0.83300 -0.27115940000000005
0.83400 -0.2718525
0.83500 -0.2725456
0.83600 -0.2732387
0.83700 -0.2739318
0.83800 -0.2746249
0.83900 -0.275318
0.84000 -0.2759934
0.84100 -0.2766688
0.84200 -0.27734420000000004
0.84300 -0.27801960000000003
0.84400 -0.278695
0.84500 -0.2793704
0.84600 -0.2800458
0.84700 -0.2807212
0.84800 -0.2813966
0.84900 -0.282072
0.85000 -0.2827478
0.85100 -0.2834236
0.85200 -0.2840994
0.85300 -0.2847752
0.85400 -0.285451
0.85500 -0.2861268
0.85600 -0.2868026
0.85700 -0.2874784
0.85800 -0.2881542
0.85900 -0.28883000000000003
0.86000 -0.2895625
0.86100 -0.290295
0.86200 -0.2910275
0.86300 -0.29176
0.86400 -0.2924925
0.86500 -0.29322499999999996
0.86600 -0.2939575
0.86700 -0.29469
0.86800 -0.29542250000000003
0.86900 -0.296155
0.87000 -0.2969339
0.87100 -0.2977128
0.87200 -0.29849169999999997
0.87300 -0.2992706
0.87400 -0.30004949999999997
0.87500 -0.3008284
0.87600 -0.3016073
0.87700 -0.3023862
0.87800 -0.3031651
0.87900 -0.303944
0.88000 -0.3047157
0.88100 -0.30548739999999996
0.88200 -0.3062591
0.88300 -0.3070308
0.88400 -0.30780250000000003
0.88500 -0.3085742
0.88600 -0.3093459
0.88700 -0.3101176
0.88800 -0.31088930000000004
0.88900 -0.311661
0.89000 -0.3123923
0.89100 -0.3131236
0.89200 -0.31385490000000005
0.89300 -0.31458620000000004
0.89400 -0.31531750000000003
0.89500 -0.3160488
0.89600 -0.3167801
0.89700 -0.3175114
0.89800 -0.3182427
0.89900 -0.318974
0.90000 -0.3196922
0.90100 -0.3204104
0.90200 -0.3211286
0.90300 -0.3218468
0.90400 -0.322565
0.90500 -0.3232832
0.90600 -0.3240014
0.90700 -0.3247196
0.90800 -0.3254378
0.90900 -0.326156
0.91000 -0.32690549999999996
0.91100 -0.327655
0.91200 -0.3284045
0.91300 -0.329154
0.91400 -0.3299035
0.91500 -0.330653
0.91600 -0.3314025
0.91700 -0.332152
0.91800 -0.3329015
0.91900 -0.33365100000000003
0.92000 -0.3344642
0.92100 -0.3352774
0.92200 -0.3360906
0.92300 -0.33690380000000003
0.92400 -0.337717
0.92500 -0.3385302
0.92600 -0.3393434
0.92700 -0.3401566
0.92800 -0.3409698
0.92900 -0.341783
0.93000 -0.3426014
0.93100 -0.3434198
0.93200 -0.3442382
0.93300 -0.3450566
0.93400 -0.34587500000000004
0.93500 -0.34669340000000004
0.93600 -0.34751180000000004
0.93700 -0.34833020000000003
0.93800 -0.34914860000000003
0.93900 -0.34996700000000003
0.94000 -0.3507387
0.94100 -0.3515104
0.94200 -0.3522821
0.94300 -0.3530538
0.94400 -0.3538255
0.94500 -0.3545972
0.94600 -0.3553689
0.94700 -0.3561406
0.94800 -0.35691229999999996
0.94900 -0.357684
0.95000 -0.3584166
0.95100 -0.35914919999999995
0.95200 -0.35988180000000003
0.95300 -0.3606144
0.95400 -0.361347
0.95500 -0.3620796
0.95600 -0.3628122
0.95700 -0.3635448
0.95800 -0.36427740000000003
0.95900 -0.36501
0.96000 -0.36575670000000005
0.96100 -0.3665034
0.96200 -0.3672501
0.96300 -0.3679968
0.96400 -0.3687435
0.96500 -0.3694902
0.96600 -0.3702369
0.96700 -0.3709836
0.96800 -0.37173029999999996
0.96900 -0.372477
0.97000 -0.37330209999999997
0.97100 -0.3741272
0.97200 -0.3749523
0.97300 -0.3757774
0.97400 -0.3766025
0.97500 -0.3774276
0.97600 -0.3782527
0.97700 -0.3790778
0.97800 -0.3799029
0.97900 -0.380728
0.98000 -0.3815795
0.98100 -0.382431
0.98200 -0.3832825
0.98300 -0.38413400000000003
0.98400 -0.3849855
0.98500 -0.385837
0.98600 -0.3866885
0.98700 -0.38754
0.98800 -0.3883915
0.98900 -0.389243
0.99000 -0.390069
0.99100 -0.390895
0.99200 -0.391721
0.99300 -0.392547
0.99400 -0.393373
0.99500 -0.394199
0.99600 -0.395025
0.99700 -0.395851
0.99800 -0.396677
0.99900 -0.397503
1.00000 -0.39827629999999997
1.00100 -0.3990496
1.00200 -0.3998229
1.00300 -0.4005962
1.00400 -0.40136950000000005
1.00500 -0.4021428
1.00600 -0.4029161
1.00700 -0.40368940000000003
1.00800 -0.4044627
1.00900 -0.40523600000000004
1.01000 -0.40600510000000006
1.01100 -0.4067742
1.01200 -0.40754330000000005
1.01300 -0.40831239999999996
1.01400 -0.4090815
1.01500 -0.40985060000000006
1.01600 -0.4106197
1.01700 -0.4113888
1.01800 -0.41215789999999997
1.01900 -0.412927
1.02000 -0.41374649999999996
1.02100 -0.41456600000000005
1.02200 -0.4153855
1.02300 -0.416205
1.02400 -0.41702449999999996
1.02500 -0.417844
1.02600 -0.41866349999999997
1.02700 -0.41948299999999994
1.02800 -0.4203025
1.02900 -0.421122
1.03000 -0.4219847
1.03100 -0.42284740000000004
1.03200 -0.4237101
1.03300 -0.4245728
1.03400 -0.4254355
1.03500 -0.4262982
1.03600 -0.42716089999999995
1.03700 -0.42802359999999995
1.03800 -0.4288863
1.03900 -0.429749
1.04000 -0.43060010000000004
1.04100 -0.4314512
1.04200 -0.43230230000000003
1.04300 -0.43315339999999997
1.04400 -0.4340045
1.04500 -0.4348556
1.04600 -0.4357067
1.04700 -0.4365578
1.04800 -0.4374089
1.04900 -0.43826
1.05000 -0.4390434
1.05100 -0.43982679999999996
1.05200 -0.44061019999999995
1.05300 -0.44139359999999994
1.05400 -0.44217700000000004
1.05500 -0.44296040000000003
1.05600 -0.4437438
1.05700 -0.4445272
1.05800 -0.4453106
1.05900 -0.446094
1.06000 -0.44685410000000003
1.06100 -0.4476142
1.06200 -0.44837429999999995
1.06300 -0.4491344
1.06400 -0.4498945
1.06500 -0.4506546
1.06600 -0.45141470000000006
1.06700 -0.4521748
1.06800 -0.4529349
1.06900 -0.453695
1.07000 -0.4544749
1.07100 -0.45525479999999996
1.07200 -0.4560347
1.07300 -0.45681459999999996
1.07400 -0.4575945
1.07500 -0.4583744
1.07600 -0.45915429999999996
1.07700 -0.4599342
1.07800 -0.46071409999999996
1.07900 -0.46149399999999996
1.08000 -0.4623157
1.08100 -0.46313740000000003
1.08200 -0.4639591
1.08300 -0.46478080000000005
1.08400 -0.4656025
1.08500 -0.46642419999999996
1.08600 -0.4672459
1.08700 -0.46806760000000003
1.08800 -0.4688893
1.08900 -0.46971100000000005
1.09000 -0.4705362
1.09100 -0.47136140000000004
1.09200 -0.4721866
1.09300 -0.4730118
1.09400 -0.47383699999999995
1.09500 -0.47466220000000003
1.09600 -0.4754874
1.09700 -0.4763126
1.09800 -0.47713780000000006
1.09900 -0.477963
1.10000 -0.4787469
1.10100 -0.47953080000000003
1.10200 -0.4803147
1.10300 -0.4810986
1.10400 -0.48188250000000005
1.10500 -0.4826664
1.10600 -0.4834503
1.10700 -0.48423419999999995
1.10800 -0.4850181
1.10900 -0.48580199999999996
1.11000 -0.4865496
1.11100 -0.4872972
1.11200 -0.48804479999999995
1.11300 -0.4887924
1.11400 -0.48954000000000003
1.11500 -0.4902876
1.11600 -0.49103519999999995
1.11700 -0.4917828
1.11800 -0.49253040000000003
1.11900 -0.493278
1.12000 -0.49402179999999996
1.12100 -0.4947656
1.12200 -0.4955094
1.12300 -0.49625320000000006
1.12400 -0.496997
1.12500 -0.4977408
1.12600 -0.4984846
1.12700 -0.49922839999999996
1.12800 -0.49997220000000003
1.12900 -0.5007159999999999
1.13000 -0.50144
1.13100 -0.5021639999999999
1.13200 -0.502888
1.13300 -0.503612
1.13400 -0.504336
1.13500 -0.5050600000000001
1.13600 -0.505784
1.13700 -0.506508
1.13800 -0.5072319999999999
1.13900 -0.507956
1.14000 -0.5086729
1.14100 -0.5093898
1.14200 -0.5101066999999999
1.14300 -0.5108235999999999
1.14400 -0.5115405
1.14500 -0.5122574
1.14600 -0.5129743
1.14700 -0.5136912
1.14800 -0.5144081
1.14900 -0.515125
1.15000 -0.5158411
1.15100 -0.5165572
1.15200 -0.5172733
1.15300 -0.5179894
1.15400 -0.5187055
1.15500 -0.5194216
1.15600 -0.5201377
1.15700 -0.5208538
1.15800 -0.5215699
1.15900 -0.522286
1.16000 -0.5229999999999999
1.16100 -0.523714
1.16200 -0.524428
1.16300 -0.525142
1.16400 -0.525856
1.16500 -0.52657
1.16600 -0.5272840000000001
1.16700 -0.527998
1.16800 -0.5287120000000001
1.16900 -0.5294260000000001
1.17000 -0.5301367000000001
1.17100 -0.5308474000000001
1.17200 -0.5315581
1.17300 -0.5322688
1.17400 -0.5329795
1.17500 -0.5336902
1.17600 -0.5344009
1.17700 -0.5351116
1.17800 -0.5358223000000001
1.17900 -0.536533
1.18000 -0.5371471999999999
1.18100 -0.5377614000000001
1.18200 -0.5383756
1.18300 -0.5389898000000001
1.18400 -0.539604
1.18500 -0.5402182
1.18600 -0.5408324
1.18700 -0.5414466
1.18800 -0.5420608
1.18900 -0.542675
1.19000 -0.543203
1.19100 -0.543731
1.19200 -0.544259
1.19300 -0.544787
1.19400 -0.545315
1.19500 -0.545843
1.19600 -0.5463709999999999
1.19700 -0.546899
1.19800 -0.547427
1.19900 -0.547955
1.20000 -0.5484865999999999
1.20100 -0.5490182
1.20200 -0.5495498
1.20300 -0.5500814
1.20400 -0.550613
1.20500 -0.5511446
1.20600 -0.5516762
1.20700 -0.5522077999999999
1.20800 -0.5527394
1.20900 -0.553271
1.21000 -0.5538307
1.21100 -0.5543904
1.21200 -0.5549501
1.21300 -0.5555098
1.21400 -0.5560695
1.21500 -0.5566291999999999
1.21600 -0.5571889
1.21700 -0.5577486
1.21800 -0.5583083
1.21900 -0.558868
1.22000 -0.5594378
1.22100 -0.5600076
1.22200 -0.5605774
1.22300 -0.5611472
1.22400 -0.561717
1.22500 -0.5622868000000001
1.22600 -0.5628566
1.22700 -0.5634264
1.22800 -0.5639962000000001
1.22900 -0.564566
1.23000 -0.5650982
1.23100 -0.5656304000000001
1.23200 -0.5661626
1.23300 -0.5666948
1.23400 -0.567227
1.23500 -0.5677592
1.23600 -0.5682914
1.23700 -0.5688236
1.23800 -0.5693558000000001
1.23900 -0.569888
1.24000 -0.5703368
1.24100 -0.5707856
1.24200 -0.5712344
1.24300 -0.5716832000000001
1.24400 -0.5721320000000001
1.24500 -0.5725808
1.24600 -0.5730296
1.24700 -0.5734784
1.24800 -0.5739272
1.24900 -0.574376
1.25000 -0.5748146000000001
1.25100 -0.5752532
1.25200 -0.5756918
1.25300 -0.5761304
1.25400 -0.576569
1.25500 -0.5770076000000001
1.25600 -0.5774462
1.25700 -0.5778848
1.25800 -0.5783234
1.25900 -0.578762
1.26000 -0.5792107000000001
1.26100 -0.5796594
1.26200 -0.5801081
1.26300 -0.5805568
1.26400 -0.5810055000000001
1.26500 -0.5814542
1.26600 -0.5819029
1.26700 -0.5823516
1.26800 -0.5828002999999999
1.26900 -0.583249
1.27000 -0.583707
1.27100 -0.5841649999999999
1.27200 -0.584623
1.27300 -0.585081
1.27400 -0.585539
1.27500 -0.585997
1.27600 -0.586455
1.27700 -0.586913
1.27800 -0.587371
1.27900 -0.5878289999999999
1.28000 -0.5882756
1.28100 -0.5887222
1.28200 -0.5891688
1.28300 -0.5896154
1.28400 -0.590062
1.28500 -0.5905085999999999
1.28600 -0.5909552
1.28700 -0.5914018000000001
1.28800 -0.5918484
1.28900 -0.592295
1.29000 -0.5926715
1.29100 -0.593048
1.29200 -0.5934245
1.29300 -0.593801
1.29400 -0.5941775
1.29500 -0.594554
1.29600 -0.5949305
1.29700 -0.595307
1.29800 -0.5956835
1.29900 -0.59606
1.30000 -0.5964106
1.30100 -0.5967612
1.30200 -0.5971118000000001
1.30300 -0.5974624000000001
1.30400 -0.597813
1.30500 -0.5981636
1.30600 -0.5985142
1.30700 -0.5988648000000001
1.30800 -0.5992154000000001
1.30900 -0.599566
1.31000 -0.5999149
1.31100 -0.6002638
1.31200 -0.6006127
1.31300 -0.6009616
1.31400 -0.6013105
1.31500 -0.6016594
1.31600 -0.6020082999999999
1.31700 -0.6023571999999999
1.31800 -0.6027061
1.31900 -0.603055
1.32000 -0.6033997
1.32100 -0.6037444
1.32200 -0.6040891
1.32300 -0.6044338
1.32400 -0.6047784999999999
1.32500 -0.6051232
1.32600 -0.6054679000000001
1.32700 -0.6058125999999999
1.32800 -0.6061572999999999
1.32900 -0.606502
1.33000 -0.606845
1.33100 -0.607188
1.33200 -0.607531
1.33300 -0.607874
1.33400 -0.608217
1.33500 -0.60856
1.33600 -0.608903
1.33700 -0.609246
1.33800 -0.6095889999999999
1.33900 -0.6099319999999999
1.34000 -0.610231
1.34100 -0.61053
1.34200 -0.6108290000000001
1.34300 -0.611128
1.34400 -0.6114269999999999
1.34500 -0.611726
1.34600 -0.612025
1.34700 -0.612324
1.34800 -0.6126229999999999
1.34900 -0.612922
1.35000 -0.6131801
1.35100 -0.6134382
1.35200 -0.6136963
1.35300 -0.6139544
1.35400 -0.6142125
1.35500 -0.6144706
1.35600 -0.6147287
1.35700 -0.6149868
1.35800 -0.6152449
1.35900 -0.615503
1.36000 -0.6157555
1.36100 -0.616008
1.36200 -0.6162605
1.36300 -0.616513
1.36400 -0.6167655
1.36500 -0.6170180000000001
1.36600 -0.6172704999999999
1.36700 -0.617523
1.36800 -0.6177754999999999
1.36900 -0.618028
1.37000 -0.6182493
1.37100 -0.6184706
1.37200 -0.6186919
1.37300 -0.6189131999999999
1.37400 -0.6191345
1.37500 -0.6193558
1.37600 -0.6195771000000001
1.37700 -0.6197984
1.37800 -0.6200197000000001
1.37900 -0.620241
1.38000 -0.6204506000000001
1.38100 -0.6206602
1.38200 -0.6208698
1.38300 -0.6210794
1.38400 -0.621289
1.38500 -0.6214986
1.38600 -0.6217082
1.38700 -0.6219178000000001
1.38800 -0.6221274
1.38900 -0.622337
1.39000 -0.6225275
1.39100 -0.622718
1.39200 -0.6229085000000001
1.39300 -0.6230990000000001
1.39400 -0.6232895
1.39500 -0.62348
1.39600 -0.6236705
1.39700 -0.623861
1.39800 -0.6240515
1.39900 -0.624242
1.40000 -0.6243879999999999
1.40100 -0.6245339999999999
1.40200 -0.62468
1.40300 -0.624826
1.40400 -0.624972
1.40500 -0.625118
1.40600 -0.6252639999999999
1.40700 -0.62541
1.40800 -0.625556
1.40900 -0.625702
1.41000 -0.6258407
1.41100 -0.6259794
1.41200 -0.6261181
1.41300 -0.6262568
1.41400 -0.6263954999999999
1.41500 -0.6265341999999999
1.41600 -0.6266729
1.41700 -0.6268116
1.41800 -0.6269503
1.41900 -0.627089
1.42000 -0.6271699
1.42100 -0.6272507999999999
1.42200 -0.6273316999999999
1.42300 -0.6274126
1.42400 -0.6274934999999999
1.42500 -0.6275744
1.42600 -0.6276553
1.42700 -0.6277362
1.42800 -0.6278170999999999
1.42900 -0.627898
1.43000 -0.6279241
1.43100 -0.6279502
1.43200 -0.6279763
1.43300 -0.6280024
1.43400 -0.6280284999999999
1.43500 -0.6280545999999999
1.43600 -0.6280806999999999
1.43700 -0.6281068
1.43800 -0.6281329
1.43900 -0.6281589999999999
1.44000 -0.6281795
1.44100 -0.6282
1.44200 -0.6282205
1.44300 -0.6282409999999999
1.44400 -0.6282615
1.44500 -0.628282
1.44600 -0.6283025
1.44700 -0.628323
1.44800 -0.6283434999999999
1.44900 -0.628364
1.45000 -0.6283547
1.45100 -0.6283453999999999
1.45200 -0.6283361000000001
1.45300 -0.6283268
1.45400 -0.6283175
1.45500 -0.6283082
1.45600 -0.6282989
1.45700 -0.6282896
1.45800 -0.6282802999999999
1.45900 -0.628271
1.46000 -0.6282503
1.46100 -0.6282295999999999
1.46200 -0.6282089
1.46300 -0.6281882
1.46400 -0.6281675
1.46500 -0.6281468
1.46600 -0.6281261
1.46700 -0.6281054
1.46800 -0.6280846999999999
1.46900 -0.628064
1.47000 -0.6279934
1.47100 -0.6279228
1.47200 -0.6278522
1.47300 -0.6277815999999999
1.47400 -0.627711
1.47500 -0.6276404
1.47600 -0.6275698000000001
1.47700 -0.6274992
1.47800 -0.6274286
1.47900 -0.627358
1.48000 -0.6271681
1.48100 -0.6269782
1.48200 -0.6267883000000001
1.48300 -0.6265984
1.48400 -0.6264084999999999
1.48500 -0.6262186
1.48600 -0.6260287
1.48700 -0.6258388
1.48800 -0.6256489000000001
1.48900 -0.625459
1.49000 -0.6252521000000001
1.49100 -0.6250452
1.49200 -0.6248383000000001
1.49300 -0.6246314
1.49400 -0.6244245
1.49500 -0.6242176
1.49600 -0.6240107
1.49700 -0.6238038
1.49800 -0.6235969
1.49900 -0.62339
1.50000 -0.623164
1.50100 -0.622938
1.50200 -0.622712
1.50300 -0.622486
1.50400 -0.62226
1.50500 -0.622034
1.50600 -0.6218079999999999
1.50700 -0.621582
1.50800 -0.6213559999999999
1.50900 -0.62113
1.51000 -0.6208853
1.51100 -0.6206406
1.51200 -0.6203958999999999
1.51300 -0.6201511999999999
1.51400 -0.6199064999999999
1.51500 -0.6196618
1.51600 -0.6194170999999999
1.51700 -0.6191724
1.51800 -0.6189277
1.51900 -0.618683
1.52000 -0.6184259
1.52100 -0.6181688
1.52200 -0.6179117
1.52300 -0.6176546
1.52400 -0.6173975
1.52500 -0.6171404
1.52600 -0.6168833
1.52700 -0.6166262
1.52800 -0.6163691
1.52900 -0.616112
1.53000 -0.6157739
1.53100 -0.6154358
1.53200 -0.6150977
1.53300 -0.6147596
1.53400 -0.6144215
1.53500 -0.6140834
1.53600 -0.6137452999999999
1.53700 -0.6134071999999999
1.53800 -0.6130690999999999
1.53900 -0.6127309999999999
1.54000 -0.6123608
1.54100 -0.6119905999999999
1.54200 -0.6116204
1.54300 -0.6112502
1.54400 -0.6108800000000001
1.54500 -0.6105098
1.54600 -0.6101396
1.54700 -0.6097694
1.54800 -0.6093992
1.54900 -0.609029
1.55000 -0.6086413
1.55100 -0.6082536000000001
1.55200 -0.6078659
1.55300 -0.6074782
1.55400 -0.6070905
1.55500 -0.6067028000000001
1.55600 -0.6063151
1.55700 -0.6059274
1.55800 -0.6055397
1.55900 -0.605152
1.56000 -0.6047216
1.56100 -0.6042912
1.56200 -0.6038608
1.56300 -0.6034303999999999
1.56400 -0.603
1.56500 -0.6025696
1.56600 -0.6021392
1.56700 -0.6017087999999999
1.56800 -0.6012784
1.56900 -0.6008479999999999
1.57000 -0.6004109
1.57100 -0.5999738
1.57200 -0.5995367
1.57300 -0.5990996
1.57400 -0.5986625
1.57500 -0.5982253999999999
1.57600 -0.5977882999999999
1.57700 -0.5973512
1.57800 -0.5969141
1.57900 -0.5964769999999999
1.58000 -0.5960189
1.58100 -0.5955608
1.58200 -0.5951027
1.58300 -0.5946446
1.58400 -0.5941865
1.58500 -0.5937284
1.58600 -0.5932703
1.58700 -0.5928122
1.58800 -0.5923541
1.58900 -0.591896
1.59000 -0.5914170000000001
1.59100 -0.5909380000000001
1.59200 -0.590459
1.59300 -0.58998
1.59400 -0.589501
1.59500 -0.589022
1.59600 -0.588543
1.59700 -0.5880639999999999
1.59800 -0.587585
1.59900 -0.587106
1.60000 -0.586617
1.60100 -0.586128
1.60200 -0.585639
1.60300 -0.58515
1.60400 -0.584661
1.60500 -0.584172
1.60600 -0.583683
1.60700 -0.583194
1.60800 -0.582705
1.60900 -0.5822160000000001
1.61000 -0.5816617
1.61100 -0.5811074
1.61200 -0.5805531
1.61300 -0.5799988
1.61400 -0.5794444999999999
1.61500 -0.5788902
1.61600 -0.5783359
1.61700 -0.5777816
1.61800 -0.5772273
1.61900 -0.576673
1.62000 -0.5760923
1.62100 -0.5755116
1.62200 -0.5749309
1.62300 -0.5743502
1.62400 -0.5737695
1.62500 -0.5731887999999999
1.62600 -0.5726081
1.62700 -0.5720274
1.62800 -0.5714467
1.62900 -0.570866
1.63000 -0.5702842
1.63100 -0.5697023999999999
1.63200 -0.5691206
1.63300 -0.5685388
1.63400 -0.567957
1.63500 -0.5673752000000001
1.63600 -0.5667934
1.63700 -0.5662116
1.63800 -0.5656298
1.63900 -0.565048
1.64000 -0.5644631999999999
1.64100 -0.5638784
1.64200 -0.5632936
1.64300 -0.5627088
1.64400 -0.5621240000000001
1.64500 -0.5615392
1.64600 -0.5609544
1.64700 -0.5603695999999999
1.64800 -0.5597848
1.64900 -0.5591999999999999
1.65000 -0.5586135999999999
1.65100 -0.5580272
1.65200 -0.5574408
1.65300 -0.5568544
1.65400 -0.556268
1.65500 -0.5556816
1.65600 -0.5550952
1.65700 -0.5545088
1.65800 -0.5539224
1.65900 -0.553336
1.66000 -0.5526863000000001
1.66100 -0.5520366
1.66200 -0.5513869
1.66300 -0.5507372
1.66400 -0.5500875000000001
1.66500 -0.5494378
1.66600 -0.5487881
1.66700 -0.5481384
1.66800 -0.5474887
1.66900 -0.5468390000000001
1.67000 -0.5461250000000001
1.67100 -0.545411
1.67200 -0.544697
1.67300 -0.543983
1.67400 -0.543269
1.67500 -0.542555
1.67600 -0.541841
1.67700 -0.541127
1.67800 -0.5404129999999999
1.67900 -0.5396989999999999
1.68000 -0.5389856
1.68100 -0.5382722
1.68200 -0.5375588
1.68300 -0.5368454
1.68400 -0.536132
1.68500 -0.5354186000000001
1.68600 -0.5347052000000001
1.68700 -0.5339918
1.68800 -0.5332784
1.68900 -0.5325650000000001
1.69000 -0.5318658
1.69100 -0.5311666
1.69200 -0.5304674
1.69300 -0.5297682
1.69400 -0.529069
1.69500 -0.5283698
1.69600 -0.5276706
1.69700 -0.5269714
1.69800 -0.5262722
1.69900 -0.525573
1.70000 -0.5248798
1.70100 -0.5241866
1.70200 -0.5234934
1.70300 -0.5228002
1.70400 -0.522107
1.70500 -0.5214138
1.70600 -0.5207206
1.70700 -0.5200274
1.70800 -0.5193342000000001
1.70900 -0.518641
1.71000 -0.5178982000000001
1.71100 -0.5171554
1.71200 -0.5164126
1.71300 -0.5156698000000001
1.71400 -0.5149269999999999
1.71500 -0.5141842
1.71600 -0.5134413999999999
1.71700 -0.5126986
1.71800 -0.5119558
1.71900 -0.5112129999999999
1.72000 -0.5103432999999999
1.72100 -0.5094736
1.72200 -0.5086039
1.72300 -0.5077342
1.72400 -0.5068645
1.72500 -0.5059948
1.72600 -0.5051251
1.72700 -0.5042554
1.72800 -0.5033856999999999
1.72900 -0.502516
1.73000 -0.5016273
1.73100 -0.5007385999999999
1.73200 -0.49984989999999996
1.73300 -0.49896119999999994
1.73400 -0.4980725
1.73500 -0.4971838
1.73600 -0.49629509999999993
1.73700 -0.49540639999999997
1.73800 -0.49451769999999995
1.73900 -0.493629
1.74000 -0.49275389999999997
1.74100 -0.49187879999999995
1.74200 -0.4910037
1.74300 -0.49012859999999997
1.74400 -0.48925349999999995
1.74500 -0.48837839999999993
1.74600 -0.4875032999999999
1.74700 -0.4866282
1.74800 -0.4857531
1.74900 -0.484878
1.75000 -0.4840172
1.75100 -0.48315639999999993
1.75200 -0.48229559999999994
1.75300 -0.4814348
1.75400 -0.480574
1.75500 -0.47971319999999995
1.75600 -0.47885239999999996
1.75700 -0.4779916
1.75800 -0.47713079999999997
1.75900 -0.47626999999999997
1.76000 -0.4753925
1.76100 -0.47451499999999996
1.76200 -0.4736375
1.76300 -0.47275999999999996
1.76400 -0.4718825
1.76500 -0.471005
1.76600 -0.4701275
1.76700 -0.46925
1.76800 -0.46837249999999997
1.76900 -0.467495
1.77000 -0.4664935
1.77100 -0.46549199999999996
1.77200 -0.4644905
1.77300 -0.46348899999999993
1.77400 -0.46248749999999994
1.77500 -0.461486
1.77600 -0.4604845
1.77700 -0.459483
1.77800 -0.4584815
1.77900 -0.45748
1.78000 -0.4564259
1.78100 -0.4553718
1.78200 -0.4543177
1.78300 -0.4532636
1.78400 -0.45220950000000004
1.78500 -0.45115539999999993
1.78600 -0.4501012999999999
1.78700 -0.4490472
1.78800 -0.4479931
1.78900 -0.446939
1.79000 -0.4459066
1.79100 -0.4448742
1.79200 -0.44384179999999995
1.79300 -0.44280939999999996
1.79400 -0.441777
1.79500 -0.44074460000000004
1.79600 -0.43971220000000005
1.79700 -0.43867979999999995
1.79800 -0.4376474
1.79900 -0.43661500000000003
1.80000 -0.4356397
1.80100 -0.43466440000000006
1.80200 -0.43368910000000005
1.80300 -0.43271380000000004
1.80400 -0.43173849999999997
1.80500 -0.4307632
1.80600 -0.4297879
1.80700 -0.4288126
1.80800 -0.42783730000000003
1.80900 -0.426862
1.81000 -0.4258942
1.81100 -0.42492640000000004
1.81200 -0.4239586
1.81300 -0.4229908
1.81400 -0.4220230000000001
1.81500 -0.4210552000000001
1.81600 -0.42008740000000006
1.81700 -0.41911960000000004
1.81800 -0.4181518000000001
1.81900 -0.41718400000000005
1.82000 -0.416132
1.82100 -0.41508
1.82200 -0.41402800000000006
1.82300 -0.412976
1.82400 -0.41192399999999996
1.82500 -0.410872
1.82600 -0.40982
1.82700 -0.40876799999999996
1.82800 -0.4077159999999999
1.82900 -0.40666399999999997
1.83000 -0.4055225
1.83100 -0.404381
1.83200 -0.4032394999999999
1.83300 -0.40209799999999996
1.83400 -0.40095650000000005
1.83500 -0.399815
1.83600 -0.3986735
1.83700 -0.397532
1.83800 -0.3963905
1.83900 -0.395249
1.84000 -0.3941138
1.84100 -0.3929786
1.84200 -0.3918434
1.84300 -0.3907082
1.84400 -0.38957300000000006
1.84500 -0.38843780000000006
1.84600 -0.38730260000000005
1.84700 -0.38616740000000005
1.84800 -0.38503220000000005
1.84900 -0.38389700000000004
1.85000 -0.3828266
1.85100 -0.3817562
1.85200 -0.3806858
1.85300 -0.3796154
1.85400 -0.378545
1.85500 -0.37747460000000005
1.85600 -0.3764042
1.85700 -0.37533380000000005
1.85800 -0.3742634
1.85900 -0.373193
1.86000 -0.3721508
1.86100 -0.3711086
1.86200 -0.3700664
1.86300 -0.3690242
1.86400 -0.36798200000000003
1.86500 -0.36693980000000004
1.86600 -0.3658976
1.86700 -0.3648554
1.86800 -0.3638132
1.86900 -0.362771
1.87000 -0.3617014
1.87100 -0.3606318
1.87200 -0.3595622
1.87300 -0.3584926
1.87400 -0.357423
1.87500 -0.35635340000000004
1.87600 -0.3552838
1.87700 -0.35421420000000003
1.87800 -0.3531446
1.87900 -0.352075
1.88000 -0.3509318
1.88100 -0.3497886
1.88200 -0.3486454
1.88300 -0.3475022
1.88400 -0.346359
1.88500 -0.34521579999999996
1.88600 -0.34407259999999995
1.88700 -0.3429294
1.88800 -0.3417862
1.88900 -0.340643
1.89000 -0.33948799999999996
1.89100 -0.338333
1.89200 -0.337178
1.89300 -0.336023
1.89400 -0.334868
1.89500 -0.333713
1.89600 -0.332558
1.89700 -0.331403
1.89800 -0.330248
1.89900 -0.32909299999999997
1.90000 -0.3279296
1.90100 -0.3267662
1.90200 -0.32560279999999997
1.90300 -0.3244394
1.90400 -0.323276
1.90500 -0.32211259999999997
1.90600 -0.3209492
1.90700 -0.31978579999999995
1.90800 -0.3186224
1.90900 -0.317459
1.91000 -0.3162868
1.91100 -0.31511459999999997
1.91200 -0.3139424
1.91300 -0.3127702
1.91400 -0.311598
1.91500 -0.31042580000000003
1.91600 -0.3092536
1.91700 -0.3080814
1.91800 -0.3069092
1.91900 -0.30573700000000004
1.92000 -0.3045776
1.92100 -0.30341819999999997
1.92200 -0.30225880000000005
1.92300 -0.3010994
1.92400 -0.29994
1.92500 -0.2987806
1.92600 -0.2976212
1.92700 -0.2964618
1.92800 -0.2953024
1.92900 -0.294143
1.93000 -0.2930853
1.93100 -0.2920276
1.93200 -0.2909699
1.93300 -0.28991219999999995
1.93400 -0.28885449999999996
1.93500 -0.2877968
1.93600 -0.2867391
1.93700 -0.2856814
1.93800 -0.2846237
1.93900 -0.283566
1.94000 -0.2825536
1.94100 -0.2815412
1.94200 -0.2805288
1.94300 -0.2795164
1.94400 -0.278504
1.94500 -0.2774916
1.94600 -0.2764792
1.94700 -0.2754668
1.94800 -0.2744544
1.94900 -0.273442
1.95000 -0.2723947
1.95100 -0.2713474
1.95200 -0.2703001
1.95300 -0.2692528
1.95400 -0.2682055
1.95500 -0.2671582
1.95600 -0.26611090000000004
1.95700 -0.2650636
1.95800 -0.26401630000000004
1.95900 -0.262969
1.96000 -0.2618264
1.96100 -0.2606838
1.96200 -0.2595412
1.96300 -0.2583986
1.96400 -0.25725600000000004
1.96500 -0.2561134
1.96600 -0.2549708
1.96700 -0.25382819999999995
1.96800 -0.2526856
1.96900 -0.25154299999999996
1.97000 -0.2503852
1.97100 -0.24922739999999996
1.97200 -0.2480696
1.97300 -0.2469118
1.97400 -0.24575399999999997
1.97500 -0.24459619999999999
1.97600 -0.24343839999999997
1.97700 -0.2422806
1.97800 -0.2411228
1.97900 -0.23996499999999998
1.98000 -0.23885479999999998
1.98100 -0.2377446
1.98200 -0.23663439999999997
1.98300 -0.23552420000000002
1.98400 -0.23441399999999998
1.98500 -0.23330379999999998
1.98600 -0.2321936
1.98700 -0.2310834
1.98800 -0.22997320000000002
1.98900 -0.22886299999999998
1.99000 -0.2278057
1.99100 -0.22674840000000002
1.99200 -0.2256911
1.99300 -0.22463380000000002
1.99400 -0.22357649999999998
1.99500 -0.22251919999999997
1.99600 -0.2214619
1.99700 -0.2204046
1.99800 -0.2193473
1.99900 -0.21829
2.00000 -0.2172236
2.00100 -0.2161572
2.00200 -0.21509080000000003
2.00300 -0.2140244
2.00400 -0.21295799999999998
2.00500 -0.2118916
2.00600 -0.21082520000000002
2.00700 -0.2097588
2.00800 -0.20869239999999997
2.00900 -0.207626
2.01000 -0.2064723
2.01100 -0.20531860000000002
2.01200 -0.2041649
2.01300 -0.2030112
2.01400 -0.20185750000000002
2.01500 -0.20070380000000002
2.01600 -0.1995501
2.01700 -0.1983964
2.01800 -0.1972427
2.01900 -0.196089
2.02000 -0.1948958
2.02100 -0.1937026
2.02200 -0.1925094
2.02300 -0.1913162
2.02400 -0.190123
2.02500 -0.18892979999999998
2.02600 -0.18773659999999998
2.02700 -0.1865434
2.02800 -0.1853502
2.02900 -0.184157
2.03000 -0.1829969
2.03100 -0.1818368
2.03200 -0.1806767
2.03300 -0.1795166
2.03400 -0.17835649999999997
2.03500 -0.17719639999999998
2.03600 -0.17603629999999998
2.03700 -0.17487619999999998
2.03800 -0.17371609999999998
2.03900 -0.172556
2.04000 -0.1714889
2.04100 -0.1704218
2.04200 -0.1693547
2.04300 -0.1682876
2.04400 -0.1672205
2.04500 -0.16615339999999998
2.04600 -0.1650863
2.04700 -0.16401919999999998
2.04800 -0.1629521
2.04900 -0.161885
2.05000 -0.16083319999999998
2.05100 -0.1597814
2.05200 -0.1587296
2.05300 -0.1576778
2.05400 -0.156626
2.05500 -0.1555742
2.05600 -0.1545224
2.05700 -0.1534706
2.05800 -0.15241880000000002
2.05900 -0.151367
2.06000 -0.1502643
2.06100 -0.1491616
2.06200 -0.14805890000000002
2.06300 -0.1469562
2.06400 -0.1458535
2.06500 -0.1447508
2.06600 -0.1436481
2.06700 -0.1425454
2.06800 -0.14144269999999998
2.06900 -0.14034
2.07000 -0.1391799
2.07100 -0.1380198
2.07200 -0.1368597
2.07300 -0.1356996
2.07400 -0.13453949999999998
2.07500 -0.13337939999999998
2.07600 -0.13221929999999998
2.07700 -0.1310592
2.07800 -0.1298991
2.07900 -0.128739
2.08000 -0.1275892
2.08100 -0.1264394
2.08200 -0.1252896
2.08300 -0.1241398
2.08400 -0.12299
2.08500 -0.1218402
2.08600 -0.1206904
2.08700 -0.1195406
2.08800 -0.11839079999999999
2.08900 -0.117241
2.09000 -0.11619329999999999
2.09100 -0.1151456
2.09200 -0.1140979
2.09300 -0.11305019999999999
2.09400 -0.1120025
2.09500 -0.11095479999999999
2.09600 -0.1099071
2.09700 -0.10885939999999998
2.09800 -0.1078117
2.09900 -0.106764
2.10000 -0.10576387000000001
2.10100 -0.10476374
2.10200 -0.10376360999999998
2.10300 -0.10276347999999999
2.10400 -0.10176335
2.10500 -0.10076322
2.10600 -0.09976309
2.10700 -0.09876296
2.10800 -0.09776283
2.10900 -0.09676270000000001
2.11000 -0.09574888000000001
2.11100 -0.09473506000000001
2.11200 -0.09372124000000001
2.11300 -0.09270742000000001
2.11400 -0.0916936
2.11500 -0.09067978
2.11600 -0.08966596
2.11700 -0.08865214
2.11800 -0.08763832
2.11900 -0.08662450000000001
2.12000 -0.08557132
2.12100 -0.08451814
2.12200 -0.08346496
2.12300 -0.08241178
2.12400 -0.0813586
2.12500 -0.08030542
2.12600 -0.07925224
2.12700 -0.07819906
2.12800 -0.07714588
2.12900 -0.0760927
2.13000 -0.07503338000000001
2.13100 -0.07397406
2.13200 -0.07291474
2.13300 -0.07185542
2.13400 -0.0707961
2.13500 -0.06973678
2.13600 -0.06867746
2.13700 -0.06761814000000001
2.13800 -0.06655881999999999
2.13900 -0.0654995
2.14000 -0.06451543
2.14100 -0.06353136000000001
2.14200 -0.06254729
2.14300 -0.061563219999999995
2.14400 -0.060579150000000005
2.14500 -0.05959508
2.14600 -0.05861101
2.14700 -0.057626939999999995
2.14800 -0.05664287
2.14900 -0.055658799999999994
2.15000 -0.054761729999999995
2.15100 -0.053864659999999995
2.15200 -0.052967589999999995
2.15300 -0.052070519999999995
2.15400 -0.051173449999999995
2.15500 -0.050276379999999996
2.15600 -0.049379309999999996
2.15700 -0.048482239999999996
2.15800 -0.047585169999999996
2.15900 -0.046688099999999996
2.16000 -0.04579392
2.16100 -0.04489974
2.16200 -0.04400556
2.16300 -0.04311138
2.16400 -0.042217199999999996
2.16500 -0.04132302
2.16600 -0.04042884
2.16700 -0.03953466
2.16800 -0.03864048
2.16900 -0.037746299999999997
2.17000 -0.03685012
2.17100 -0.035953940000000004
2.17200 -0.03505776
2.17300 -0.034161580000000004
2.17400 -0.0332654
2.17500 -0.03236922
2.17600 -0.03147304
2.17700 -0.03057686
2.17800 -0.029680680000000004
2.17900 -0.0287845
2.18000 -0.02788737
2.18100 -0.02699024
2.18200 -0.026093110000000003
2.18300 -0.02519598
2.18400 -0.02429885
2.18500 -0.02340172
2.18600 -0.02250459
2.18700 -0.021607460000000002
2.18800 -0.02071033
2.18900 -0.0198132
2.19000 -0.018948390000000002
2.19100 -0.01808358
2.19200 -0.01721877
2.19300 -0.01635396
2.19400 -0.015489150000000002
2.19500 -0.01462434
2.19600 -0.01375953
2.19700 -0.012894719999999998
2.19800 -0.01202991
2.19900 -0.0111651
2.20000 -0.010395613
2.20100 -0.009626126
2.20200 -0.008856639
2.20300 -0.008087152
2.20400 -0.007317664999999999
2.20500 -0.006548177999999999
2.20600 -0.005778690999999999
2.20700 -0.005009203999999999
2.20800 -0.004239716999999999
2.20900 -0.003470229999999999
2.21000 -0.0027174729999999998
2.21100 -0.0019647159999999996
2.21200 -0.0012119589999999999
2.21300 -0.00045920199999999986
2.21400 0.0002935550000000002
2.21500 0.001046312
2.21600 0.0017990690000000004
2.21700 0.002551826
2.21800 0.0033045830000000007
2.21900 0.00405734
2.22000 0.004861936
2.22100 0.005666532
2.22200 0.006471128000000001
2.22300 0.007275724
2.22400 0.008080319999999998
2.22500 0.008884916000000001
2.22600 0.009689512
2.22700 0.010494107999999999
2.22800 0.011298704000000001
2.22900 0.0121033
2.23000 0.01296914
2.23100 0.01383498
2.23200 0.01470082
2.23300 0.01556666
2.23400 0.0164325
2.23500 0.017298340000000002
2.23600 0.018164180000000002
2.23700 0.01903002
2.23800 0.019895859999999998
2.23900 0.0207617
2.24000 0.021627109999999998
2.24100 0.02249252
2.24200 0.02335793
2.24300 0.02422334
2.24400 0.02508875
2.24500 0.025954159999999997
2.24600 0.026819569999999997
2.24700 0.027684979999999998
2.24800 0.02855039
2.24900 0.0294158
2.25000 0.030256509999999997
2.25100 0.03109722
2.25200 0.031937929999999996
2.25300 0.03277864
2.25400 0.03361935
2.25500 0.03446006
2.25600 0.035300769999999995
2.25700 0.03614148
2.25800 0.03698219
2.25900 0.0378229
2.26000 0.038651569999999996
2.26100 0.03948024
2.26200 0.040308909999999996
2.26300 0.04113758
2.26400 0.04196625
2.26500 0.04279492
2.26600 0.043623590000000004
2.26700 0.04445226
2.26800 0.045280930000000004
2.26900 0.0461096
2.27000 0.046937240000000005
2.27100 0.047764879999999996
2.27200 0.04859252
2.27300 0.049420160000000005
2.27400 0.050247799999999995
2.27500 0.05107544000000001
2.27600 0.051903080000000004
2.27700 0.052730719999999995
2.27800 0.053558360000000006
2.27900 0.054386000000000004
2.28000 0.05521050000000001
2.28100 0.056035
2.28200 0.05685949999999999
2.28300 0.057684
2.28400 0.058508500000000005
2.28500 0.059333000000000004
2.28600 0.060157499999999996
2.28700 0.060982
2.28800 0.06180650000000001
2.28900 0.062631
2.29000 0.06345511000000001
2.29100 0.06427922
2.29200 0.06510333
2.29300 0.06592744
2.29400 0.06675155
2.29500 0.06757566000000001
2.29600 0.06839977
2.29700 0.06922388
2.29800 0.07004799
2.29900 0.07087210000000001
2.30000 0.07171975
2.30100 0.0725674
2.30200 0.07341505000000001
2.30300 0.0742627
2.30400 0.07511035
2.30500 0.075958
2.30600 0.07680565
2.30700 0.07765330000000001
2.30800 0.07850095
2.30900 0.0793486
2.31000 0.08022470000000001
2.31100 0.0811008
2.31200 0.08197689999999999
2.31300 0.082853
2.31400 0.0837291
2.31500 0.0846052
2.31600 0.08548130000000001
2.31700 0.0863574
2.31800 0.08723349999999999
2.31900 0.0881096
2.32000 0.08897831
2.32100 0.08984702
2.32200 0.09071573
2.32300 0.09158444
2.32400 0.09245315000000001
2.32500 0.09332186
2.32600 0.09419057
2.32700 0.09505928
2.32800 0.09592799
2.32900 0.0967967
2.33000 0.09758673
2.33100 0.09837676
2.33200 0.09916679
2.33300 0.09995682
2.33400 0.10074684999999999
2.33500 0.10153688000000001
2.33600 0.10232691000000001
2.33700 0.10311694
2.33800 0.10390697
2.33900 0.104697
2.34000 0.10544780000000001
2.34100 0.10619859999999999
2.34200 0.1069494
2.34300 0.1077002
2.34400 0.10845099999999999
2.34500 0.10920179999999999
2.34600 0.1099526
2.34700 0.11070340000000001
2.34800 0.11145419999999999
2.34900 0.112205
2.35000 0.11297139999999999
2.35100 0.1137378
2.35200 0.11450420000000001
2.35300 0.1152706
2.35400 0.11603699999999999
2.35500 0.1168034
2.35600 0.11756980000000002
2.35700 0.1183362
2.35800 0.11910259999999999
2.35900 0.119869
2.36000 0.12068400000000001
2.36100 0.121499
2.36200 0.12231399999999999
2.36300 0.123129
2.36400 0.12394400000000001
2.36500 0.124759
2.36600 0.125574
2.36700 0.126389
2.36800 0.127204
2.36900 0.128019
2.37000 0.12884279999999998
2.37100 0.1296666
2.37200 0.1304904
2.37300 0.1313142
2.37400 0.132138
2.37500 0.1329618
2.37600 0.1337856
2.37700 0.13460940000000002
2.37800 0.1354332
2.37900 0.13625700000000002
2.38000 0.13701560000000002
2.38100 0.1377742
2.38200 0.1385328
2.38300 0.1392914
2.38400 0.14005
2.38500 0.1408086
2.38600 0.1415672
2.38700 0.1423258
2.38800 0.1430844
2.38900 0.143843
2.39000 0.14452130000000002
2.39100 0.1451996
2.39200 0.1458779
2.39300 0.1465562
2.39400 0.1472345
2.39500 0.1479128
2.39600 0.1485911
2.39700 0.1492694
2.39800 0.1499477
2.39900 0.15062599999999998
2.40000 0.1513029
2.40100 0.1519798
2.40200 0.1526567
2.40300 0.15333360000000001
2.40400 0.1540105
2.40500 0.15468739999999997
2.40600 0.15536429999999998
2.40700 0.1560412
2.40800 0.1567181
2.40900 0.157395
2.41000 0.158091
2.41100 0.15878699999999998
2.41200 0.15948299999999999
2.41300 0.16017900000000002
2.41400 0.16087500000000002
2.41500 0.161571
2.41600 0.162267
2.41700 0.16296300000000002
2.41800 0.163659
2.41900 0.164355
2.42000 0.1650609
2.42100 0.16576680000000002
2.42200 0.1664727
2.42300 0.1671786
2.42400 0.1678845
2.42500 0.1685904
2.42600 0.1692963
2.42700 0.1700022
2.42800 0.1707081
2.42900 0.171414
2.43000 0.1720877
2.43100 0.1727614
2.43200 0.1734351
2.43300 0.1741088
2.43400 0.1747825
2.43500 0.1754562
2.43600 0.1761299
2.43700 0.1768036
2.43800 0.1774773
2.43900 0.178151
2.44000 0.1787226
2.44100 0.17929420000000001
2.44200 0.1798658
2.44300 0.1804374
2.44400 0.181009
2.44500 0.1815806
2.44600 0.18215220000000001
2.44700 0.1827238
2.44800 0.1832954
2.44900 0.183867
2.45000 0.1844187
2.45100 0.1849704
2.45200 0.1855221
2.45300 0.1860738
2.45400 0.1866255
2.45500 0.1871772
2.45600 0.1877289
2.45700 0.1882806
2.45800 0.1888323
2.45900 0.189384
2.46000 0.18995420000000002
2.46100 0.19052439999999998
2.46200 0.1910946
2.46300 0.1916648
2.46400 0.192235
2.46500 0.1928052
2.46600 0.1933754
2.46700 0.1939456
2.46800 0.1945158
2.46900 0.195086
2.47000 0.1956795
2.47100 0.196273
2.47200 0.1968665
2.47300 0.19746
2.47400 0.1980535
2.47500 0.198647
2.47600 0.1992405
2.47700 0.19983399999999998
2.47800 0.20042749999999998
2.47900 0.20102099999999998
2.48000 0.2016098
2.48100 0.2021986
2.48200 0.20278739999999998
2.48300 0.20337619999999998
2.48400 0.203965
2.48500 0.2045538
2.48600 0.2051426
2.48700 0.20573139999999998
2.48800 0.2063202
2.48900 0.206909
2.49000 0.2074409
2.49100 0.2079728
2.49200 0.2085047
2.49300 0.2090366
2.49400 0.2095685
2.49500 0.21010040000000002
2.49600 0.21063230000000002
2.49700 0.21116419999999997
2.49800 0.2116961
2.49900 0.212228
2.50000 0.2127301
2.50100 0.21323219999999998
2.50200 0.2137343
2.50300 0.21423639999999997
2.50400 0.2147385
2.50500 0.2152406
2.50600 0.21574269999999998
2.50700 0.2162448
2.50800 0.21674689999999996
2.50900 0.21724899999999997
2.51000 0.21776429999999997
2.51100 0.21827959999999996
2.51200 0.21879489999999996
2.51300 0.21931019999999996
2.51400 0.21982549999999995
2.51500 0.2203408
2.51600 0.2208561
2.51700 0.2213714
2.51800 0.2218867
2.51900 0.222402
2.52000 0.2229606
2.52100 0.2235192
2.52200 0.22407779999999997
2.52300 0.22463639999999999
2.52400 0.22519499999999998
2.52500 0.2257536
2.52600 0.22631220000000002
2.52700 0.22687079999999998
2.52800 0.22742939999999998
2.52900 0.227988
2.53000 0.22855509999999998
2.53100 0.2291222
2.53200 0.22968929999999999
2.53300 0.23025639999999997
2.53400 0.2308235
2.53500 0.23139060000000003
2.53600 0.23195770000000002
2.53700 0.23252480000000003
2.53800 0.23309190000000002
2.53900 0.233659
2.54000 0.2341977
2.54100 0.2347364
2.54200 0.23527510000000001
2.54300 0.23581380000000002
2.54400 0.23635250000000002
2.54500 0.2368912
2.54600 0.23742990000000003
2.54700 0.2379686
2.54800 0.23850730000000003
2.54900 0.239046
2.55000 0.2395483
2.55100 0.2400506
2.55200 0.24055290000000001
2.55300 0.2410552
2.55400 0.2415575
2.55500 0.2420598
2.55600 0.2425621
2.55700 0.2430644
2.55800 0.2435667
2.55900 0.244069
2.56000 0.24457369999999998
2.56100 0.2450784
2.56200 0.2455831
2.56300 0.24608780000000002
2.56400 0.2465925
2.56500 0.24709719999999996
2.56600 0.24760189999999999
2.56700 0.24810659999999998
2.56800 0.2486113
2.56900 0.24911599999999998
2.57000 0.2496641
2.57100 0.2502122
2.57200 0.2507603
2.57300 0.2513084
2.57400 0.2518565
2.57500 0.2524046
2.57600 0.2529527
2.57700 0.25350079999999997
2.57800 0.2540489
2.57900 0.254597
2.58000 0.2551682
2.58100 0.2557394
2.58200 0.2563106
2.58300 0.2568818
2.58400 0.25745300000000004
2.58500 0.25802420000000004
2.58600 0.25859540000000003
2.58700 0.2591666
2.58800 0.2597378
2.58900 0.260309
2.59000 0.26086709999999996
2.59100 0.2614252
2.59200 0.2619833
2.59300 0.26254140000000004
2.59400 0.2630995
2.59500 0.2636576
2.59600 0.2642157
2.59700 0.2647738
2.59800 0.2653319
2.59900 0.26589
2.60000 0.2664048
2.60100 0.2669196
2.60200 0.2674344
2.60300 0.2679492
2.60400 0.268464
2.60500 0.2689788
2.60600 0.2694936
2.60700 0.2700084
2.60800 0.27052319999999996
2.60900 0.271038
2.61000 0.2715432
2.61100 0.27204839999999997
2.61200 0.2725536
2.61300 0.2730588
2.61400 0.27356400000000003
2.61500 0.27406919999999996
2.61600 0.2745744
2.61700 0.2750796
2.61800 0.27558479999999996
2.61900 0.27609
2.62000 0.2764114
2.62100 0.2767328
2.62200 0.2770542
2.62300 0.2773756
2.62400 0.27769699999999997
2.62500 0.2780184
2.62600 0.2783398
2.62700 0.2786612
2.62800 0.2789826
2.62900 0.279304
2.63000 0.2793832
2.63100 0.2794624
2.63200 0.2795416
2.63300 0.2796208
2.63400 0.27969999999999995
2.63500 0.2797792
2.63600 0.2798584
2.63700 0.2799376
2.63800 0.28001679999999995
2.63900 0.280096
2.64000 0.2801628
2.64100 0.2802296
2.64200 0.2802964
2.64300 0.2803632
2.64400 0.28043
2.64500 0.2804968
2.64600 0.2805636
2.64700 0.2806304
2.64800 0.2806972
2.64900 0.280764
