0.00000 -0.052925529549459775
0.00100 -0.10585105909891955
0.00200 -0.15877658864837932
0.00300 -0.1587092813211418
0.00400 -0.1586419739939042
0.00500 -0.15857466666666667
0.00600 -0.15850744444444445
0.00700 -0.15844022222222223
0.00800 -0.158373
0.00900 -0.15814077777777777
0.01000 -0.15790855555555555
0.01100 -0.15767633333333334
0.01200 -0.15718555555555555
0.01300 -0.15669477777777777
0.01400 -0.15620399999999998
0.01500 -0.15568955555555555
0.01600 -0.15517511111111112
0.01700 -0.15466066666666667
0.01800 -0.15407455555555555
0.01900 -0.15348844444444446
0.02000 -0.15290233333333333
0.02100 -0.15226944444444443
0.02200 -0.15163655555555555
0.02300 -0.15100366666666667
0.02400 -0.15035622222222222
0.02500 -0.14970877777777777
0.02600 -0.14906133333333335
0.02700 -0.14835444444444446
0.02800 -0.14764755555555556
0.02900 -0.14694066666666666
0.03000 -0.14621855555555555
0.03100 -0.14549644444444446
0.03200 -0.14477433333333334
0.03300 -0.14400488888888888
0.03400 -0.14323544444444444
0.03500 -0.142466
0.03600 -0.1416207777777778
0.03700 -0.14077555555555557
0.03800 -0.13993033333333335
0.03900 -0.13908111111111113
0.04000 -0.1382318888888889
0.04100 -0.13738266666666668
0.04200 -0.136559
0.04300 -0.13573533333333335
0.04400 -0.13491166666666668
0.04500 -0.134105
0.04600 -0.13329833333333332
0.04700 -0.13249166666666667
0.04800 -0.13167033333333333
0.04900 -0.13084900000000002
0.05000 -0.13002766666666668
0.05100 -0.12914444444444445
0.05200 -0.12826122222222222
0.05300 -0.127378
0.05400 -0.12647855555555557
0.05500 -0.1255791111111111
0.05600 -0.12467966666666667
0.05700 -0.1238231111111111
0.05800 -0.12296655555555557
0.05900 -0.12211
0.06000 -0.12132366666666666
0.06100 -0.12053733333333333
0.06200 -0.119751
0.06300 -0.11897266666666667
0.06400 -0.11819433333333333
0.06500 -0.117416
0.06600 -0.11667422222222222
0.06700 -0.11593244444444445
0.06800 -0.11519066666666666
0.06900 -0.114474
0.07000 -0.11375733333333332
0.07100 -0.11304066666666666
0.07200 -0.11235322222222222
0.07300 -0.11166577777777777
0.07400 -0.11097833333333333
0.07500 -0.11041677777777777
0.07600 -0.10985522222222222
0.07700 -0.10929366666666666
0.07800 -0.1087661111111111
0.07900 -0.10823855555555556
0.08000 -0.107711
0.08100 -0.10724766666666667
0.08200 -0.10678433333333333
0.08300 -0.106321
0.08400 -0.10596544444444445
0.08500 -0.10560988888888889
0.08600 -0.10525433333333334
0.08700 -0.10491244444444446
0.08800 -0.10457055555555556
0.08900 -0.10422866666666668
0.09000 -0.10396344444444444
0.09100 -0.10369822222222223
0.09200 -0.103433
0.09300 -0.10322166666666666
0.09400 -0.10301033333333333
0.09500 -0.10279899999999999
0.09600 -0.10261444444444444
0.09700 -0.10242988888888889
0.09800 -0.10224533333333334
0.09900 -0.10217911111111111
0.10000 -0.1021128888888889
0.10100 -0.10204666666666667
0.10200 -0.10201311111111111
0.10300 -0.10197955555555556
0.10400 -0.101946
0.10500 -0.10193044444444445
0.10600 -0.10191488888888889
0.10700 -0.10189933333333334
0.10800 -0.10191522222222223
0.10900 -0.1019311111111111
0.11000 -0.101947
0.11100 -0.10196911111111111
0.11200 -0.10199122222222222
0.11300 -0.10201333333333333
0.11400 -0.10209866666666667
0.11500 -0.102184
0.11600 -0.10226933333333334
0.11700 -0.1024
0.11800 -0.10253066666666666
0.11900 -0.10266133333333333
0.12000 -0.1028
0.12100 -0.10293866666666666
0.12200 -0.10307733333333334
0.12300 -0.10325200000000001
0.12400 -0.10342666666666667
0.12500 -0.10360133333333334
0.12600 -0.10378611111111112
0.12700 -0.10397088888888889
0.12800 -0.10415566666666666
0.12900 -0.10439
0.13000 -0.10462433333333333
0.13100 -0.10485866666666667
0.13200 -0.10518055555555555
0.13300 -0.10550244444444445
0.13400 -0.10582433333333334
0.13500 -0.10616144444444443
0.13600 -0.10649855555555555
0.13700 -0.10683566666666666
0.13800 -0.10730922222222222
0.13900 -0.10778277777777777
0.14000 -0.10825633333333333
0.14100 -0.10882988888888888
0.14200 -0.10940344444444444
0.14300 -0.10997699999999999
0.14400 -0.11060522222222223
0.14500 -0.11123344444444444
0.14600 -0.11186166666666668
0.14700 -0.11274311111111111
0.14800 -0.11362455555555556
0.14900 -0.114506
0.15000 -0.11546111111111111
0.15100 -0.11641622222222221
0.15200 -0.11737133333333333
0.15300 -0.11845499999999999
0.15400 -0.11953866666666667
0.15500 -0.12062233333333333
0.15600 -0.12193844444444445
0.15700 -0.12325455555555555
0.15800 -0.12457066666666666
0.15900 -0.12591366666666667
0.16000 -0.12725666666666666
0.16100 -0.12859966666666667
0.16200 -0.13004433333333335
0.16300 -0.131489
0.16400 -0.13293366666666667
0.16500 -0.13445466666666667
0.16600 -0.1359756666666667
0.16700 -0.13749666666666668
0.16800 -0.13908255555555557
0.16900 -0.14066844444444446
0.17000 -0.14225433333333334
0.17100 -0.14414922222222223
0.17200 -0.14604411111111112
0.17300 -0.14793900000000001
0.17400 -0.1499258888888889
0.17500 -0.15191277777777779
0.17600 -0.15389966666666668
0.17700 -0.15588222222222223
0.17800 -0.15786477777777777
0.17900 -0.15984733333333334
0.18000 -0.1618218888888889
0.18100 -0.16379644444444444
0.18200 -0.165771
0.18300 -0.16776
0.18400 -0.169749
0.18500 -0.17173799999999997
0.18600 -0.17403311111111108
0.18700 -0.17632822222222222
0.18800 -0.17862333333333333
0.18900 -0.1811531111111111
0.19000 -0.18368288888888887
0.19100 -0.18621266666666667
0.19200 -0.188724
0.19300 -0.1912353333333333
0.19400 -0.19374666666666665
0.19500 -0.19616277777777777
0.19600 -0.1985788888888889
0.19700 -0.200995
0.19800 -0.20338211111111112
0.19900 -0.20576922222222224
0.20000 -0.20815633333333336
0.20100 -0.21074755555555558
0.20200 -0.21333877777777777
0.20300 -0.21592999999999998
0.20400 -0.21890766666666664
0.20500 -0.22188533333333335
0.20600 -0.224863
0.20700 -0.22787244444444443
0.20800 -0.23088188888888891
0.20900 -0.23389133333333334
0.21000 -0.23675944444444444
0.21100 -0.23962755555555557
0.21200 -0.24249566666666666
0.21300 -0.24525277777777776
0.21400 -0.2480098888888889
0.21500 -0.250767
0.21600 -0.2536297777777778
0.21700 -0.25649255555555556
0.21800 -0.2593553333333333
0.21900 -0.26275366666666666
0.22000 -0.266152
0.22100 -0.26955033333333334
0.22200 -0.2731158888888889
0.22300 -0.2766814444444444
0.22400 -0.28024699999999997
0.22500 -0.28382277777777776
0.22600 -0.28739855555555555
0.22700 -0.29097433333333333
0.22800 -0.29457011111111114
0.22900 -0.2981658888888889
0.23000 -0.30176166666666665
0.23100 -0.30535677777777775
0.23200 -0.30895188888888886
0.23300 -0.31254699999999996
0.23400 -0.31608255555555553
0.23500 -0.3196181111111111
0.23600 -0.3231536666666667
0.23700 -0.32664133333333334
0.23800 -0.330129
0.23900 -0.3336166666666667
0.24000 -0.3371555555555556
0.24100 -0.3406944444444444
0.24200 -0.34423333333333334
0.24300 -0.3480377777777777
0.24400 -0.3518422222222222
0.24500 -0.35564666666666667
0.24600 -0.35953555555555555
0.24700 -0.3634244444444444
0.24800 -0.3673133333333333
0.24900 -0.37107111111111113
0.25000 -0.3748288888888889
0.25100 -0.3785866666666667
0.25200 -0.3820822222222222
0.25300 -0.3855777777777778
0.25400 -0.3890733333333333
0.25500 -0.39254999999999995
0.25600 -0.3960266666666667
0.25700 -0.3995033333333333
0.25800 -0.40320333333333336
0.25900 -0.40690333333333334
0.26000 -0.4106033333333334
0.26100 -0.41448444444444443
0.26200 -0.4183655555555556
0.26300 -0.42224666666666666
0.26400 -0.4260644444444444
0.26500 -0.4298822222222222
0.26600 -0.4337
0.26700 -0.4371688888888889
0.26800 -0.44063777777777774
0.26900 -0.44410666666666665
0.27000 -0.4474622222222222
0.27100 -0.45081777777777776
0.27200 -0.4541733333333333
0.27300 -0.4576455555555556
0.27400 -0.46111777777777774
0.27500 -0.46459
0.27600 -0.4683011111111111
0.27700 -0.4720122222222222
0.27800 -0.47572333333333333
0.27900 -0.47945
0.28000 -0.48317666666666664
0.28100 -0.4869033333333333
0.28200 -0.4903633333333333
0.28300 -0.4938233333333333
0.28400 -0.4972833333333333
0.28500 -0.5005211111111111
0.28600 -0.5037588888888889
0.28700 -0.5069966666666667
0.28800 -0.5103366666666667
0.28900 -0.5136766666666667
0.29000 -0.5170166666666667
0.29100 -0.5209288888888889
0.29200 -0.5248411111111111
0.29300 -0.5287533333333333
0.29400 -0.5328577777777778
0.29500 -0.5369622222222222
0.29600 -0.5410666666666667
0.29700 -0.5451155555555556
0.29800 -0.5491644444444445
0.29900 -0.5532133333333333
0.30000 -0.5571488888888889
0.30100 -0.5610844444444444
0.30200 -0.56502
0.30300 -0.5689622222222223
0.30400 -0.5729044444444444
0.30500 -0.5768466666666666
0.30600 -0.5812811111111111
0.30700 -0.5857155555555555
0.30800 -0.5901500000000001
0.30900 -0.5950088888888889
0.31000 -0.5998677777777778
0.31100 -0.6047266666666666
0.31200 -0.6095422222222222
0.31300 -0.6143577777777778
0.31400 -0.6191733333333334
0.31500 -0.62373
0.31600 -0.6282866666666667
0.31700 -0.6328433333333333
0.31800 -0.63731
0.31900 -0.6417766666666667
0.32000 -0.6462433333333334
0.32100 -0.6509544444444445
0.32200 -0.6556655555555556
0.32300 -0.6603766666666667
0.32400 -0.6656066666666667
0.32500 -0.6708366666666666
0.32600 -0.6760666666666667
0.32700 -0.68135
0.32800 -0.6866333333333334
0.32900 -0.6919166666666667
0.33000 -0.6970000000000001
0.33100 -0.7020833333333334
0.33200 -0.7071666666666667
0.33300 -0.7120722222222223
0.33400 -0.7169777777777777
0.33500 -0.7218833333333333
0.33600 -0.72682
0.33700 -0.7317566666666666
0.33800 -0.7366933333333333
0.33900 -0.7418144444444444
0.34000 -0.7469355555555556
0.34100 -0.7520566666666667
0.34200 -0.7572433333333333
0.34300 -0.76243
0.34400 -0.7676166666666666
0.34500 -0.772851111111111
0.34600 -0.7780855555555556
0.34700 -0.7833199999999999
0.34800 -0.7886566666666667
0.34900 -0.7939933333333333
0.35000 -0.79933
0.35100 -0.804668888888889
0.35200 -0.8100077777777778
0.35300 -0.8153466666666667
0.35400 -0.8203188888888889
0.35500 -0.8252911111111111
0.35600 -0.8302633333333334
0.35700 -0.8349088888888888
0.35800 -0.8395544444444445
0.35900 -0.8442
0.36000 -0.8489277777777778
0.36100 -0.8536555555555555
0.36200 -0.8583833333333333
0.36300 -0.8636266666666667
0.36400 -0.8688699999999999
0.36500 -0.8741133333333333
0.36600 -0.8795433333333333
0.36700 -0.8849733333333333
0.36800 -0.8904033333333333
0.36900 -0.8957733333333332
0.37000 -0.9011433333333333
0.37100 -0.9065133333333333
0.37200 -0.9117511111111111
0.37300 -0.916988888888889
0.37400 -0.9222266666666666
0.37500 -0.9274611111111111
0.37600 -0.9326955555555556
0.37700 -0.93793
0.37800 -0.9435955555555555
0.37900 -0.9492611111111112
0.38000 -0.9549266666666667
0.38100 -0.9609877777777779
0.38200 -0.9670488888888888
0.38300 -0.97311
0.38400 -0.9791244444444445
0.38500 -0.9851388888888889
0.38600 -0.9911533333333334
0.38700 -0.9968500000000001
0.38800 -1.0025466666666667
0.38900 -1.0082433333333334
0.39000 -1.0138233333333333
0.39100 -1.0194033333333332
0.39200 -1.0249833333333334
0.39300 -1.0307855555555554
0.39400 -1.0365877777777779
0.39500 -1.04239
0.39600 -1.0486955555555555
0.39700 -1.055001111111111
0.39800 -1.0613066666666666
0.39900 -1.0676688888888888
0.40000 -1.0740311111111112
0.40100 -1.0803933333333333
0.40200 -1.0864044444444445
0.40300 -1.0924155555555555
0.40400 -1.0984266666666667
0.40500 -1.10411
0.40600 -1.1097933333333334
0.40700 -1.1154766666666667
0.40800 -1.121221111111111
0.40900 -1.1269655555555556
0.41000 -1.13271
0.41100 -1.1388755555555556
0.41200 -1.1450411111111112
0.41300 -1.1512066666666667
0.41400 -1.1575322222222222
0.41500 -1.1638577777777777
0.41600 -1.1701833333333334
0.41700 -1.1762911111111112
0.41800 -1.1823988888888888
0.41900 -1.1885066666666666
0.42000 -1.1941066666666666
0.42100 -1.1997066666666667
0.42200 -1.2053066666666667
0.42300 -1.210841111111111
0.42400 -1.2163755555555555
0.42500 -1.22191
0.42600 -1.227572222222222
0.42700 -1.2332344444444445
0.42800 -1.2388966666666665
0.42900 -1.2446822222222222
0.43000 -1.2504677777777777
0.43100 -1.2562533333333332
0.43200 -1.2619577777777777
0.43300 -1.2676622222222222
0.43400 -1.2733666666666668
0.43500 -1.2785333333333333
0.43600 -1.2837
0.43700 -1.2888666666666666
0.43800 -1.2938266666666667
0.43900 -1.2987866666666668
0.44000 -1.3037466666666666
0.44100 -1.3086977777777777
0.44200 -1.3136488888888889
0.44300 -1.3186
0.44400 -1.3235333333333335
0.44500 -1.3284666666666667
0.44600 -1.3334000000000001
0.44700 -1.3383255555555555
0.44800 -1.3432511111111112
0.44900 -1.3481766666666666
0.45000 -1.3529244444444444
0.45100 -1.3576722222222222
0.45200 -1.36242
0.45300 -1.3669933333333333
0.45400 -1.3715666666666666
0.45500 -1.3761400000000001
0.45600 -1.3806133333333335
0.45700 -1.3850866666666668
0.45800 -1.3895600000000001
0.45900 -1.3933888888888888
0.46000 -1.397217777777778
0.46100 -1.4010466666666668
0.46200 -1.4046200000000002
0.46300 -1.4081933333333332
0.46400 -1.4117666666666666
0.46500 -1.4153666666666664
0.46600 -1.4189666666666667
0.46700 -1.4225666666666665
0.46800 -1.4262277777777779
0.46900 -1.4298888888888888
0.47000 -1.43355
0.47100 -1.437208888888889
0.47200 -1.4408677777777779
0.47300 -1.4445266666666667
0.47400 -1.4476377777777778
0.47500 -1.4507488888888889
0.47600 -1.45386
0.47700 -1.4564288888888888
0.47800 -1.4589977777777776
0.47900 -1.4615666666666665
0.48000 -1.46412
0.48100 -1.4666733333333333
0.48200 -1.4692266666666667
0.48300 -1.4717555555555555
0.48400 -1.4742844444444445
0.48500 -1.4768133333333333
0.48600 -1.4793333333333332
0.48700 -1.4818533333333335
0.48800 -1.4843733333333333
0.48900 -1.4866322222222221
0.49000 -1.4888911111111112
0.49100 -1.49115
0.49200 -1.492758888888889
0.49300 -1.4943677777777777
0.49400 -1.4959766666666667
0.49500 -1.4974833333333335
0.49600 -1.49899
0.49700 -1.5004966666666668
0.49800 -1.5017555555555555
0.49900 -1.5030144444444444
0.50000 -1.5042733333333331
0.50100 -1.5052788888888886
0.50200 -1.5062844444444445
0.50300 -1.50729
0.50400 -1.5082055555555556
0.50500 -1.509121111111111
0.50600 -1.5100366666666665
0.50700 -1.510348888888889
0.50800 -1.510661111111111
0.50900 -1.5109733333333333
0.51000 -1.5110366666666666
0.51100 -1.5110999999999999
0.51200 -1.5111633333333332
0.51300 -1.5109544444444445
0.51400 -1.5107455555555553
0.51500 -1.5105366666666666
0.51600 -1.5096366666666665
0.51700 -1.5087366666666666
0.51800 -1.5078366666666667
0.51900 -1.5068255555555554
0.52000 -1.5058144444444446
0.52100 -1.5048033333333333
0.52200 -1.5034744444444443
0.52300 -1.5021455555555556
0.52400 -1.5008166666666665
0.52500 -1.499158888888889
0.52600 -1.497501111111111
0.52700 -1.4958433333333332
0.52800 -1.4940666666666667
0.52900 -1.49229
0.53000 -1.4905133333333334
0.53100 -1.48792
0.53200 -1.4853266666666667
0.53300 -1.4827333333333332
0.53400 -1.4797933333333333
0.53500 -1.4768533333333334
0.53600 -1.4739133333333332
0.53700 -1.4709444444444444
0.53800 -1.4679755555555554
0.53900 -1.4650066666666666
0.54000 -1.461957777777778
0.54100 -1.4589088888888888
0.54200 -1.4558600000000002
0.54300 -1.4527866666666667
0.54400 -1.4497133333333334
0.54500 -1.4466400000000001
0.54600 -1.4429
0.54700 -1.43916
0.54800 -1.43542
0.54900 -1.43097
0.55000 -1.42652
0.55100 -1.42207
0.55200 -1.4176166666666667
0.55300 -1.4131633333333333
0.55400 -1.4087100000000001
0.55500 -1.4043688888888888
0.55600 -1.4000277777777779
0.55700 -1.3956866666666665
0.55800 -1.3913955555555555
0.55900 -1.3871044444444445
0.56000 -1.3828133333333332
0.56100 -1.378168888888889
0.56200 -1.3735244444444443
0.56300 -1.3688799999999999
0.56400 -1.36329
0.56500 -1.3577000000000001
0.56600 -1.35211
0.56700 -1.3463655555555556
0.56800 -1.340621111111111
0.56900 -1.3348766666666665
0.57000 -1.3289544444444443
0.57100 -1.3230322222222222
0.57200 -1.31711
0.57300 -1.3109955555555557
0.57400 -1.3048811111111112
0.57500 -1.2987666666666666
0.57600 -1.292631111111111
0.57700 -1.2864955555555555
0.57800 -1.28036
0.57900 -1.2741044444444445
0.58000 -1.2678488888888888
0.58100 -1.2615933333333333
0.58200 -1.2552855555555555
0.58300 -1.2489777777777777
0.58400 -1.24267
0.58500 -1.2360766666666667
0.58600 -1.2294833333333333
0.58700 -1.22289
0.58800 -1.2155155555555555
0.58900 -1.208141111111111
0.59000 -1.2007666666666668
0.59100 -1.1932622222222222
0.59200 -1.1857577777777777
0.59300 -1.1782533333333334
0.59400 -1.1707077777777777
0.59500 -1.1631622222222222
0.59600 -1.1556166666666667
0.59700 -1.1480277777777779
0.59800 -1.140438888888889
0.59900 -1.1328500000000001
0.60000 -1.1251577777777777
0.60100 -1.1174655555555557
0.60200 -1.1097733333333333
0.60300 -1.1012611111111112
0.60400 -1.0927488888888888
0.60500 -1.0842366666666667
0.60600 -1.0753511111111111
0.60700 -1.0664655555555556
0.60800 -1.05758
0.60900 -1.048831111111111
0.61000 -1.0400822222222221
0.61100 -1.0313333333333332
0.61200 -1.0229722222222222
0.61300 -1.0146111111111111
0.61400 -1.0062499999999999
0.61500 -0.9979477777777778
0.61600 -0.9896455555555556
0.61700 -0.9813433333333333
0.61800 -0.9724677777777778
0.61900 -0.9635922222222222
0.62000 -0.9547166666666667
0.62100 -0.9451944444444443
0.62200 -0.9356722222222222
0.62300 -0.9261499999999999
0.62400 -0.9166777777777777
0.62500 -0.9072055555555556
0.62600 -0.8977333333333334
0.62700 -0.8888733333333333
0.62800 -0.8800133333333333
0.62900 -0.8711533333333333
0.63000 -0.8625766666666667
0.63100 -0.854
0.63200 -0.8454233333333333
0.63300 -0.836601111111111
0.63400 -0.827778888888889
0.63500 -0.8189566666666667
0.63600 -0.8094255555555555
0.63700 -0.7998944444444445
0.63800 -0.7903633333333334
0.63900 -0.7807144444444445
0.64000 -0.7710655555555556
0.64100 -0.7614166666666667
0.64200 -0.7522922222222223
0.64300 -0.7431677777777778
0.64400 -0.7340433333333333
0.64500 -0.7255255555555555
0.64600 -0.7170077777777778
0.64700 -0.70849
0.64800 -0.6999422222222221
0.64900 -0.6913944444444445
0.65000 -0.6828466666666667
0.65100 -0.6738533333333333
0.65200 -0.66486
0.65300 -0.6558666666666667
0.65400 -0.6466611111111111
0.65500 -0.6374555555555556
0.65600 -0.62825
0.65700 -0.6193166666666666
0.65800 -0.6103833333333333
0.65900 -0.6014499999999999
0.66000 -0.5933177777777777
0.66100 -0.5851855555555555
0.66200 -0.5770533333333333
0.66300 -0.5690633333333334
0.66400 -0.5610733333333333
0.66500 -0.5530833333333333
0.66600 -0.5446444444444444
0.66700 -0.5362055555555555
0.66800 -0.5277666666666666
0.66900 -0.5188011111111112
0.67000 -0.5098355555555555
0.67100 -0.50087
0.67200 -0.4919166666666666
0.67300 -0.48296333333333336
0.67400 -0.47401
0.67500 -0.46536222222222223
0.67600 -0.4567144444444444
0.67700 -0.44806666666666667
0.67800 -0.43956666666666666
0.67900 -0.4310666666666667
0.68000 -0.4225666666666667
0.68100 -0.4141711111111111
0.68200 -0.40577555555555556
0.68300 -0.39738
0.68400 -0.3893
0.68500 -0.38122000000000006
0.68600 -0.37314
0.68700 -0.3651155555555556
0.68800 -0.3570911111111111
0.68900 -0.34906666666666664
0.69000 -0.34085633333333326
0.69100 -0.332646
0.69200 -0.3244356666666667
0.69300 -0.31599977777777777
0.69400 -0.3075638888888889
0.69500 -0.299128
0.69600 -0.2907835555555555
0.69700 -0.28243911111111114
0.69800 -0.27409466666666665
0.69900 -0.2666777777777778
0.70000 -0.2592608888888889
0.70100 -0.251844
0.70200 -0.24488977777777776
0.70300 -0.23793555555555557
0.70400 -0.23098133333333334
0.70500 -0.22390444444444446
0.70600 -0.21682755555555555
0.70700 -0.20975066666666667
0.70800 -0.20229422222222224
0.70900 -0.19483777777777778
0.71000 -0.18738133333333332
0.71100 -0.17985688888888887
0.71200 -0.17233244444444443
0.71300 -0.16480799999999998
0.71400 -0.15797599999999998
0.71500 -0.151144
0.71600 -0.144312
0.71700 -0.13833433333333334
0.71800 -0.13235666666666665
0.71900 -0.126379
0.72000 -0.12043277777777778
0.72100 -0.11448655555555555
0.72200 -0.10854033333333334
0.72300 -0.1025431111111111
0.72400 -0.09654588888888889
0.72500 -0.09054866666666667
0.72600 -0.08452544444444444
0.72700 -0.07850222222222222
0.72800 -0.072479
0.72900 -0.066784
0.73000 -0.061089
0.73100 -0.055394
0.73200 -0.05073888888888889
0.73300 -0.04608377777777778
0.73400 -0.04142866666666666
0.73500 -0.03697682222222222
0.73600 -0.032524977777777776
0.73700 -0.028073133333333333
0.73800 -0.02359267777777778
0.73900 -0.01911222222222222
0.74000 -0.014631766666666665
0.74100 -0.010115158888888887
0.74200 -0.00559855111111111
0.74300 -0.0010819433333333326
0.74400 0.003378348888888889
0.74500 0.007838641111111112
0.74600 0.012298933333333333
0.74700 0.016186233333333334
0.74800 0.020073533333333334
0.74900 0.023960833333333334
0.75000 0.02754877777777778
0.75100 0.031136722222222222
0.75200 0.03472466666666667
0.75300 0.03832033333333333
0.75400 0.041916
0.75500 0.045511666666666666
0.75600 0.049132777777777775
0.75700 0.052753888888888885
0.75800 0.056375
0.75900 0.06
0.76000 0.063625
0.76100 0.06725
0.76200 0.07060755555555556
0.76300 0.0739651111111111
0.76400 0.07732266666666666
0.76500 0.08033533333333333
0.76600 0.08334799999999999
0.76700 0.08636066666666666
0.76800 0.08933722222222222
0.76900 0.09231377777777777
0.77000 0.09529033333333332
0.77100 0.09806833333333333
0.77200 0.10084633333333333
0.77300 0.10362433333333333
0.77400 0.106296
0.77500 0.10896766666666667
0.77600 0.11163933333333333
0.77700 0.11421022222222221
0.77800 0.11678111111111111
0.77900 0.119352
0.78000 0.12158777777777778
0.78100 0.12382355555555556
0.78200 0.12605933333333333
0.78300 0.12822333333333333
0.78400 0.13038733333333333
0.78500 0.13255133333333333
0.78600 0.1339281111111111
0.78700 0.1353048888888889
0.78800 0.13668166666666667
0.78900 0.13702077777777777
0.79000 0.1373598888888889
0.79100 0.137699
0.79200 0.13798511111111111
0.79300 0.1382712222222222
0.79400 0.13855733333333334
