0 -0.4763297659451382
0.001 -0.475724
0.002 -0.475119
0.003 -0.473029
0.004 -0.468612
0.005 -0.463982
0.006 -0.458707
0.007 -0.453011
0.008 -0.447184
0.009 -0.440822
0.010 -0.434323
0.011 -0.427398
0.012 -0.419791
0.013 -0.412148
0.014 -0.404735
0.015 -0.397475
0.016 -0.390083
0.017 -0.382134
0.018 -0.374039
0.019 -0.36633
0.020 -0.359253
0.021 -0.352248
0.022 -0.345572
0.023 -0.339122
0.024 -0.332935
0.025 -0.327881
0.026 -0.323133
0.027 -0.318963
0.028 -0.315763
0.029 -0.312686
0.030 -0.310299
0.031 -0.308397
0.032 -0.306736
0.033 -0.30614
0.034 -0.305838
0.035 -0.305698
0.036 -0.305841
0.037 -0.30604
0.038 -0.306808
0.039 -0.307984
0.040 -0.309232
0.041 -0.310804
0.042 -0.312467
0.043 -0.314576
0.044 -0.317473
0.045 -0.320507
0.046 -0.324769
0.047 -0.329931
0.048 -0.335585
0.049 -0.343518
0.050 -0.352114
0.051 -0.361867
0.052 -0.373712
0.053 -0.385799
0.054 -0.398801
0.055 -0.41249
0.056 -0.426763
0.057 -0.443817
0.058 -0.461699
0.059 -0.479542
0.060 -0.497313
0.061 -0.515214
0.062 -0.53587
0.063 -0.558638
0.064 -0.58124
0.065 -0.602985
0.066 -0.624469
0.067 -0.64779
0.068 -0.674589
0.069 -0.701674
0.070 -0.727487
0.071 -0.752301
0.072 -0.778066
0.073 -0.808651
0.074 -0.840741
0.075 -0.872923
0.076 -0.905285
0.077 -0.937641
0.078 -0.969461
0.079 -1.00085
0.080 -1.0327
0.081 -1.06694
0.082 -1.10194
0.083 -1.13576
0.084 -1.16722
0.085 -1.19851
0.086 -1.23181
0.087 -1.26674
0.088 -1.3011
0.089 -1.33232
0.090 -1.36252
0.091 -1.39377
0.092 -1.42717
0.093 -1.46071
0.094 -1.49185
0.095 -1.52099
0.096 -1.55105
0.097 -1.58626
0.098 -1.6232
0.099 -1.65964
0.100 -1.69506
0.101 -1.73054
0.102 -1.77045
0.103 -1.81418
0.104 -1.85752
0.105 -1.89853
0.106 -1.93873
0.107 -1.98113
0.108 -2.0282
0.109 -2.07575
0.110 -2.1215
0.111 -2.16565
0.112 -2.21008
0.113 -2.25617
0.114 -2.30285
0.115 -2.34996
0.116 -2.39799
0.117 -2.44604
0.118 -2.49079
0.119 -2.5326
0.120 -2.57515
0.121 -2.62234
0.122 -2.67121
0.123 -2.71954
0.124 -2.76668
0.125 -2.81379
0.126 -2.86478
0.127 -2.91933
0.128 -2.97346
0.129 -3.02473
0.130 -3.07495
0.131 -3.12717
0.132 -3.18392
0.133 -3.24118
0.134 -3.29528
0.135 -3.34643
0.136 -3.39813
0.137 -3.45362
0.138 -3.51055
0.139 -3.56552
0.140 -3.61592
0.141 -3.66573
0.142 -3.71669
0.143 -3.76876
0.144 -3.8201
0.145 -3.8666
0.146 -3.91124
0.147 -3.9558
0.148 -4.0002
0.149 -4.04453
0.150 -4.08726
0.151 -4.12842
0.152 -4.16868
0.153 -4.20314
0.154 -4.2353
0.155 -4.2677
0.156 -4.30065
0.157 -4.33358
0.158 -4.36158
0.159 -4.3847
0.160 -4.40768
0.161 -4.43044
0.162 -4.45312
0.163 -4.47345
0.164 -4.48793
0.165 -4.50149
0.166 -4.51282
0.167 -4.52187
0.168 -4.53011
0.169 -4.53292
0.170 -4.53349
0.171 -4.53161
0.172 -4.52351
0.173 -4.51441
0.174 -4.50245
0.175 -4.48753
0.176 -4.47154
0.177 -4.4482
0.178 -4.42174
0.179 -4.39502
0.180 -4.36758
0.181 -4.33992
0.182 -4.30626
0.183 -4.26621
0.184 -4.22613
0.185 -4.18706
0.186 -4.14844
0.187 -4.10664
0.188 -4.05633
0.189 -4.00463
0.190 -3.95133
0.191 -3.8963
0.192 -3.84108
0.193 -3.78478
0.194 -3.72801
0.195 -3.66867
0.196 -3.6023
0.197 -3.53476
0.198 -3.46685
0.199 -3.39855
0.200 -3.32932
0.201 -3.25271
0.202 -3.17274
0.203 -3.094
0.204 -3.01875
0.205 -2.94403
0.206 -2.86415
0.207 -2.77845
0.208 -2.6932
0.209 -2.61346
0.210 -2.53627
0.211 -2.45687
0.212 -2.37109
0.213 -2.28425
0.214 -2.20213
0.215 -2.12547
0.216 -2.04854
0.217 -1.9676
0.218 -1.88475
0.219 -1.80435
0.220 -1.73116
0.221 -1.65925
0.222 -1.5833
0.223 -1.50261
0.224 -1.42203
0.225 -1.3442
0.226 -1.2677
0.227 -1.19214
0.228 -1.11942
0.229 -1.0472
0.230 -0.973307
0.231 -0.897384
0.232 -0.822284
0.233 -0.755532
0.234 -0.692944
0.235 -0.629252
0.236 -0.562144
0.237 -0.494424
0.238 -0.432936
0.239 -0.379137
0.240 -0.325621
0.241 -0.271646
0.242 -0.217437
0.243 -0.166182
0.244 -0.124286
0.245 -0.0842194
0.246 -0.0438953
0.247 -0.00324583
0.248 0.0368968
0.249 0.0718825
0.250 0.104174
0.251 0.136535
0.252 0.169125
0.253 0.20175
0.254 0.231968
0.255 0.259082
0.256 0.285871
0.257 0.310873
0.258 0.334918
0.259 0.358056
0.260 0.378178
0.261 0.397654
0.262 0.410045
0.263 0.413097
0.264 0.415672
