0.00000 -0.02545181596928711
0.00100 -0.05090363193857422
0.00200 -0.07635544790786133
0.00300 -0.07669807638301866
0.00400 -0.077040704858176
0.00500 -0.07738333333333333
0.00600 -0.077726
0.00700 -0.07806866666666666
0.00800 -0.07841133333333333
0.00900 -0.079594
0.01000 -0.08077666666666668
0.01100 -0.08195933333333334
0.01200 -0.08445822222222223
0.01300 -0.08695711111111111
0.01400 -0.089456
0.01500 -0.09206933333333334
0.01600 -0.09468266666666665
0.01700 -0.097296
0.01800 -0.10017877777777777
0.01900 -0.10306155555555556
0.02000 -0.10594433333333332
0.02100 -0.1090031111111111
0.02200 -0.11206188888888889
0.02300 -0.11512066666666666
0.02400 -0.11817877777777779
0.02500 -0.1212368888888889
0.02600 -0.124295
0.02700 -0.12735066666666667
0.02800 -0.13040633333333335
0.02900 -0.133462
0.03000 -0.136517
0.03100 -0.139572
0.03200 -0.142627
0.03300 -0.14584555555555556
0.03400 -0.1490641111111111
0.03500 -0.15228266666666665
0.03600 -0.15576366666666666
0.03700 -0.15924466666666667
0.03800 -0.16272566666666669
0.03900 -0.16621355555555556
0.04000 -0.16970144444444446
0.04100 -0.17318933333333333
0.04200 -0.17648222222222223
0.04300 -0.1797751111111111
0.04400 -0.183068
0.04500 -0.1862302222222222
0.04600 -0.18939244444444445
0.04700 -0.19255466666666665
0.04800 -0.19578222222222222
0.04900 -0.19900977777777776
0.05000 -0.20223733333333335
0.05100 -0.20573866666666665
0.05200 -0.20924
0.05300 -0.21274133333333334
0.05400 -0.21631488888888892
0.05500 -0.21988844444444444
0.05600 -0.22346200000000002
0.05700 -0.2268827777777778
0.05800 -0.23030355555555557
0.05900 -0.23372433333333334
0.06000 -0.23689444444444444
0.06100 -0.2400645555555556
0.06200 -0.24323466666666668
0.06300 -0.24640255555555557
0.06400 -0.24957044444444443
0.06500 -0.25273833333333334
0.06600 -0.2561845555555556
0.06700 -0.25963077777777777
0.06800 -0.263077
0.06900 -0.26671388888888886
0.07000 -0.2703507777777778
0.07100 -0.2739876666666667
0.07200 -0.27756600000000003
0.07300 -0.28114433333333333
0.07400 -0.2847226666666667
0.07500 -0.288048
0.07600 -0.2913733333333333
0.07700 -0.29469866666666666
0.07800 -0.29795577777777776
0.07900 -0.3012128888888889
0.08000 -0.30447
0.08100 -0.3078868888888889
0.08200 -0.3113037777777778
0.08300 -0.31472066666666665
0.08400 -0.3184063333333333
0.08500 -0.322092
0.08600 -0.3257776666666667
0.08700 -0.32947066666666663
0.08800 -0.3331636666666667
0.08900 -0.33685666666666664
0.09000 -0.3403088888888888
0.09100 -0.34376111111111113
0.09200 -0.3472133333333333
0.09300 -0.3504966666666667
0.09400 -0.35378
0.09500 -0.35706333333333334
0.09600 -0.3603966666666667
0.09700 -0.36372999999999994
0.09800 -0.3670633333333333
0.09900 -0.37061999999999995
0.10000 -0.37417666666666666
0.10100 -0.3777333333333333
0.10200 -0.38135222222222226
0.10300 -0.3849711111111111
0.10400 -0.38859
0.10500 -0.39211666666666667
0.10600 -0.39564333333333335
0.10700 -0.39917
0.10800 -0.4025377777777778
0.10900 -0.4059055555555555
0.11000 -0.4092733333333333
0.11100 -0.4126288888888889
0.11200 -0.41598444444444443
0.11300 -0.41934
0.11400 -0.42270777777777774
0.11500 -0.42607555555555554
0.11600 -0.42944333333333334
0.11700 -0.43281888888888886
0.11800 -0.4361944444444445
0.11900 -0.43957
0.12000 -0.4429755555555555
0.12100 -0.4463811111111111
0.12200 -0.4497866666666666
0.12300 -0.45332666666666666
0.12400 -0.4568666666666666
0.12500 -0.46040666666666663
0.12600 -0.46398444444444437
0.12700 -0.4675622222222222
0.12800 -0.47113999999999995
0.12900 -0.47461666666666663
0.13000 -0.4780933333333333
0.13100 -0.48157
0.13200 -0.4848655555555555
0.13300 -0.4881611111111111
0.13400 -0.49145666666666665
0.13500 -0.4947522222222222
0.13600 -0.4980477777777778
0.13700 -0.5013433333333334
0.13800 -0.50491
0.13900 -0.5084766666666667
0.14000 -0.5120433333333333
0.14100 -0.51581
0.14200 -0.5195766666666667
0.14300 -0.5233433333333334
0.14400 -0.5270644444444444
0.14500 -0.5307855555555555
0.14600 -0.5345066666666667
0.14700 -0.5380155555555556
0.14800 -0.5415244444444445
0.14900 -0.5450333333333334
0.15000 -0.54848
0.15100 -0.5519266666666667
0.15200 -0.5553733333333334
0.15300 -0.5589622222222222
0.15400 -0.5625511111111111
0.15500 -0.56614
0.15600 -0.5699844444444445
0.15700 -0.5738288888888888
0.15800 -0.5776733333333334
0.15900 -0.5815266666666666
0.16000 -0.58538
0.16100 -0.5892333333333334
0.16200 -0.5928122222222222
0.16300 -0.5963911111111111
0.16400 -0.59997
0.16500 -0.6033411111111111
0.16600 -0.6067122222222222
0.16700 -0.6100833333333333
0.16800 -0.6135
0.16900 -0.6169166666666667
0.17000 -0.6203333333333333
0.17100 -0.6239633333333333
0.17200 -0.6275933333333333
0.17300 -0.6312233333333334
0.17400 -0.6349155555555556
0.17500 -0.6386077777777778
0.17600 -0.6423
0.17700 -0.6458177777777778
0.17800 -0.6493355555555556
0.17900 -0.6528533333333334
0.18000 -0.6560444444444444
0.18100 -0.6592355555555556
0.18200 -0.6624266666666666
0.18300 -0.66559
0.18400 -0.6687533333333334
0.18500 -0.6719166666666667
0.18600 -0.6751544444444445
0.18700 -0.6783922222222222
0.18800 -0.6816300000000001
0.18900 -0.6849255555555556
0.19000 -0.6882211111111111
0.19100 -0.6915166666666667
0.19200 -0.6947399999999999
0.19300 -0.6979633333333334
0.19400 -0.7011866666666666
0.19500 -0.70406
0.19600 -0.7069333333333333
0.19700 -0.7098066666666667
0.19800 -0.7125733333333333
0.19900 -0.71534
0.20000 -0.7181066666666666
0.20100 -0.7208155555555554
0.20200 -0.7235244444444445
0.20300 -0.7262333333333334
0.20400 -0.7288333333333333
0.20500 -0.7314333333333334
0.20600 -0.7340333333333334
0.20700 -0.7366100000000001
0.20800 -0.7391866666666668
0.20900 -0.7417633333333334
0.21000 -0.7440888888888889
0.21100 -0.7464144444444445
0.21200 -0.7487400000000001
0.21300 -0.7508677777777778
0.21400 -0.7529955555555555
0.21500 -0.7551233333333333
0.21600 -0.7572133333333334
0.21700 -0.7593033333333333
0.21800 -0.7613933333333334
0.21900 -0.763298888888889
0.22000 -0.7652044444444445
0.22100 -0.7671100000000001
0.22200 -0.7689588888888889
0.22300 -0.7708077777777778
0.22400 -0.7726566666666667
0.22500 -0.7744488888888889
0.22600 -0.776241111111111
0.22700 -0.7780333333333332
0.22800 -0.7797166666666667
0.22900 -0.7814
0.23000 -0.7830833333333334
0.23100 -0.7847411111111112
0.23200 -0.7863988888888889
0.23300 -0.7880566666666667
0.23400 -0.78938
0.23500 -0.7907033333333334
0.23600 -0.7920266666666667
0.23700 -0.793081111111111
0.23800 -0.7941355555555556
0.23900 -0.79519
0.24000 -0.7962411111111112
0.24100 -0.7972922222222222
0.24200 -0.7983433333333334
0.24300 -0.7993811111111112
0.24400 -0.8004188888888889
0.24500 -0.8014566666666667
0.24600 -0.8024911111111112
0.24700 -0.8035255555555555
0.24800 -0.8045599999999999
0.24900 -0.8054311111111111
0.25000 -0.8063022222222221
0.25100 -0.8071733333333334
0.25200 -0.8077222222222223
0.25300 -0.808271111111111
0.25400 -0.80882
0.25500 -0.8093311111111111
0.25600 -0.8098422222222222
0.25700 -0.8103533333333334
0.25800 -0.8107833333333333
0.25900 -0.8112133333333333
0.26000 -0.8116433333333334
0.26100 -0.8120066666666667
0.26200 -0.81237
0.26300 -0.8127333333333334
0.26400 -0.8130422222222222
0.26500 -0.8133511111111112
0.26600 -0.81366
0.26700 -0.8136855555555557
0.26800 -0.813711111111111
0.26900 -0.8137366666666667
0.27000 -0.8136688888888889
0.27100 -0.8136011111111111
0.27200 -0.8135333333333333
0.27300 -0.8133288888888889
0.27400 -0.8131244444444444
0.27500 -0.81292
0.27600 -0.8124366666666667
0.27700 -0.8119533333333333
0.27800 -0.81147
0.27900 -0.8109466666666667
0.28000 -0.8104233333333334
0.28100 -0.8099
0.28200 -0.8091577777777778
0.28300 -0.8084155555555556
0.28400 -0.8076733333333334
0.28500 -0.8067477777777778
0.28600 -0.8058222222222221
0.28700 -0.8048966666666666
0.28800 -0.8038466666666667
0.28900 -0.8027966666666666
0.29000 -0.8017466666666667
0.29100 -0.8000188888888888
0.29200 -0.7982911111111112
0.29300 -0.7965633333333333
0.29400 -0.79461
0.29500 -0.7926566666666667
0.29600 -0.7907033333333334
0.29700 -0.7886333333333333
0.29800 -0.7865633333333334
0.29900 -0.7844933333333333
0.30000 -0.7821833333333332
0.30100 -0.7798733333333333
0.30200 -0.7775633333333333
0.30300 -0.7752022222222222
0.30400 -0.7728411111111111
0.30500 -0.77048
0.30600 -0.7674866666666667
0.30700 -0.7644933333333334
0.30800 -0.7615
0.30900 -0.7579655555555554
0.31000 -0.7544311111111112
0.31100 -0.7508966666666667
0.31200 -0.7473622222222223
0.31300 -0.7438277777777778
0.31400 -0.7402933333333334
0.31500 -0.7367900000000001
0.31600 -0.7332866666666668
0.31700 -0.7297833333333333
0.31800 -0.7262911111111111
0.31900 -0.7227988888888889
0.32000 -0.7193066666666666
0.32100 -0.71545
0.32200 -0.7115933333333332
0.32300 -0.7077366666666666
0.32400 -0.7031066666666667
0.32500 -0.6984766666666666
0.32600 -0.6938466666666666
0.32700 -0.6891277777777778
0.32800 -0.684408888888889
0.32900 -0.67969
0.33000 -0.6750711111111111
0.33100 -0.6704522222222223
0.33200 -0.6658333333333334
0.33300 -0.6613011111111111
0.33400 -0.6567688888888888
0.33500 -0.6522366666666667
0.33600 -0.6476
0.33700 -0.6429633333333333
0.33800 -0.6383266666666666
0.33900 -0.63308
0.34000 -0.6278333333333334
0.34100 -0.6225866666666667
0.34200 -0.6171266666666667
0.34300 -0.6116666666666667
0.34400 -0.6062066666666667
0.34500 -0.60063
0.34600 -0.5950533333333333
0.34700 -0.5894766666666666
0.34800 -0.5836466666666666
0.34900 -0.5778166666666666
0.35000 -0.5719866666666666
0.35100 -0.5661233333333333
0.35200 -0.56026
0.35300 -0.5543966666666666
0.35400 -0.5485155555555555
0.35500 -0.5426344444444444
0.35600 -0.5367533333333333
0.35700 -0.5308544444444444
0.35800 -0.5249555555555555
0.35900 -0.5190566666666666
0.36000 -0.5130088888888888
0.36100 -0.5069611111111111
0.36200 -0.5009133333333333
0.36300 -0.4939733333333333
0.36400 -0.4870333333333334
0.36500 -0.4800933333333333
0.36600 -0.4728333333333334
0.36700 -0.46557333333333334
0.36800 -0.45831333333333335
0.36900 -0.45089111111111113
0.37000 -0.4434688888888889
0.37100 -0.4360466666666667
0.37200 -0.4282644444444445
0.37300 -0.4204822222222222
0.37400 -0.4127
0.37500 -0.40484666666666663
0.37600 -0.3969933333333333
0.37700 -0.38914
0.37800 -0.3804433333333333
0.37900 -0.37174666666666667
0.38000 -0.36305000000000004
0.38100 -0.35358222222222224
0.38200 -0.34411444444444445
0.38300 -0.3346466666666667
0.38400 -0.3251931111111111
0.38500 -0.31573955555555555
0.38600 -0.306286
0.38700 -0.2969822222222222
0.38800 -0.2876784444444444
0.38900 -0.27837466666666666
0.39000 -0.2691261111111111
0.39100 -0.25987755555555553
0.39200 -0.250629
0.39300 -0.24090233333333333
0.39400 -0.23117566666666667
0.39500 -0.221449
0.39600 -0.21063255555555557
0.39700 -0.1998161111111111
0.39800 -0.18899966666666668
0.39900 -0.17805322222222222
0.40000 -0.1671067777777778
0.40100 -0.15616033333333332
0.40200 -0.14564233333333335
0.40300 -0.13512433333333332
0.40400 -0.12460633333333333
0.40500 -0.11448811111111111
0.40600 -0.10436988888888889
0.40700 -0.09425166666666666
0.40800 -0.08396822222222222
0.40900 -0.07368477777777778
0.41000 -0.06340133333333334
0.41100 -0.052037599999999996
0.41200 -0.04067386666666667
0.41300 -0.029310133333333335
0.41400 -0.0175389
0.41500 -0.005767666666666667
0.41600 0.006003566666666668
0.41700 0.017447155555555555
0.41800 0.028890744444444446
0.41900 0.04033433333333333
0.42000 0.051013333333333334
0.42100 0.06169233333333333
0.42200 0.07237133333333333
0.42300 0.08296766666666668
0.42400 0.093564
0.42500 0.10416033333333334
0.42600 0.11553122222222223
0.42700 0.1269021111111111
0.42800 0.138273
0.42900 0.1503821111111111
0.43000 0.1624912222222222
0.43100 0.17460033333333333
0.43200 0.18658555555555556
0.43300 0.19857077777777776
0.43400 0.210556
0.43500 0.2216541111111111
0.43600 0.23275222222222222
0.43700 0.2438503333333333
0.43800 0.254606
0.43900 0.26536166666666666
0.44000 0.2761173333333333
0.44100 0.2875723333333333
0.44200 0.29902733333333337
0.44300 0.31048233333333336
0.44400 0.32360822222222224
0.44500 0.3367341111111111
0.44600 0.34986
0.44700 0.36321555555555557
0.44800 0.37657111111111113
0.44900 0.3899266666666667
0.45000 0.4031888888888889
0.45100 0.4164511111111111
0.45200 0.42971333333333334
0.45300 0.44288666666666665
0.45400 0.45605999999999997
0.45500 0.46923333333333334
0.45600 0.48239222222222217
0.45700 0.4955511111111111
0.45800 0.50871
0.45900 0.5217911111111111
0.46000 0.5348722222222223
0.46100 0.5479533333333334
0.46200 0.5610044444444445
0.46300 0.5740555555555555
0.46400 0.5871066666666667
0.46500 0.6004766666666667
0.46600 0.6138466666666667
0.46700 0.6272166666666666
0.46800 0.6413688888888889
0.46900 0.6555211111111111
0.47000 0.6696733333333333
0.47100 0.683918888888889
0.47200 0.6981644444444445
0.47300 0.7124100000000001
0.47400 0.7258433333333333
0.47500 0.7392766666666667
0.47600 0.75271
0.47700 0.7653333333333333
0.47800 0.7779566666666667
0.47900 0.79058
0.48000 0.8033233333333333
0.48100 0.8160666666666666
0.48200 0.8288099999999999
0.48300 0.8424900000000001
0.48400 0.85617
0.48500 0.86985
0.48600 0.8839100000000001
0.48700 0.8979699999999999
0.48800 0.91203
0.48900 0.9255622222222222
0.49000 0.9390944444444446
0.49100 0.9526266666666667
0.49200 0.9648366666666667
0.49300 0.9770466666666667
0.49400 0.9892566666666666
0.49500 1.0012833333333333
0.49600 1.01331
0.49700 1.0253366666666668
0.49800 1.0378533333333333
0.49900 1.05037
0.50000 1.0628866666666668
0.50100 1.0759022222222223
0.50200 1.0889177777777779
0.50300 1.1019333333333334
0.50400 1.1147633333333333
0.50500 1.1275933333333332
0.50600 1.1404233333333333
0.50700 1.1518466666666667
0.50800 1.16327
0.50900 1.1746933333333334
0.51000 1.1855344444444444
0.51100 1.1963755555555555
0.51200 1.2072166666666666
0.51300 1.21841
0.51400 1.2296033333333332
0.51500 1.2407966666666665
0.51600 1.2528933333333334
0.51700 1.2649899999999998
0.51800 1.2770866666666667
0.51900 1.2893066666666666
0.52000 1.3015266666666667
0.52100 1.3137466666666666
0.52200 1.3252677777777777
0.52300 1.3367888888888888
0.52400 1.34831
0.52500 1.3591055555555556
0.52600 1.369901111111111
0.52700 1.3806966666666665
0.52800 1.3915733333333333
0.52900 1.40245
0.53000 1.4133266666666666
0.53100 1.4249422222222223
0.53200 1.4365577777777778
0.53300 1.4481733333333333
0.53400 1.4601022222222222
0.53500 1.472031111111111
0.53600 1.48396
0.53700 1.4955122222222224
0.53800 1.5070644444444445
0.53900 1.5186166666666667
0.54000 1.5291866666666667
0.54100 1.5397566666666667
0.54200 1.5503266666666666
0.54300 1.5607477777777776
0.54400 1.5711688888888888
0.54500 1.58159
0.54600 1.5923377777777779
0.54700 1.6030855555555554
0.54800 1.6138333333333332
0.54900 1.6249277777777777
0.55000 1.6360222222222223
0.55100 1.6471166666666666
0.55200 1.65811
0.55300 1.6691033333333332
0.55400 1.6800966666666666
0.55500 1.6902544444444443
0.55600 1.7004122222222222
0.55700 1.71057
0.55800 1.7203666666666668
0.55900 1.7301633333333333
0.56000 1.73996
0.56100 1.7496566666666666
0.56200 1.7593533333333333
0.56300 1.76905
0.56400 1.7784788888888887
0.56500 1.7879077777777779
0.56600 1.7973366666666666
0.56700 1.80672
0.56800 1.8161033333333334
0.56900 1.8254866666666667
0.57000 1.834731111111111
0.57100 1.8439755555555557
0.57200 1.85322
0.57300 1.8623133333333335
0.57400 1.8714066666666664
0.57500 1.8804999999999998
0.57600 1.889363333333333
0.57700 1.8982266666666667
0.57800 1.90709
0.57900 1.9141822222222222
0.58000 1.9212744444444443
0.58100 1.9283666666666666
0.58200 1.9346733333333332
0.58300 1.94098
0.58400 1.9472866666666666
0.58500 1.953702222222222
0.58600 1.9601177777777778
0.58700 1.9665333333333335
0.58800 1.973251111111111
0.58900 1.9799688888888891
0.59000 1.9866866666666667
0.59100 1.9934444444444444
0.59200 2.000202222222222
0.59300 2.00696
0.59400 2.0128933333333334
0.59500 2.0188266666666665
0.59600 2.02476
0.59700 2.029783333333333
0.59800 2.034806666666667
0.59900 2.03983
0.60000 2.0448366666666664
0.60100 2.0498433333333335
0.60200 2.05485
0.60300 2.0599644444444443
0.60400 2.065078888888889
0.60500 2.0701933333333336
0.60600 2.075355555555556
0.60700 2.0805177777777777
0.60800 2.08568
0.60900 2.0905277777777775
0.61000 2.0953755555555555
0.61100 2.1002233333333336
0.61200 2.1041866666666666
0.61300 2.1081499999999997
0.61400 2.1121133333333333
0.61500 2.1159233333333334
0.61600 2.1197333333333335
0.61700 2.1235433333333336
0.61800 2.1272788888888887
0.61900 2.1310144444444448
0.62000 2.13475
0.62100 2.138401111111111
0.62200 2.142052222222222
0.62300 2.145703333333333
0.62400 2.14927
0.62500 2.152836666666667
0.62600 2.1564033333333334
0.62700 2.1593044444444445
0.62800 2.162205555555556
0.62900 2.165106666666667
0.63000 2.167698888888889
0.63100 2.170291111111111
0.63200 2.1728833333333335
0.63300 2.1753222222222224
0.63400 2.1777611111111113
0.63500 2.1802
0.63600 2.182197777777778
0.63700 2.1841955555555557
0.63800 2.186193333333333
0.63900 2.18811
0.64000 2.190026666666667
0.64100 2.191943333333333
0.64200 2.1934888888888886
0.64300 2.1950344444444445
0.64400 2.19658
0.64500 2.1976955555555553
0.64600 2.198811111111111
0.64700 2.199926666666667
0.64800 2.2009322222222223
0.64900 2.2019377777777778
0.65000 2.2029433333333333
0.65100 2.2031211111111113
0.65200 2.203298888888889
0.65300 2.2034766666666665
0.65400 2.2032611111111113
0.65500 2.2030455555555553
0.65600 2.20283
0.65700 2.202506666666667
0.65800 2.202183333333333
0.65900 2.20186
0.66000 2.201216666666667
0.66100 2.2005733333333333
0.66200 2.1999299999999997
0.66300 2.1992244444444444
0.66400 2.198518888888889
0.66500 2.1978133333333334
0.66600 2.19644
0.66700 2.195066666666667
0.66800 2.1936933333333335
0.66900 2.1915333333333336
0.67000 2.189373333333333
0.67100 2.1872133333333332
0.67200 2.1850066666666668
0.67300 2.1828
0.67400 2.1805933333333334
0.67500 2.17824
0.67600 2.1758866666666665
0.67700 2.1735333333333333
0.67800 2.17111
0.67900 2.1686866666666664
0.68000 2.166263333333333
0.68100 2.163641111111111
0.68200 2.1610188888888886
0.68300 2.1583966666666665
0.68400 2.155174444444444
0.68500 2.151952222222222
0.68600 2.14873
0.68700 2.1453955555555555
0.68800 2.142061111111111
0.68900 2.1387266666666664
0.69000 2.1351855555555557
0.69100 2.1316444444444445
0.69200 2.1281033333333332
0.69300 2.124312222222222
0.69400 2.120521111111111
0.69500 2.11673
0.69600 2.112913333333333
0.69700 2.1090966666666664
0.69800 2.10528
0.69900 2.1013255555555554
0.70000 2.097371111111111
0.70100 2.0934166666666667
0.70200 2.0893955555555555
0.70300 2.085374444444444
0.70400 2.0813533333333334
0.70500 2.0771622222222224
0.70600 2.072971111111111
0.70700 2.06878
0.70800 2.06407
0.70900 2.05936
0.71000 2.05465
0.71100 2.049841111111111
0.71200 2.0450322222222224
0.71300 2.040223333333333
0.71400 2.03543
0.71500 2.0306366666666666
0.71600 2.0258433333333334
0.71700 2.021067777777778
0.71800 2.0162922222222224
0.71900 2.0115166666666666
0.72000 2.0066888888888887
0.72100 2.0018611111111113
0.72200 1.9970333333333334
0.72300 1.9917033333333334
0.72400 1.9863733333333335
0.72500 1.9810433333333333
0.72600 1.9754555555555555
0.72700 1.9698677777777778
0.72800 1.9642799999999998
0.72900 1.9587822222222222
0.73000 1.9532844444444442
0.73100 1.9477866666666666
0.73200 1.94257
0.73300 1.9373533333333333
0.73400 1.9321366666666666
0.73500 1.9269744444444443
0.73600 1.9218122222222223
0.73700 1.91665
0.73800 1.9112366666666667
0.73900 1.9058233333333332
0.74000 1.90041
0.74100 1.894681111111111
0.74200 1.8889522222222224
0.74300 1.8832233333333335
0.74400 1.8775255555555557
0.74500 1.8718277777777779
0.74600 1.86613
0.74700 1.8608933333333333
0.74800 1.8556566666666667
0.74900 1.85042
0.75000 1.8454222222222223
0.75100 1.8404244444444444
0.75200 1.8354266666666668
0.75300 1.830298888888889
0.75400 1.8251711111111113
0.75500 1.8200433333333335
0.75600 1.814491111111111
0.75700 1.808938888888889
0.75800 1.8033866666666667
0.75900 1.7977511111111113
0.76000 1.7921155555555555
0.76100 1.78648
0.76200 1.7811266666666665
0.76300 1.7757733333333334
0.76400 1.7704199999999999
0.76500 1.7654322222222223
0.76600 1.7604444444444445
0.76700 1.7554566666666667
0.76800 1.7504433333333334
0.76900 1.74543
0.77000 1.7404166666666667
0.77100 1.7349633333333336
0.77200 1.72951
0.77300 1.7240566666666668
0.77400 1.7183666666666666
0.77500 1.7126766666666668
0.77600 1.7069866666666667
0.77700 1.7014266666666666
0.77800 1.6958666666666666
0.77900 1.6903066666666666
0.78000 1.6851755555555556
0.78100 1.6800444444444445
0.78200 1.6749133333333335
0.78300 1.6698755555555556
0.78400 1.6648377777777779
0.78500 1.6598
0.78600 1.6565955555555556
0.78700 1.6533911111111113
0.78800 1.6501866666666667
0.78900 1.6493977777777777
0.79000 1.648608888888889
0.79100 1.64782
0.79200 1.6471544444444444
0.79300 1.6464888888888891
0.79400 1.6458233333333334
