0 -0.072102944079802
0.001 -0.0527744
0.002 -0.0334459
0.003 0.0332626
0.004 0.174213
0.005 0.321352
0.006 0.479809
0.007 0.645666
0.008 0.808462
0.009 0.958724
0.010 1.10577
0.011 1.25891
0.012 1.42182
0.013 1.58457
0.014 1.73368
0.015 1.87366
0.016 2.01551
0.017 2.16523
0.018 2.31702
0.019 2.46
0.020 2.5885
0.021 2.71572
0.022 2.84085
0.023 2.96455
0.024 3.08403
0.025 3.18529
0.026 3.28164
0.027 3.37318
0.028 3.45665
0.029 3.53878
0.030 3.60979
0.031 3.67299
0.032 3.7339
0.033 3.78468
0.034 3.83266
0.035 3.87747
0.036 3.9168
0.037 3.95516
0.038 3.98479
0.039 4.00814
0.040 4.03129
0.041 4.05353
0.042 4.0755
0.043 4.09474
0.044 4.10913
0.045 4.12333
0.046 4.14182
0.047 4.16343
0.048 4.18656
0.049 4.21663
0.050 4.24873
0.051 4.28502
0.052 4.3289
0.053 4.37364
0.054 4.42154
0.055 4.47182
0.056 4.52387
0.057 4.58432
0.058 4.64727
0.059 4.70943
0.060 4.77015
0.061 4.83103
0.062 4.89802
0.063 4.96972
0.064 5.04051
0.065 5.10682
0.066 5.17177
0.067 5.24287
0.068 5.32561
0.069 5.40933
0.070 5.48939
0.071 5.56657
0.072 5.6518
0.073 5.77771
0.074 5.91633
0.075 6.05832
0.076 6.20686
0.077 6.35674
0.078 6.52186
0.079 6.6992
0.080 6.88033
0.081 7.08076
0.082 7.28735
0.083 7.49492
0.084 7.70444
0.085 7.91503
0.086 8.14648
0.087 8.39501
0.088 8.64252
0.089 8.884
0.090 9.1235
0.091 9.37632
0.092 9.65621
0.093 9.93866
0.094 10.2103
0.095 10.4729
0.096 10.742
0.097 11.0473
0.098 11.3646
0.099 11.6749
0.100 11.9704
0.101 12.2653
0.102 12.5853
0.103 12.9269
0.104 13.2644
0.105 13.5782
0.106 13.8838
0.107 14.2005
0.108 14.5405
0.109 14.8827
0.110 15.2093
0.111 15.5223
0.112 15.835
0.113 16.1473
0.114 16.4596
0.115 16.7732
0.116 17.0897
0.117 17.4057
0.118 17.6916
0.119 17.9505
0.120 18.2138
0.121 18.5051
0.122 18.8063
0.123 19.1034
0.124 19.3913
0.125 19.6787
0.126 19.9901
0.127 20.3232
0.128 20.6539
0.129 20.9675
0.130 21.2747
0.131 21.5939
0.132 21.9404
0.133 22.2899
0.134 22.6197
0.135 22.9312
0.136 23.2458
0.137 23.5813
0.138 23.9247
0.139 24.2558
0.140 24.5581
0.141 24.8568
0.142 25.1637
0.143 25.4783
0.144 25.7886
0.145 26.0702
0.146 26.3408
0.147 26.6205
0.148 26.922
0.149 27.2264
0.150 27.5251
0.151 27.8183
0.152 28.109
0.153 28.3842
0.154 28.6532
0.155 28.9275
0.156 29.2144
0.157 29.5026
0.158 29.7669
0.159 30.0073
0.160 30.2491
0.161 30.5042
0.162 30.7645
0.163 31.0115
0.164 31.225
0.165 31.4336
0.166 31.6436
0.167 31.8548
0.168 32.0613
0.169 32.2334
0.170 32.3912
0.171 32.5467
0.172 32.6961
0.173 32.8442
0.174 32.9734
0.175 33.0831
0.176 33.1907
0.177 33.2857
0.178 33.3754
0.179 33.4588
0.180 33.5256
0.181 33.5896
0.182 33.6398
0.183 33.6751
0.184 33.709
0.185 33.734
0.186 33.7552
0.187 33.7652
0.188 33.7455
0.189 33.7208
0.190 33.6897
0.191 33.6515
0.192 33.6099
0.193 33.5427
0.194 33.4642
0.195 33.3813
0.196 33.2864
0.197 33.1894
0.198 33.0877
0.199 32.9809
0.200 32.8724
0.201 32.7516
0.202 32.6252
0.203 32.5002
0.204 32.3797
0.205 32.2597
0.206 32.13
0.207 31.9893
0.208 31.8491
0.209 31.7161
0.210 31.5864
0.211 31.4516
0.212 31.3021
0.213 31.1501
0.214 31.0047
0.215 30.867
0.216 30.7286
0.217 30.5827
0.218 30.4331
0.219 30.2879
0.220 30.1556
0.221 30.0256
0.222 29.903
0.223 29.789
0.224 29.6764
0.225 29.5732
0.226 29.4747
0.227 29.3848
0.228 29.3211
0.229 29.2623
0.230 29.2064
0.231 29.1539
0.232 29.1043
0.233 29.0786
0.234 29.0649
0.235 29.0541
0.236 29.0522
0.237 29.052
0.238 29.0655
0.239 29.096
0.240 29.1286
0.241 29.1756
0.242 29.23
0.243 29.2879
0.244 29.3573
0.245 29.4289
0.246 29.5054
0.247 29.5882
0.248 29.6707
0.249 29.7482
0.250 29.8231
0.251 29.8999
0.252 29.9831
0.253 30.0675
0.254 30.1476
0.255 30.2223
0.256 30.2976
0.257 30.3818
0.258 30.4707
0.259 30.5578
0.260 30.6388
0.261 30.7185
0.262 30.7692
0.263 30.7817
0.264 30.7923
