0.00000 0.007821102545720911
0.00100 0.015642205091441822
0.00200 0.02346330763716273
0.00300 0.022961549535886267
0.00400 0.0224597914346098
0.00500 0.021958033333333335
0.00600 0.02145627777777778
0.00700 0.02095452222222222
0.00800 0.020452766666666667
0.00900 0.018721044444444442
0.01000 0.016989322222222224
0.01100 0.015257600000000001
0.01200 0.011598588888888888
0.01300 0.007939577777777778
0.01400 0.004280566666666666
0.01500 0.00045945555555555566
0.01600 -0.003361655555555555
0.01700 -0.0071827666666666665
0.01800 -0.011318911111111113
0.01900 -0.015455055555555555
0.02000 -0.0195912
0.02100 -0.023933255555555557
0.02200 -0.028275311111111107
0.02300 -0.03261736666666667
0.02400 -0.03689657777777778
0.02500 -0.041175788888888884
0.02600 -0.045454999999999995
0.02700 -0.04947655555555555
0.02800 -0.05349811111111111
0.02900 -0.05751966666666666
0.03000 -0.06147511111111111
0.03100 -0.06543055555555556
0.03200 -0.069386
0.03300 -0.07351666666666666
0.03400 -0.07764733333333333
0.03500 -0.081778
0.03600 -0.08619011111111112
0.03700 -0.09060222222222221
0.03800 -0.09501433333333333
0.03900 -0.09942511111111112
0.04000 -0.10383588888888888
0.04100 -0.10824666666666666
0.04200 -0.11231777777777778
0.04300 -0.11638888888888888
0.04400 -0.12046
0.04500 -0.12430366666666666
0.04600 -0.12814733333333334
0.04700 -0.131991
0.04800 -0.13589555555555557
0.04900 -0.1398001111111111
0.05000 -0.14370466666666667
0.05100 -0.14786488888888888
0.05200 -0.1520251111111111
0.05300 -0.15618533333333331
0.05400 -0.16041277777777777
0.05500 -0.16464022222222222
0.05600 -0.16886766666666667
0.05700 -0.17287222222222223
0.05800 -0.17687677777777777
0.05900 -0.18088133333333334
0.06000 -0.18451955555555555
0.06100 -0.18815777777777778
0.06200 -0.191796
0.06300 -0.195412
0.06400 -0.199028
0.06500 -0.20264400000000002
0.06600 -0.20636422222222225
0.06700 -0.21008444444444443
0.06800 -0.21380466666666667
0.06900 -0.21759622222222222
0.07000 -0.22138777777777777
0.07100 -0.22517933333333331
0.07200 -0.2288738888888889
0.07300 -0.23256844444444444
0.07400 -0.236263
0.07500 -0.23953922222222224
0.07600 -0.24281544444444444
0.07700 -0.24609166666666668
0.07800 -0.249255
0.07900 -0.25241833333333336
0.08000 -0.25558166666666665
0.08100 -0.2587518888888889
0.08200 -0.26192211111111113
0.08300 -0.2650923333333333
0.08400 -0.2682741111111111
0.08500 -0.2714558888888889
0.08600 -0.27463766666666667
0.08700 -0.27780244444444446
0.08800 -0.2809672222222222
0.08900 -0.284132
0.09000 -0.28700044444444445
0.09100 -0.2898688888888889
0.09200 -0.29273733333333335
0.09300 -0.2953981111111111
0.09400 -0.29805888888888893
0.09500 -0.30071966666666666
0.09600 -0.3033701111111111
0.09700 -0.3060205555555556
0.09800 -0.308671
0.09900 -0.31127666666666665
0.10000 -0.3138823333333333
0.10100 -0.316488
0.10200 -0.31908133333333333
0.10300 -0.32167466666666666
0.10400 -0.324268
0.10500 -0.32676455555555556
0.10600 -0.3292611111111111
0.10700 -0.3317576666666667
0.10800 -0.33408733333333335
0.10900 -0.33641699999999997
0.11000 -0.3387466666666667
0.11100 -0.3410544444444445
0.11200 -0.3433622222222222
0.11300 -0.34567
0.11400 -0.3478411111111111
0.11500 -0.3500122222222222
0.11600 -0.35218333333333335
0.11700 -0.35425555555555555
0.11800 -0.3563277777777778
0.11900 -0.3584
0.12000 -0.36048555555555556
0.12100 -0.3625711111111111
0.12200 -0.3646566666666667
0.12300 -0.3668066666666667
0.12400 -0.36895666666666666
0.12500 -0.3711066666666667
0.12600 -0.37327333333333335
0.12700 -0.37544
0.12800 -0.37760666666666665
0.12900 -0.3797022222222222
0.13000 -0.38179777777777774
0.13100 -0.38389333333333336
0.13200 -0.38586111111111115
0.13300 -0.38782888888888883
0.13400 -0.3897966666666666
0.13500 -0.39176999999999995
0.13600 -0.39374333333333333
0.13700 -0.39571666666666666
0.13800 -0.39798
0.13900 -0.4002433333333333
0.14000 -0.4025066666666666
0.14100 -0.40498111111111107
0.14200 -0.4074555555555555
0.14300 -0.40992999999999996
0.14400 -0.41244777777777775
0.14500 -0.4149655555555556
0.14600 -0.4174833333333334
0.14700 -0.42019333333333336
0.14800 -0.42290333333333335
0.14900 -0.42561333333333334
0.15000 -0.42838
0.15100 -0.4311466666666666
0.15200 -0.4339133333333333
0.15300 -0.4369044444444444
0.15400 -0.43989555555555554
0.15500 -0.44288666666666665
0.15600 -0.44628222222222225
0.15700 -0.4496777777777778
0.15800 -0.4530733333333334
0.15900 -0.45650666666666667
0.16000 -0.45994
0.16100 -0.46337333333333336
0.16200 -0.46680555555555553
0.16300 -0.4702377777777778
0.16400 -0.47367000000000004
0.16500 -0.4771
0.16600 -0.48053000000000007
0.16700 -0.48396
0.16800 -0.4874833333333333
0.16900 -0.49100666666666665
0.17000 -0.49452999999999997
0.17100 -0.49849666666666664
0.17200 -0.5024633333333334
0.17300 -0.50643
0.17400 -0.5105266666666667
0.17500 -0.5146233333333333
0.17600 -0.51872
0.17700 -0.5227188888888888
0.17800 -0.5267177777777777
0.17900 -0.5307166666666666
0.18000 -0.5345300000000001
0.18100 -0.5383433333333333
0.18200 -0.5421566666666667
0.18300 -0.54597
0.18400 -0.5497833333333334
0.18500 -0.5535966666666666
0.18600 -0.5577366666666667
0.18700 -0.5618766666666667
0.18800 -0.5660166666666667
0.18900 -0.5704088888888889
0.19000 -0.5748011111111111
0.19100 -0.5791933333333333
0.19200 -0.5835244444444444
0.19300 -0.5878555555555555
0.19400 -0.5921866666666666
0.19500 -0.59621
0.19600 -0.6002333333333333
0.19700 -0.6042566666666667
0.19800 -0.6081866666666667
0.19900 -0.6121166666666666
0.20000 -0.6160466666666666
0.20100 -0.62021
0.20200 -0.6243733333333333
0.20300 -0.6285366666666666
0.20400 -0.633141111111111
0.20500 -0.6377455555555556
0.20600 -0.64235
0.20700 -0.6469877777777778
0.20800 -0.6516255555555556
0.20900 -0.6562633333333333
0.21000 -0.6606366666666666
0.21100 -0.66501
0.21200 -0.6693833333333333
0.21300 -0.6735500000000001
0.21400 -0.6777166666666666
0.21500 -0.6818833333333334
0.21600 -0.6863044444444445
0.21700 -0.6907255555555557
0.21800 -0.6951466666666667
0.21900 -0.7008522222222222
0.22000 -0.7065577777777778
0.22100 -0.7122633333333334
0.22200 -0.7183711111111112
0.22300 -0.7244788888888888
0.22400 -0.7305866666666666
0.22500 -0.7367688888888888
0.22600 -0.7429511111111111
0.22700 -0.7491333333333333
0.22800 -0.7554633333333333
0.22900 -0.7617933333333333
0.23000 -0.7681233333333334
0.23100 -0.7744811111111112
0.23200 -0.7808388888888889
0.23300 -0.7871966666666667
0.23400 -0.7938166666666667
0.23500 -0.8004366666666667
0.23600 -0.8070566666666666
0.23700 -0.813888888888889
0.23800 -0.8207211111111111
0.23900 -0.8275533333333334
0.24000 -0.8345111111111111
0.24100 -0.8414688888888889
0.24200 -0.8484266666666667
0.24300 -0.8560233333333334
0.24400 -0.8636199999999999
0.24500 -0.8712166666666666
0.24600 -0.8790188888888889
0.24700 -0.8868211111111112
0.24800 -0.8946233333333334
0.24900 -0.9023244444444445
0.25000 -0.9100255555555555
0.25100 -0.9177266666666667
0.25200 -0.9252311111111111
0.25300 -0.9327355555555555
0.25400 -0.9402400000000001
0.25500 -0.947748888888889
0.25600 -0.9552577777777778
0.25700 -0.9627666666666667
0.25800 -0.9709055555555556
0.25900 -0.9790444444444444
0.26000 -0.9871833333333333
0.26100 -0.9958377777777777
0.26200 -1.0044922222222221
0.26300 -1.0131466666666666
0.26400 -1.021721111111111
0.26500 -1.0302955555555555
0.26600 -1.03887
0.26700 -1.0469955555555555
0.26800 -1.0551211111111112
0.26900 -1.0632466666666667
0.27000 -1.0712266666666668
0.27100 -1.0792066666666666
0.27200 -1.0871866666666665
0.27300 -1.0955144444444445
0.27400 -1.1038422222222222
0.27500 -1.11217
0.27600 -1.1212055555555556
0.27700 -1.130241111111111
0.27800 -1.1392766666666667
0.27900 -1.1483700000000001
0.28000 -1.1574633333333333
0.28100 -1.1665566666666667
0.28200 -1.1751311111111111
0.28300 -1.1837055555555556
0.28400 -1.19228
0.28500 -1.20042
0.28600 -1.20856
0.28700 -1.2167000000000001
0.28800 -1.2249966666666667
0.28900 -1.2332933333333334
0.29000 -1.24159
0.29100 -1.2507577777777776
0.29200 -1.2599255555555555
0.29300 -1.2690933333333334
0.29400 -1.2785544444444443
0.29500 -1.2880155555555557
0.29600 -1.2974766666666666
0.29700 -1.3066544444444446
0.29800 -1.315832222222222
0.29900 -1.32501
0.30000 -1.3336022222222221
0.30100 -1.3421944444444442
0.30200 -1.3507866666666668
0.30300 -1.3593322222222222
0.30400 -1.367877777777778
0.30500 -1.3764233333333333
0.30600 -1.3855288888888888
0.30700 -1.3946344444444445
0.30800 -1.40374
0.30900 -1.4133255555555555
0.31000 -1.4229111111111112
0.31100 -1.4324966666666665
0.31200 -1.4419533333333332
0.31300 -1.45141
0.31400 -1.4608666666666668
0.31500 -1.469571111111111
0.31600 -1.4782755555555556
0.31700 -1.48698
0.31800 -1.4954255555555556
0.31900 -1.503871111111111
0.32000 -1.5123166666666668
0.32100 -1.5209822222222222
0.32200 -1.5296477777777777
0.32300 -1.5383133333333332
0.32400 -1.5474433333333335
0.32500 -1.5565733333333334
0.32600 -1.5657033333333334
0.32700 -1.5748722222222222
0.32800 -1.5840411111111112
0.32900 -1.59321
0.33000 -1.60192
0.33100 -1.6106299999999998
0.33200 -1.61934
0.33300 -1.6276466666666665
0.33400 -1.6359533333333334
0.33500 -1.64426
0.33600 -1.6525244444444445
0.33700 -1.6607888888888889
0.33800 -1.6690533333333333
0.33900 -1.6770977777777778
0.34000 -1.685142222222222
0.34100 -1.6931866666666666
0.34200 -1.7011522222222222
0.34300 -1.709117777777778
0.34400 -1.7170833333333333
0.34500 -1.72504
0.34600 -1.7329966666666667
0.34700 -1.7409533333333334
0.34800 -1.7488866666666667
0.34900 -1.75682
0.35000 -1.7647533333333334
0.35100 -1.7726500000000003
0.35200 -1.7805466666666667
0.35300 -1.7884433333333334
0.35400 -1.795267777777778
0.35500 -1.8020922222222222
0.35600 -1.8089166666666667
0.35700 -1.8147833333333334
0.35800 -1.8206499999999999
0.35900 -1.8265166666666666
0.36000 -1.832423333333333
0.36100 -1.83833
0.36200 -1.8442366666666665
0.36300 -1.8504555555555555
0.36400 -1.8566744444444445
0.36500 -1.8628933333333333
0.36600 -1.8692244444444446
0.36700 -1.8755555555555556
0.36800 -1.8818866666666667
0.36900 -1.8878000000000001
0.37000 -1.8937133333333334
0.37100 -1.8996266666666666
0.37200 -1.9046133333333335
0.37300 -1.9096
0.37400 -1.9145866666666667
0.37500 -1.91946
0.37600 -1.9243333333333335
0.37700 -1.9292066666666667
0.37800 -1.9341922222222223
0.37900 -1.939177777777778
0.38000 -1.9441633333333332
0.38100 -1.9492522222222222
0.38200 -1.954341111111111
0.38300 -1.95943
0.38400 -1.964392222222222
0.38500 -1.9693544444444446
0.38600 -1.9743166666666667
0.38700 -1.9785000000000001
0.38800 -1.9826833333333334
0.38900 -1.9868666666666668
0.39000 -1.9907622222222223
0.39100 -1.9946577777777776
0.39200 -1.9985533333333334
0.39300 -2.00243
0.39400 -2.0063066666666667
0.39500 -2.0101833333333334
0.39600 -2.014013333333333
0.39700 -2.017843333333333
0.39800 -2.021673333333333
0.39900 -2.0254844444444444
0.40000 -2.029295555555555
0.40100 -2.0331066666666664
0.40200 -2.036428888888889
0.40300 -2.039751111111111
0.40400 -2.0430733333333335
0.40500 -2.045941111111111
0.40600 -2.048808888888889
0.40700 -2.051676666666667
0.40800 -2.054482222222222
0.40900 -2.057287777777778
0.41000 -2.060093333333333
0.41100 -2.062552222222222
0.41200 -2.065011111111111
0.41300 -2.06747
0.41400 -2.0697988888888887
0.41500 -2.072127777777778
0.41600 -2.074456666666667
0.41700 -2.0765733333333336
0.41800 -2.07869
0.41900 -2.0808066666666667
0.42000 -2.082428888888889
0.42100 -2.084051111111111
0.42200 -2.0856733333333333
0.42300 -2.0872144444444443
0.42400 -2.0887555555555557
0.42500 -2.0902966666666667
0.42600 -2.0911955555555557
0.42700 -2.0920944444444443
0.42800 -2.0929933333333333
0.42900 -2.0932833333333334
0.43000 -2.093573333333333
0.43100 -2.093863333333333
0.43200 -2.094091111111111
0.43300 -2.0943188888888886
0.43400 -2.0945466666666666
0.43500 -2.0944433333333334
0.43600 -2.09434
0.43700 -2.0942366666666667
0.43800 -2.0940066666666666
0.43900 -2.0937766666666664
0.44000 -2.0935466666666667
0.44100 -2.092762222222222
0.44200 -2.0919777777777777
0.44300 -2.0911933333333335
0.44400 -2.0890833333333334
0.44500 -2.0869733333333333
0.44600 -2.0848633333333333
0.44700 -2.0825644444444444
0.44800 -2.0802655555555556
0.44900 -2.0779666666666667
0.45000 -2.0754555555555556
0.45100 -2.0729444444444445
0.45200 -2.0704333333333333
0.45300 -2.0677144444444444
0.45400 -2.0649955555555555
0.45500 -2.0622766666666665
0.45600 -2.05942
0.45700 -2.0565633333333335
0.45800 -2.053706666666667
0.45900 -2.04995
0.46000 -2.0461933333333335
0.46100 -2.0424366666666667
0.46200 -2.038323333333333
0.46300 -2.0342100000000003
0.46400 -2.0300966666666667
0.46500 -2.025788888888889
0.46600 -2.021481111111111
0.46700 -2.0171733333333335
0.46800 -2.012391111111111
0.46900 -2.0076088888888886
0.47000 -2.0028266666666665
0.47100 -1.9979699999999998
0.47200 -1.9931133333333333
0.47300 -1.9882566666666666
0.47400 -1.9831666666666665
0.47500 -1.9780766666666667
0.47600 -1.9729866666666667
0.47700 -1.9676644444444447
0.47800 -1.9623422222222222
0.47900 -1.95702
0.48000 -1.9515866666666666
0.48100 -1.9461533333333334
0.48200 -1.94072
0.48300 -1.9345611111111112
0.48400 -1.9284022222222221
0.48500 -1.9222433333333333
0.48600 -1.915791111111111
0.48700 -1.909338888888889
0.48800 -1.9028866666666666
0.48900 -1.8964222222222222
0.49000 -1.8899577777777778
0.49100 -1.8834933333333332
0.49200 -1.8769955555555555
0.49300 -1.8704977777777776
0.49400 -1.8639999999999999
0.49500 -1.8574844444444443
0.49600 -1.8509688888888889
0.49700 -1.8444533333333333
0.49800 -1.8372344444444444
0.49900 -1.8300155555555557
0.50000 -1.8227966666666668
0.50100 -1.8148633333333333
0.50200 -1.8069300000000001
0.50300 -1.7989966666666666
0.50400 -1.7910700000000002
0.50500 -1.7831433333333333
0.50600 -1.7752166666666669
0.50700 -1.767447777777778
0.50800 -1.7596788888888888
0.50900 -1.7519099999999999
0.51000 -1.7442077777777778
0.51100 -1.7365055555555555
0.51200 -1.7288033333333335
0.51300 -1.72055
0.51400 -1.7122966666666668
0.51500 -1.7040433333333331
0.51600 -1.6943799999999998
0.51700 -1.6847166666666666
0.51800 -1.6750533333333333
0.51900 -1.6651788888888888
0.52000 -1.6553044444444442
0.52100 -1.64543
0.52200 -1.6357066666666666
0.52300 -1.6259833333333331
0.52400 -1.6162599999999998
0.52500 -1.6066955555555555
0.52600 -1.5971311111111108
0.52700 -1.5875666666666666
0.52800 -1.5778166666666664
0.52900 -1.5680666666666667
0.53000 -1.5583166666666666
0.53100 -1.547188888888889
0.53200 -1.5360611111111109
0.53300 -1.5249333333333333
0.53400 -1.5132211111111111
0.53500 -1.5015088888888888
0.53600 -1.4897966666666667
0.53700 -1.4783255555555554
0.53800 -1.4668544444444445
0.53900 -1.4553833333333335
0.54000 -1.4445466666666666
0.54100 -1.4337100000000003
0.54200 -1.4228733333333334
0.54300 -1.41212
0.54400 -1.4013666666666669
0.54500 -1.3906133333333335
0.54600 -1.3789244444444444
0.54700 -1.3672355555555555
0.54800 -1.3555466666666665
0.54900 -1.342863333333333
0.55000 -1.33018
0.55100 -1.3174966666666668
0.55200 -1.3048833333333334
0.55300 -1.29227
0.55400 -1.2796566666666667
0.55500 -1.2677633333333334
0.55600 -1.25587
0.55700 -1.2439766666666667
0.55800 -1.2323966666666666
0.55900 -1.2208166666666667
0.56000 -1.2092366666666667
0.56100 -1.1973522222222222
0.56200 -1.1854677777777778
0.56300 -1.1735833333333334
0.56400 -1.160881111111111
0.56500 -1.1481788888888889
0.56600 -1.1354766666666667
0.56700 -1.1226433333333332
0.56800 -1.10981
0.56900 -1.0969766666666667
0.57000 -1.08405
0.57100 -1.0711233333333332
0.57200 -1.0581966666666667
0.57300 -1.0451722222222222
0.57400 -1.0321477777777777
0.57500 -1.0191233333333334
0.57600 -1.0062411111111111
0.57700 -0.9933588888888889
0.57800 -0.9804766666666667
0.57900 -0.9687244444444444
0.58000 -0.9569722222222222
0.58100 -0.94522
0.58200 -0.9339711111111111
0.58300 -0.9227222222222222
0.58400 -0.9114733333333334
0.58500 -0.8998366666666667
0.58600 -0.8882
0.58700 -0.8765633333333334
0.58800 -0.8638677777777778
0.58900 -0.8511722222222221
0.59000 -0.8384766666666666
0.59100 -0.8256122222222221
0.59200 -0.8127477777777777
0.59300 -0.7998833333333333
0.59400 -0.7875477777777777
0.59500 -0.7752122222222222
0.59600 -0.7628766666666666
0.59700 -0.7511288888888888
0.59800 -0.7393811111111112
0.59900 -0.7276333333333334
0.60000 -0.7157844444444444
0.60100 -0.7039355555555556
0.60200 -0.6920866666666666
0.60300 -0.6792677777777777
0.60400 -0.6664488888888889
0.60500 -0.65363
0.60600 -0.6403722222222222
0.60700 -0.6271144444444444
0.60800 -0.6138566666666666
0.60900 -0.6009666666666666
0.61000 -0.5880766666666667
0.61100 -0.5751866666666666
0.61200 -0.56333
0.61300 -0.5514733333333334
0.61400 -0.5396166666666666
0.61500 -0.52793
0.61600 -0.5162433333333333
0.61700 -0.5045566666666667
0.61800 -0.49230444444444443
0.61900 -0.48005222222222227
0.62000 -0.4678
0.62100 -0.45491
0.62200 -0.44202
0.62300 -0.42913
0.62400 -0.41635444444444447
0.62500 -0.4035788888888889
0.62600 -0.39080333333333334
0.62700 -0.3791622222222222
0.62800 -0.36752111111111113
0.62900 -0.35588
0.63000 -0.3447674444444444
0.63100 -0.3336548888888889
0.63200 -0.3225423333333333
0.63300 -0.3112776666666667
0.63400 -0.30001300000000003
0.63500 -0.28874833333333333
0.63600 -0.27704633333333334
0.63700 -0.26534433333333335
0.63800 -0.25364233333333336
0.63900 -0.2418721111111111
0.64000 -0.2301018888888889
0.64100 -0.21833166666666667
0.64200 -0.20739755555555553
0.64300 -0.19646344444444444
0.64400 -0.18552933333333332
0.64500 -0.17556188888888888
0.64600 -0.16559444444444443
0.64700 -0.155627
0.64800 -0.14569166666666666
0.64900 -0.13575633333333334
0.65000 -0.125821
0.65100 -0.11586344444444445
0.65200 -0.1059058888888889
0.65300 -0.09594833333333334
0.65400 -0.08598022222222224
0.65500 -0.07601211111111111
0.65600 -0.066044
0.65700 -0.056435000000000006
0.65800 -0.046826
0.65900 -0.037217
0.66000 -0.028667144444444445
0.66100 -0.020117288888888887
0.66200 -0.01156743333333333
0.66300 -0.003203466666666666
0.66400 0.005160500000000001
0.66500 0.013524466666666667
0.66600 0.022464422222222225
0.66700 0.03140437777777778
0.66800 0.040344333333333336
0.66900 0.049964777777777775
0.67000 0.05958522222222223
0.67100 0.06920566666666667
0.67200 0.07882133333333333
0.67300 0.08843699999999999
0.67400 0.09805266666666666
0.67500 0.10739388888888889
0.67600 0.11673511111111111
0.67700 0.12607633333333332
0.67800 0.13528377777777778
0.67900 0.14449122222222222
0.68000 0.15369866666666668
0.68100 0.16289466666666666
0.68200 0.1720906666666667
0.68300 0.18128666666666668
0.68400 0.19044777777777777
0.68500 0.19960888888888892
0.68600 0.20877
0.68700 0.2179267777777778
0.68800 0.22708355555555557
0.68900 0.23624033333333336
0.69000 0.2456586666666667
0.69100 0.255077
0.69200 0.26449533333333336
0.69300 0.2742297777777778
0.69400 0.28396422222222223
0.69500 0.29369866666666666
0.69600 0.303351
0.69700 0.31300333333333336
0.69800 0.3226556666666667
0.69900 0.33143377777777777
0.70000 0.3402118888888889
0.70100 0.34898999999999997
0.70200 0.3573322222222222
0.70300 0.3656744444444444
0.70400 0.37401666666666666
0.70500 0.3825322222222222
0.70600 0.3910477777777778
0.70700 0.3995633333333333
0.70800 0.40861888888888886
0.70900 0.41767444444444446
0.71000 0.42673
0.71100 0.43588333333333334
0.71200 0.4450366666666667
0.71300 0.45419000000000004
0.71400 0.4626188888888889
0.71500 0.4710477777777778
0.71600 0.4794766666666667
0.71700 0.48701333333333335
0.71800 0.49455
0.71900 0.5020866666666667
0.72000 0.5096077777777778
0.72100 0.5171288888888889
0.72200 0.52465
0.72300 0.5323833333333333
0.72400 0.5401166666666667
0.72500 0.5478500000000001
0.72600 0.5556933333333334
0.72700 0.5635366666666667
0.72800 0.57138
0.72900 0.5788655555555555
0.73000 0.5863511111111112
0.73100 0.5938366666666667
0.73200 0.6001877777777778
0.73300 0.6065388888888888
0.73400 0.61289
0.73500 0.61902
0.73600 0.62515
0.73700 0.63128
0.73800 0.6376155555555555
0.73900 0.6439511111111111
0.74000 0.6502866666666667
0.74100 0.6568811111111111
0.74200 0.6634755555555555
0.74300 0.6700699999999999
0.74400 0.6766122222222223
0.74500 0.6831544444444444
0.74600 0.6896966666666667
0.74700 0.6956066666666666
0.74800 0.7015166666666667
0.74900 0.7074266666666666
0.75000 0.7130055555555556
0.75100 0.7185844444444444
0.75200 0.7241633333333333
0.75300 0.7298888888888889
0.75400 0.7356144444444443
0.75500 0.74134
0.75600 0.7475466666666666
0.75700 0.7537533333333334
0.75800 0.75996
0.75900 0.7662611111111111
0.76000 0.7725622222222223
0.76100 0.7788633333333334
0.76200 0.7848488888888889
0.76300 0.7908344444444445
0.76400 0.79682
0.76500 0.8024011111111111
0.76600 0.8079822222222223
0.76700 0.8135633333333333
0.76800 0.8191711111111112
0.76900 0.8247788888888888
0.77000 0.8303866666666666
0.77100 0.8364766666666666
0.77200 0.8425666666666666
0.77300 0.8486566666666667
0.77400 0.8550033333333333
0.77500 0.86135
0.77600 0.8676966666666667
0.77700 0.8738977777777778
0.77800 0.8800988888888889
0.77900 0.8863
0.78000 0.89202
0.78100 0.8977399999999999
0.78200 0.9034599999999999
0.78300 0.9090733333333333
0.78400 0.9146866666666665
0.78500 0.9203
0.78600 0.9238711111111111
0.78700 0.9274422222222222
0.78800 0.9310133333333334
0.78900 0.9318933333333334
0.79000 0.9327733333333333
0.79100 0.9336533333333333
0.79200 0.9343955555555555
0.79300 0.9351377777777778
0.79400 0.93588
