0 0.07038992291148816
0.001 0.0658741
0.002 0.0613583
0.003 0.0457728
0.004 0.0128417
0.005 -0.0215483
0.006 -0.0587736
0.007 -0.0978521
0.008 -0.136365
0.009 -0.172559
0.010 -0.208158
0.011 -0.245334
0.012 -0.285043
0.013 -0.32474
0.014 -0.36138
0.015 -0.395973
0.016 -0.431114
0.017 -0.468556
0.018 -0.506603
0.019 -0.542644
0.020 -0.575388
0.021 -0.607932
0.022 -0.641414
0.023 -0.675538
0.024 -0.708789
0.025 -0.738275
0.026 -0.766745
0.027 -0.795277
0.028 -0.823913
0.029 -0.852396
0.030 -0.878212
0.031 -0.902159
0.032 -0.926013
0.033 -0.949464
0.034 -0.972804
0.035 -0.995273
0.036 -1.01624
0.037 -1.03701
0.038 -1.05655
0.039 -1.0752
0.040 -1.09397
0.041 -1.11332
0.042 -1.13282
0.043 -1.15168
0.044 -1.16939
0.045 -1.18715
0.046 -1.20752
0.047 -1.22979
0.048 -1.25245
0.049 -1.27684
0.050 -1.30174
0.051 -1.32866
0.052 -1.35922
0.053 -1.39012
0.054 -1.42101
0.055 -1.45188
0.056 -1.48359
0.057 -1.51929
0.058 -1.55616
0.059 -1.59215
0.060 -1.62647
0.061 -1.66079
0.062 -1.69805
0.063 -1.73758
0.064 -1.77656
0.065 -1.81277
0.066 -1.84814
0.067 -1.88561
0.068 -1.92705
0.069 -1.96879
0.070 -2.00815
0.071 -2.04565
0.072 -2.08544
0.073 -2.13679
0.074 -2.19176
0.075 -2.2474
0.076 -2.30437
0.077 -2.36159
0.078 -2.42117
0.079 -2.48266
0.080 -2.54528
0.081 -2.61365
0.082 -2.68387
0.083 -2.75318
0.084 -2.82072
0.085 -2.8883
0.086 -2.96155
0.087 -3.03944
0.088 -3.11661
0.089 -3.18974
0.090 -3.26156
0.091 -3.33651
0.092 -3.41783
0.093 -3.49967
0.094 -3.57684
0.095 -3.6501
0.096 -3.72477
0.097 -3.80728
0.098 -3.89243
0.099 -3.97503
0.100 -4.05236
0.101 -4.12927
0.102 -4.21122
0.103 -4.29749
0.104 -4.3826
0.105 -4.46094
0.106 -4.53695
0.107 -4.61494
0.108 -4.69711
0.109 -4.77963
0.110 -4.85802
0.111 -4.93278
0.112 -5.00716
0.113 -5.07956
0.114 -5.15125
0.115 -5.22286
0.116 -5.29426
0.117 -5.36533
0.118 -5.42675
0.119 -5.47955
0.120 -5.53271
0.121 -5.58868
0.122 -5.64566
0.123 -5.69888
0.124 -5.74376
0.125 -5.78762
0.126 -5.83249
0.127 -5.87829
0.128 -5.92295
0.129 -5.9606
0.130 -5.99566
0.131 -6.03055
0.132 -6.06502
0.133 -6.09932
0.134 -6.12922
0.135 -6.15503
0.136 -6.18028
0.137 -6.20241
0.138 -6.22337
0.139 -6.24242
0.140 -6.25702
0.141 -6.27089
0.142 -6.27898
0.143 -6.28159
0.144 -6.28364
0.145 -6.28271
0.146 -6.28064
0.147 -6.27358
0.148 -6.25459
0.149 -6.2339
0.150 -6.2113
0.151 -6.18683
0.152 -6.16112
0.153 -6.12731
0.154 -6.09029
0.155 -6.05152
0.156 -6.00848
0.157 -5.96477
0.158 -5.91896
0.159 -5.87106
0.160 -5.82216
0.161 -5.76673
0.162 -5.70866
0.163 -5.65048
0.164 -5.592
0.165 -5.53336
0.166 -5.46839
0.167 -5.39699
0.168 -5.32565
0.169 -5.25573
0.170 -5.18641
0.171 -5.11213
0.172 -5.02516
0.173 -4.93629
0.174 -4.84878
0.175 -4.7627
0.176 -4.67495
0.177 -4.5748
0.178 -4.46939
0.179 -4.36615
0.180 -4.26862
0.181 -4.17184
0.182 -4.06664
0.183 -3.95249
0.184 -3.83897
0.185 -3.73193
0.186 -3.62771
0.187 -3.52075
0.188 -3.40643
0.189 -3.29093
0.190 -3.17459
0.191 -3.05737
0.192 -2.94143
0.193 -2.83566
0.194 -2.73442
0.195 -2.62969
0.196 -2.51543
0.197 -2.39965
0.198 -2.28863
0.199 -2.1829
0.200 -2.07626
0.201 -1.96089
0.202 -1.84157
0.203 -1.72556
0.204 -1.61885
0.205 -1.51367
0.206 -1.4034
0.207 -1.28739
0.208 -1.17241
0.209 -1.06764
0.210 -0.967627
0.211 -0.866245
0.212 -0.760927
0.213 -0.654995
0.214 -0.556588
0.215 -0.466881
0.216 -0.377463
0.217 -0.287845
0.218 -0.198132
0.219 -0.111651
0.220 -0.0347023
0.221 0.0405734
0.222 0.121033
0.223 0.207617
0.224 0.294158
0.225 0.378229
0.226 0.461096
0.227 0.54386
0.228 0.62631
0.229 0.708721
0.230 0.793486
0.231 0.881096
0.232 0.967967
0.233 1.04697
0.234 1.12205
0.235 1.19869
0.236 1.28019
0.237 1.36257
0.238 1.43843
0.239 1.50626
0.240 1.57395
0.241 1.64355
0.242 1.71414
0.243 1.78151
0.244 1.83867
0.245 1.89384
0.246 1.95086
0.247 2.01021
0.248 2.06909
0.249 2.12228
0.250 2.17249
0.251 2.22402
0.252 2.27988
0.253 2.33659
0.254 2.39046
0.255 2.44069
0.256 2.49116
0.257 2.54597
0.258 2.60309
0.259 2.6589
0.260 2.71038
0.261 2.7609
0.262 2.79304
0.263 2.80096
0.264 2.80764
