0.00000 -0.1190824414862845
0.00100 -0.238164882972569
0.00200 -0.2380134414862845
0.00300 -0.237862
0.00400 -0.23771075
0.00500 -0.2375595
0.00600 -0.237037
0.00700 -0.2365145
0.00800 -0.23541025
0.00900 -0.234306
0.01000 -0.23314849999999998
0.01100 -0.231991
0.01200 -0.23067225
0.01300 -0.2293535
0.01400 -0.2279295
0.01500 -0.2265055
0.01600 -0.22504875000000002
0.01700 -0.223592
0.01800 -0.22200150000000002
0.01900 -0.220411
0.02000 -0.21878625000000002
0.02100 -0.2171615
0.02200 -0.21543025
0.02300 -0.213699
0.02400 -0.21179725
0.02500 -0.2098955
0.02600 -0.20798475
0.02700 -0.206074
0.02800 -0.20422075
0.02900 -0.2023675
0.03000 -0.20055250000000002
0.03100 -0.1987375
0.03200 -0.1968895
0.03300 -0.1950415
0.03400 -0.19305424999999998
0.03500 -0.191067
0.03600 -0.18904325
0.03700 -0.1870195
0.03800 -0.18509225
0.03900 -0.183165
0.04000 -0.18139575
0.04100 -0.1796265
0.04200 -0.17787524999999998
0.04300 -0.176124
0.04400 -0.174455
0.04500 -0.172786
0.04600 -0.17117349999999998
0.04700 -0.169561
0.04800 -0.16801424999999998
0.04900 -0.1664675
0.05000 -0.165204
0.05100 -0.1639405
0.05200 -0.1627535
0.05300 -0.1615665
0.05400 -0.160524
0.05500 -0.1594815
0.05600 -0.1586815
0.05700 -0.1578815
0.05800 -0.15711225
0.05900 -0.156343
0.06000 -0.15574625
0.06100 -0.1551495
0.06200 -0.15467399999999998
0.06300 -0.1541985
0.06400 -0.15378324999999998
0.06500 -0.153368
0.06600 -0.153219
0.06700 -0.15307
0.06800 -0.1529945
0.06900 -0.152919
0.07000 -0.15288400000000002
0.07100 -0.152849
0.07200 -0.15288475
0.07300 -0.1529205
0.07400 -0.15297024999999997
0.07500 -0.15302
0.07600 -0.15321200000000001
0.07700 -0.153404
0.07800 -0.153698
0.07900 -0.153992
0.08000 -0.154304
0.08100 -0.154616
0.08200 -0.155009
0.08300 -0.155402
0.08400 -0.15581775
0.08500 -0.1562335
0.08600 -0.15676075
0.08700 -0.157288
0.08800 -0.15801225000000002
0.08900 -0.1587365
0.09000 -0.159495
0.09100 -0.1602535
0.09200 -0.161319
0.09300 -0.1623845
0.09400 -0.163675
0.09500 -0.1649655
0.09600 -0.166379
0.09700 -0.1677925
0.09800 -0.16977575
0.09900 -0.171759
0.10000 -0.173908
0.10100 -0.176057
0.10200 -0.17849525
0.10300 -0.1809335
0.10400 -0.18389475
0.10500 -0.186856
0.10600 -0.18987775
0.10700 -0.1928995
0.10800 -0.19615
0.10900 -0.1994005
0.11000 -0.20282275
0.11100 -0.206245
0.11200 -0.20981325
0.11300 -0.2133815
0.11400 -0.217645
0.11500 -0.2219085
0.11600 -0.226379
0.11700 -0.2308495
0.11800 -0.23531025
0.11900 -0.239771
0.12000 -0.24421375
0.12100 -0.2486565
0.12200 -0.25313175
0.12300 -0.257607
0.12400 -0.262771
0.12500 -0.267935
0.12600 -0.27362699999999995
0.12700 -0.279319
0.12800 -0.2849695
0.12900 -0.29062
0.13000 -0.29605625
0.13100 -0.3014925
0.13200 -0.3068635
0.13300 -0.3122345
0.13400 -0.31806475
0.13500 -0.323895
0.13600 -0.33059475
0.13700 -0.3372945
0.13800 -0.34406575
0.13900 -0.350837
0.14000 -0.35729025000000003
0.14100 -0.3637435
0.14200 -0.369947
0.14300 -0.3761505
0.14400 -0.38259175
0.14500 -0.389033
0.14600 -0.39667925000000004
0.14700 -0.4043255
0.14800 -0.412348
0.14900 -0.4203705
0.15000 -0.428416
0.15100 -0.4364615
0.15200 -0.444552
0.15300 -0.4526425
0.15400 -0.46073149999999996
0.15500 -0.4688205
0.15600 -0.4767755
0.15700 -0.4847305
0.15800 -0.49257775000000004
0.15900 -0.500425
0.16000 -0.5083875
0.16100 -0.51635
0.16200 -0.52491
0.16300 -0.53347
0.16400 -0.5422199999999999
0.16500 -0.55097
0.16600 -0.5594250000000001
0.16700 -0.56788
0.16800 -0.575745
0.16900 -0.58361
0.17000 -0.5914325
0.17100 -0.599255
0.17200 -0.60758
0.17300 -0.615905
0.17400 -0.6246375
0.17500 -0.63337
0.17600 -0.64196
0.17700 -0.65055
0.17800 -0.658355
0.17900 -0.66616
0.18000 -0.67371
0.18100 -0.68126
0.18200 -0.6890725
0.18300 -0.696885
0.18400 -0.7052350000000001
0.18500 -0.713585
0.18600 -0.72197
0.18700 -0.730355
0.18800 -0.73814
0.18900 -0.745925
0.19000 -0.7532099999999999
0.19100 -0.760495
0.19200 -0.7680100000000001
0.19300 -0.775525
0.19400 -0.7843275000000001
0.19500 -0.79313
0.19600 -0.802365
0.19700 -0.8116
0.19800 -0.82071
0.19900 -0.82982
0.20000 -0.8386750000000001
0.20100 -0.84753
0.20200 -0.8564
0.20300 -0.86527
0.20400 -0.8752475
0.20500 -0.885225
0.20600 -0.8961574999999999
0.20700 -0.90709
0.20800 -0.917925
0.20900 -0.92876
0.21000 -0.9390125
0.21100 -0.949265
0.21200 -0.959315
0.21300 -0.969365
0.21400 -0.979965
0.21500 -0.990565
0.21600 -1.0023325
0.21700 -1.0141
0.21800 -1.0259875
0.21900 -1.037875
0.22000 -1.0493125
0.22100 -1.06075
0.22200 -1.0717875000000001
0.22300 -1.082825
0.22400 -1.0939325
0.22500 -1.10504
0.22600 -1.1165625000000001
0.22700 -1.128085
0.22800 -1.139755
0.22900 -1.151425
0.23000 -1.1632025
0.23100 -1.17498
0.23200 -1.1869874999999999
0.23300 -1.198995
0.23400 -1.2110075
0.23500 -1.22302
0.23600 -1.2342075000000001
0.23700 -1.245395
0.23800 -1.2558475
0.23900 -1.2663
0.24000 -1.2769374999999998
0.24100 -1.287575
0.24200 -1.2993725
0.24300 -1.31117
0.24400 -1.3233875
0.24500 -1.335605
0.24600 -1.3476875
0.24700 -1.35977
0.24800 -1.3715549999999999
0.24900 -1.38334
0.25000 -1.3951175
0.25100 -1.406895
0.25200 -1.4196425000000001
0.25300 -1.43239
0.25400 -1.4460275
0.25500 -1.459665
0.25600 -1.4731975
0.25700 -1.48673
0.25800 -1.4995475
0.25900 -1.512365
0.26000 -1.5249199999999998
0.26100 -1.537475
0.26200 -1.55053
0.26300 -1.563585
0.26400 -1.5777725
0.26500 -1.59196
0.26600 -1.6062750000000001
0.26700 -1.62059
0.26800 -1.634115
0.26900 -1.64764
0.27000 -1.6604275
0.27100 -1.673215
0.27200 -1.68614
0.27300 -1.699065
0.27400 -1.7129375
0.27500 -1.72681
0.27600 -1.7410424999999998
0.27700 -1.755275
0.27800 -1.7690175
0.27900 -1.78276
0.28000 -1.79536
0.28100 -1.80796
0.28200 -1.8204125
0.28300 -1.832865
0.28400 -1.845605
0.28500 -1.858345
0.28600 -1.8713625
0.28700 -1.88438
0.28800 -1.897215
0.28900 -1.91005
0.29000 -1.921675
0.29100 -1.9333
0.29200 -1.9444599999999999
0.29300 -1.95562
0.29400 -1.9667599999999998
0.29500 -1.9779
0.29600 -1.989
0.29700 -2.0001
0.29800 -2.0111825000000003
0.29900 -2.022265
0.30000 -2.0329474999999997
0.30100 -2.04363
0.30200 -2.0539199999999997
0.30300 -2.06421
0.30400 -2.074275
0.30500 -2.08434
0.30600 -2.092955
0.30700 -2.10157
0.30800 -2.10961
0.30900 -2.11765
0.31000 -2.12575
0.31100 -2.13385
0.31200 -2.1420874999999997
0.31300 -2.150325
0.31400 -2.1585575
0.31500 -2.16679
0.31600 -2.1737900000000003
0.31700 -2.18079
0.31800 -2.1865699999999997
0.31900 -2.19235
0.32000 -2.198095
0.32100 -2.20384
0.32200 -2.20953
0.32300 -2.21522
0.32400 -2.22089
0.32500 -2.22656
0.32600 -2.2316425
0.32700 -2.236725
0.32800 -2.240345
0.32900 -2.243965
0.33000 -2.247355
0.33100 -2.250745
0.33200 -2.2535775
0.33300 -2.25641
0.33400 -2.2586725
0.33500 -2.260935
0.33600 -2.262995
0.33700 -2.265055
0.33800 -2.2657575
0.33900 -2.26646
0.34000 -2.2666025
0.34100 -2.266745
0.34200 -2.266275
0.34300 -2.265805
0.34400 -2.2637799999999997
0.34500 -2.261755
0.34600 -2.25948
0.34700 -2.257205
0.34800 -2.254215
0.34900 -2.251225
0.35000 -2.247495
0.35100 -2.243765
0.35200 -2.2397675
0.35300 -2.23577
0.35400 -2.2299350000000002
0.35500 -2.2241
0.35600 -2.217485
0.35700 -2.21087
0.35800 -2.2041899999999996
0.35900 -2.19751
0.36000 -2.1906499999999998
0.36100 -2.18379
0.36200 -2.176875
0.36300 -2.16996
0.36400 -2.1615450000000003
0.36500 -2.15313
0.36600 -2.1431175
0.36700 -2.133105
0.36800 -2.123085
0.36900 -2.113065
0.37000 -2.1032975
0.37100 -2.09353
0.37200 -2.083875
0.37300 -2.07422
0.37400 -2.06377
0.37500 -2.05332
0.37600 -2.0407425
0.37700 -2.028165
0.37800 -2.01524
0.37900 -2.002315
0.38000 -1.9889899999999998
0.38100 -1.975665
0.38200 -1.9619075000000001
0.38300 -1.94815
0.38400 -1.934345
0.38500 -1.92054
0.38600 -1.9064649999999999
0.38700 -1.89239
0.38800 -1.8781975
0.38900 -1.864005
0.39000 -1.84917
0.39100 -1.834335
0.39200 -1.8177425
0.39300 -1.80115
0.39400 -1.784265
0.39500 -1.76738
0.39600 -1.7504024999999999
0.39700 -1.733425
0.39800 -1.71635
0.39900 -1.699275
0.40000 -1.6819675
0.40100 -1.66466
0.40200 -1.6455075
0.40300 -1.626355
0.40400 -1.6063625
0.40500 -1.58637
0.40600 -1.566685
0.40700 -1.547
0.40800 -1.5281875
0.40900 -1.509375
0.41000 -1.490695
0.41100 -1.472015
0.41200 -1.452045
0.41300 -1.432075
0.41400 -1.41065
0.41500 -1.389225
0.41600 -1.3679125
0.41700 -1.3466
0.41800 -1.326665
0.41900 -1.30673
0.42000 -1.2874325
0.42100 -1.268135
0.42200 -1.248285
0.42300 -1.228435
0.42400 -1.20699
0.42500 -1.185545
0.42600 -1.1638350000000002
0.42700 -1.142125
0.42800 -1.1215950000000001
0.42900 -1.101065
0.43000 -1.0819
0.43100 -1.062735
0.43200 -1.0435025
0.43300 -1.02427
0.43400 -1.004035
0.43500 -0.9838
0.43600 -0.9630875
0.43700 -0.942375
0.43800 -0.922275
0.43900 -0.902175
0.44000 -0.8838775
0.44100 -0.86558
0.44200 -0.8476025
0.44300 -0.829625
0.44400 -0.8106374999999999
0.44500 -0.79165
0.44600 -0.7714775
0.44700 -0.751305
0.44800 -0.73116
0.44900 -0.711015
0.45000 -0.6915575
0.45100 -0.6721
0.45200 -0.6529750000000001
0.45300 -0.63385
0.45400 -0.61496
0.45500 -0.59607
0.45600 -0.57789
0.45700 -0.55971
0.45800 -0.541655
0.45900 -0.5236
0.46000 -0.50512675
0.46100 -0.4866535
0.46200 -0.46767274999999997
0.46300 -0.448692
0.46400 -0.429917
0.46500 -0.411142
0.46600 -0.39445399999999997
0.46700 -0.377766
0.46800 -0.36211899999999997
0.46900 -0.346472
0.47000 -0.330549
0.47100 -0.314626
0.47200 -0.29784900000000003
0.47300 -0.281072
0.47400 -0.264142
0.47500 -0.247212
0.47600 -0.23184
0.47700 -0.216468
0.47800 -0.20301825
0.47900 -0.1895685
0.48000 -0.1761895
0.48100 -0.1628105
0.48200 -0.14931675
0.48300 -0.135823
0.48400 -0.12227075
0.48500 -0.1087185
0.48600 -0.09590475
0.48700 -0.083091
0.48800 -0.072617
0.48900 -0.062143
0.49000 -0.05212635
0.49100 -0.0421097
0.49200 -0.032028675
0.49300 -0.02194765
0.49400 -0.011785282499999999
0.49500 -0.001622914999999999
0.49600 0.0084127425
0.49700 0.0184484
0.49800 0.027194825
0.49900 0.03594125
0.50000 0.044014125
0.50100 0.052087
0.50200 0.06017725
0.50300 0.0682675
0.50400 0.076415
0.50500 0.0845625
0.50600 0.09271875
0.50700 0.100875
0.50800 0.10842950000000001
0.50900 0.115984
0.51000 0.1227625
0.51100 0.129541
0.51200 0.13623825
0.51300 0.1429355
0.51400 0.14918599999999999
0.51500 0.1554365
0.51600 0.16144775
0.51700 0.167459
0.51800 0.1732435
0.51900 0.179028
0.52000 0.1840585
0.52100 0.189089
0.52200 0.19395800000000002
0.52300 0.198827
0.52400 0.20192475
0.52500 0.2050225
0.52600 0.2057855
0.52700 0.2065485
0.52800 0.20719225
0.52900 0.207836
