0.00000 0.17357952956703224
0.00100 0.3471590591340645
0.00200 0.5207385887010967
0.00300 0.5190768369118423
0.00400 0.5174150851225878
0.00500 0.5157533333333334
0.00600 0.5140922222222223
0.00700 0.5124311111111112
0.00800 0.5107700000000001
0.00900 0.5050366666666667
0.01000 0.4993033333333334
0.01100 0.49357
0.01200 0.4814555555555555
0.01300 0.46934111111111115
0.01400 0.45722666666666667
0.01500 0.4445888888888889
0.01600 0.4319511111111111
0.01700 0.41931333333333337
0.01800 0.40582
0.01900 0.3923266666666667
0.02000 0.37883333333333336
0.02100 0.3647822222222223
0.02200 0.3507311111111111
0.02300 0.33668000000000003
0.02400 0.3229827777777778
0.02500 0.30928555555555554
0.02600 0.29558833333333334
0.02700 0.28334577777777775
0.02800 0.2711032222222222
0.02900 0.2588606666666667
0.03000 0.24699155555555555
0.03100 0.23512244444444444
0.03200 0.22325333333333333
0.03300 0.21095577777777777
0.03400 0.1986582222222222
0.03500 0.18636066666666665
0.03600 0.17337533333333333
0.03700 0.16039
0.03800 0.14740466666666666
0.03900 0.13445077777777778
0.04000 0.12149688888888889
0.04100 0.108543
0.04200 0.0968418888888889
0.04300 0.08514077777777777
0.04400 0.07343966666666667
0.04500 0.06257688888888889
0.04600 0.05171411111111111
0.04700 0.04085133333333333
0.04800 0.029848255555555554
0.04900 0.018845177777777777
0.05000 0.0078421
0.05100 -0.0037515111111111124
0.05200 -0.015345122222222224
0.05300 -0.026938733333333336
0.05400 -0.03868771111111111
0.05500 -0.05043668888888889
0.05600 -0.06218566666666667
0.05700 -0.073241
0.05800 -0.08429633333333335
0.05900 -0.09535166666666667
0.06000 -0.105267
0.06100 -0.11518233333333333
0.06200 -0.12509766666666666
0.06300 -0.1349342222222222
0.06400 -0.14477077777777778
0.06500 -0.15460733333333335
0.06600 -0.16461955555555555
0.06700 -0.1746317777777778
0.06800 -0.184644
0.06900 -0.19477666666666668
0.07000 -0.2049093333333333
0.07100 -0.21504199999999998
0.07200 -0.22489533333333334
0.07300 -0.23474866666666663
0.07400 -0.24460199999999999
0.07500 -0.2532517777777778
0.07600 -0.26190155555555555
0.07700 -0.2705513333333333
0.07800 -0.27887633333333334
0.07900 -0.28720133333333336
0.08000 -0.29552633333333334
0.08100 -0.3038392222222222
0.08200 -0.31215211111111113
0.08300 -0.320465
0.08400 -0.32875777777777776
0.08500 -0.3370505555555556
0.08600 -0.34534333333333334
0.08700 -0.35358555555555554
0.08800 -0.3618277777777778
0.08900 -0.37006999999999995
0.09000 -0.37752
0.09100 -0.38497
0.09200 -0.39242
0.09300 -0.39931444444444447
0.09400 -0.40620888888888884
0.09500 -0.4131033333333333
0.09600 -0.41995444444444446
0.09700 -0.4268055555555555
0.09800 -0.43365666666666663
0.09900 -0.4403222222222222
0.10000 -0.44698777777777776
0.10100 -0.4536533333333333
0.10200 -0.46026666666666666
0.10300 -0.46687999999999996
0.10400 -0.4734933333333333
0.10500 -0.4798466666666667
0.10600 -0.48619999999999997
0.10700 -0.49255333333333334
0.10800 -0.4984566666666667
0.10900 -0.50436
0.11000 -0.5102633333333334
0.11100 -0.5161022222222222
0.11200 -0.5219411111111111
0.11300 -0.52778
0.11400 -0.5331422222222222
0.11500 -0.5385044444444445
0.11600 -0.5438666666666666
0.11700 -0.5488888888888889
0.11800 -0.5539111111111111
0.11900 -0.5589333333333334
0.12000 -0.5639588888888889
0.12100 -0.5689844444444444
0.12200 -0.57401
0.12300 -0.5790566666666667
0.12400 -0.5841033333333333
0.12500 -0.58915
0.12600 -0.5942044444444444
0.12700 -0.5992588888888889
0.12800 -0.6043133333333334
0.12900 -0.6089344444444444
0.13000 -0.6135555555555555
0.13100 -0.6181766666666667
0.13200 -0.6220377777777778
0.13300 -0.6258988888888889
0.13400 -0.62976
0.13500 -0.6335566666666667
0.13600 -0.6373533333333333
0.13700 -0.64115
0.13800 -0.6450400000000001
0.13900 -0.64893
0.14000 -0.6528200000000001
0.14100 -0.6567755555555556
0.14200 -0.660731111111111
0.14300 -0.6646866666666666
0.14400 -0.66847
0.14500 -0.6722533333333333
0.14600 -0.6760366666666666
0.14700 -0.6790122222222221
0.14800 -0.6819877777777777
0.14900 -0.6849633333333333
0.15000 -0.6877044444444445
0.15100 -0.6904455555555554
0.15200 -0.6931866666666666
0.15300 -0.6958866666666667
0.15400 -0.6985866666666666
0.15500 -0.7012866666666667
0.15600 -0.7039155555555556
0.15700 -0.7065444444444444
0.15800 -0.7091733333333333
0.15900 -0.7117666666666667
0.16000 -0.7143600000000001
0.16100 -0.7169533333333334
0.16200 -0.7190244444444445
0.16300 -0.7210955555555557
0.16400 -0.7231666666666667
0.16500 -0.7248455555555556
0.16600 -0.7265244444444444
0.16700 -0.7282033333333334
0.16800 -0.7298399999999999
0.16900 -0.7314766666666667
0.17000 -0.7331133333333333
0.17100 -0.7345611111111111
0.17200 -0.7360088888888888
0.17300 -0.7374566666666666
0.17400 -0.7388477777777777
0.17500 -0.7402388888888889
0.17600 -0.7416299999999999
0.17700 -0.7428288888888889
0.17800 -0.7440277777777777
0.17900 -0.7452266666666666
0.18000 -0.74607
0.18100 -0.7469133333333332
0.18200 -0.7477566666666666
0.18300 -0.7485499999999999
0.18400 -0.7493433333333334
0.18500 -0.7501366666666667
0.18600 -0.7506022222222222
0.18700 -0.7510677777777778
0.18800 -0.7515333333333333
0.18900 -0.7517488888888889
0.19000 -0.7519644444444444
0.19100 -0.7521800000000001
0.19200 -0.7523433333333335
0.19300 -0.7525066666666667
0.19400 -0.7526700000000001
0.19500 -0.7525788888888889
0.19600 -0.7524877777777778
0.19700 -0.7523966666666667
0.19800 -0.7522266666666667
0.19900 -0.7520566666666667
0.20000 -0.7518866666666667
0.20100 -0.7511777777777778
0.20200 -0.750468888888889
0.20300 -0.7497600000000001
0.20400 -0.7480277777777778
0.20500 -0.7462955555555556
0.20600 -0.7445633333333334
0.20700 -0.7427222222222222
0.20800 -0.7408811111111112
0.20900 -0.73904
0.21000 -0.7370522222222222
0.21100 -0.7350644444444444
0.21200 -0.7330766666666667
0.21300 -0.7309733333333334
0.21400 -0.72887
0.21500 -0.7267666666666667
0.21600 -0.7240611111111112
0.21700 -0.7213555555555554
0.21800 -0.7186499999999999
0.21900 -0.7129088888888888
0.22000 -0.7071677777777778
0.22100 -0.7014266666666668
0.22200 -0.6947388888888889
0.22300 -0.6880511111111112
0.22400 -0.6813633333333334
0.22500 -0.6743633333333334
0.22600 -0.6673633333333333
0.22700 -0.6603633333333333
0.22800 -0.6527588888888889
0.22900 -0.6451544444444445
0.23000 -0.63755
0.23100 -0.6298155555555556
0.23200 -0.6220811111111111
0.23300 -0.6143466666666667
0.23400 -0.6050855555555555
0.23500 -0.5958244444444444
0.23600 -0.5865633333333333
0.23700 -0.57608
0.23800 -0.5655966666666666
0.23900 -0.5551133333333333
0.24000 -0.5443677777777778
0.24100 -0.5336222222222222
0.24200 -0.5228766666666667
0.24300 -0.5108122222222222
0.24400 -0.4987477777777778
0.24500 -0.48668333333333336
0.24600 -0.47419666666666666
0.24700 -0.46171
0.24800 -0.4492233333333333
0.24900 -0.4364444444444444
0.25000 -0.4236655555555556
0.25100 -0.4108866666666667
0.25200 -0.39752666666666664
0.25300 -0.3841666666666667
0.25400 -0.3708066666666667
0.25500 -0.3573216666666667
0.25600 -0.3438366666666666
0.25700 -0.33035166666666665
0.25800 -0.3153778888888889
0.25900 -0.30040411111111115
0.26000 -0.28543033333333334
0.26100 -0.2692358888888889
0.26200 -0.25304144444444443
0.26300 -0.236847
0.26400 -0.22065755555555555
0.26500 -0.2044681111111111
0.26600 -0.18827866666666668
0.26700 -0.172161
0.26800 -0.15604333333333334
0.26900 -0.13992566666666667
0.27000 -0.12383133333333333
0.27100 -0.10773700000000001
0.27200 -0.09164266666666666
0.27300 -0.07464255555555556
0.27400 -0.05764244444444444
0.27500 -0.040642333333333336
0.27600 -0.02180353333333333
0.27700 -0.0029647333333333303
0.27800 0.015874066666666672
0.27900 0.03488804444444444
0.28000 0.053902022222222214
0.28100 0.072916
0.28200 0.0912211111111111
0.28300 0.10952622222222223
0.28400 0.12783133333333332
0.28500 0.14554255555555556
0.28600 0.16325377777777778
0.28700 0.18096500000000001
0.28800 0.19892566666666667
0.28900 0.21688633333333332
0.29000 0.234847
0.29100 0.254199
0.29200 0.273551
0.29300 0.29290299999999997
0.29400 0.3127208888888889
0.29500 0.3325387777777778
0.29600 0.35235666666666665
0.29700 0.3714311111111111
0.29800 0.3905055555555555
0.29900 0.40958
0.30000 0.4271088888888889
0.30100 0.44463777777777774
0.30200 0.46216666666666667
0.30300 0.4795388888888889
0.30400 0.49691111111111114
0.30500 0.5142833333333333
0.30600 0.5321777777777777
0.30700 0.5500722222222222
0.30800 0.5679666666666666
0.30900 0.5863088888888889
0.31000 0.6046511111111111
0.31100 0.6229933333333334
0.31200 0.6410277777777778
0.31300 0.6590622222222222
0.31400 0.6770966666666666
0.31500 0.6933744444444444
0.31600 0.7096522222222221
0.31700 0.72593
0.31800 0.7416044444444444
0.31900 0.757278888888889
0.32000 0.7729533333333333
0.32100 0.7887188888888889
0.32200 0.8044844444444444
0.32300 0.82025
0.32400 0.8362111111111111
0.32500 0.8521722222222222
0.32600 0.8681333333333333
0.32700 0.8840833333333333
0.32800 0.9000333333333334
0.32900 0.9159833333333333
0.33000 0.9309799999999999
0.33100 0.9459766666666667
0.33200 0.9609733333333333
0.33300 0.9751366666666667
0.33400 0.9893000000000001
0.33500 1.0034633333333334
0.33600 1.0174344444444445
0.33700 1.0314055555555555
0.33800 1.0453766666666666
0.33900 1.0582855555555557
0.34000 1.0711944444444443
0.34100 1.0841033333333334
0.34200 1.096638888888889
0.34300 1.1091744444444445
0.34400 1.12171
0.34500 1.134158888888889
0.34600 1.146607777777778
0.34700 1.1590566666666666
0.34800 1.17132
0.34900 1.1835833333333334
0.35000 1.1958466666666667
0.35100 1.2080222222222223
0.35200 1.2201977777777777
0.35300 1.2323733333333333
0.35400 1.2425577777777777
0.35500 1.2527422222222222
0.35600 1.2629266666666668
0.35700 1.2713322222222223
0.35800 1.2797377777777779
0.35900 1.2881433333333334
0.36000 1.2966533333333332
0.36100 1.3051633333333335
0.36200 1.3136733333333332
0.36300 1.3229388888888889
0.36400 1.3322044444444443
0.36500 1.34147
0.36600 1.3510077777777776
0.36700 1.3605455555555555
0.36800 1.3700833333333333
0.36900 1.3793355555555555
0.37000 1.3885877777777778
0.37100 1.3978400000000002
0.37200 1.4064588888888891
0.37300 1.4150777777777777
0.37400 1.4236966666666666
0.37500 1.4322533333333334
0.37600 1.44081
0.37700 1.4493666666666665
0.37800 1.4585766666666666
0.37900 1.4677866666666668
0.38000 1.4769966666666667
0.38100 1.4868033333333335
0.38200 1.4966100000000002
0.38300 1.5064166666666667
0.38400 1.5161322222222224
0.38500 1.525847777777778
0.38600 1.5355633333333334
0.38700 1.544668888888889
0.38800 1.5537744444444446
0.38900 1.56288
0.39000 1.5717622222222223
0.39100 1.5806444444444445
0.39200 1.5895266666666668
0.39300 1.5986533333333333
0.39400 1.60778
0.39500 1.6169066666666667
0.39600 1.626591111111111
0.39700 1.6362755555555555
0.39800 1.6459599999999999
0.39900 1.655697777777778
0.40000 1.6654355555555556
0.40100 1.6751733333333334
0.40200 1.6842011111111113
0.40300 1.693228888888889
0.40400 1.7022566666666668
0.40500 1.7106244444444443
0.40600 1.7189922222222223
0.40700 1.72736
0.40800 1.7357244444444444
0.40900 1.744088888888889
0.41000 1.7524533333333334
0.41100 1.7608677777777777
0.41200 1.7692822222222224
0.41300 1.7776966666666667
0.41400 1.78613
0.41500 1.7945633333333335
0.41600 1.8029966666666668
0.41700 1.8110055555555558
0.41800 1.8190144444444443
0.41900 1.8270233333333332
0.42000 1.8340422222222221
0.42100 1.8410611111111113
0.42200 1.8480800000000002
0.42300 1.8549588888888888
0.42400 1.861837777777778
0.42500 1.8687166666666668
0.42600 1.8753477777777778
0.42700 1.8819788888888889
0.42800 1.88861
0.42900 1.8950044444444443
0.43000 1.9013988888888889
0.43100 1.9077933333333332
0.43200 1.9140633333333332
0.43300 1.9203333333333334
0.43400 1.9266033333333334
0.43500 1.9320966666666666
0.43600 1.9375900000000001
0.43700 1.9430833333333333
0.43800 1.9482766666666667
0.43900 1.95347
0.44000 1.9586633333333332
0.44100 1.9641144444444443
0.44200 1.9695655555555556
0.44300 1.9750166666666666
0.44400 1.981081111111111
0.44500 1.9871455555555555
0.44600 1.9932100000000001
0.44700 1.999358888888889
0.44800 2.005507777777778
0.44900 2.0116566666666666
0.45000 2.0177488888888893
0.45100 2.023841111111111
0.45200 2.0299333333333336
0.45300 2.035971111111111
0.45400 2.042008888888889
0.45500 2.0480466666666666
0.45600 2.0540933333333333
0.45700 2.06014
0.45800 2.0661866666666664
0.45900 2.072312222222222
0.46000 2.078437777777778
0.46100 2.084563333333333
0.46200 2.090718888888889
0.46300 2.0968744444444445
0.46400 2.10303
0.46500 2.109375555555556
0.46600 2.115721111111111
0.46700 2.1220666666666665
0.46800 2.128871111111111
0.46900 2.1356755555555558
0.47000 2.14248
0.47100 2.149348888888889
0.47200 2.1562177777777776
0.47300 2.1630866666666666
0.47400 2.1697977777777777
0.47500 2.176508888888889
0.47600 2.18322
0.47700 2.1897744444444442
0.47800 2.196328888888889
0.47900 2.2028833333333333
0.48000 2.209538888888889
0.48100 2.216194444444444
0.48200 2.2228499999999998
0.48300 2.2302233333333334
0.48400 2.2375966666666667
0.48500 2.24497
0.48600 2.252631111111111
0.48700 2.260292222222222
0.48800 2.2679533333333333
0.48900 2.2755055555555557
0.49000 2.283057777777778
0.49100 2.29061
0.49200 2.2978866666666664
0.49300 2.3051633333333332
0.49400 2.31244
0.49500 2.3196755555555555
0.49600 2.326911111111111
0.49700 2.334146666666667
0.49800 2.341411111111111
0.49900 2.348675555555556
0.50000 2.35594
0.50100 2.3632333333333335
0.50200 2.3705266666666667
0.50300 2.3778200000000003
0.50400 2.3849433333333336
0.50500 2.3920666666666666
0.50600 2.39919
0.50700 2.405097777777778
0.50800 2.4110055555555556
0.50900 2.4169133333333335
0.51000 2.42232
0.51100 2.427726666666667
0.51200 2.4331333333333336
0.51300 2.4372266666666667
0.51400 2.44132
0.51500 2.445413333333333
0.51600 2.4461444444444447
0.51700 2.4468755555555552
0.51800 2.4476066666666667
0.51900 2.44779
0.52000 2.447973333333333
0.52100 2.4481566666666668
0.52200 2.4462800000000002
0.52300 2.4444033333333333
0.52400 2.4425266666666667
0.52500 2.438511111111111
0.52600 2.4344955555555554
0.52700 2.4304799999999998
0.52800 2.4257477777777776
0.52900 2.4210155555555555
0.53000 2.4162833333333333
0.53100 2.406677777777778
0.53200 2.397072222222222
0.53300 2.3874666666666666
0.53400 2.3757966666666666
0.53500 2.3641266666666665
0.53600 2.3524566666666664
0.53700 2.340351111111111
0.53800 2.3282455555555557
0.53900 2.31614
0.54000 2.3028911111111108
0.54100 2.289642222222222
0.54200 2.2763933333333335
0.54300 2.2629
0.54400 2.2494066666666668
0.54500 2.2359133333333334
0.54600 2.21837
0.54700 2.2008266666666665
0.54800 2.1832833333333332
0.54900 2.1614444444444447
0.55000 2.1396055555555553
0.55100 2.117766666666667
0.55200 2.0958444444444444
0.55300 2.073922222222222
0.55400 2.052
0.55500 2.0303188888888886
0.55600 2.008637777777778
0.55700 1.9869566666666667
0.55800 1.96538
0.55900 1.9438033333333333
0.56000 1.9222266666666668
0.56100 1.898461111111111
0.56200 1.8746955555555556
0.56300 1.85093
0.56400 1.8212922222222223
0.56500 1.7916544444444444
0.56600 1.7620166666666668
0.56700 1.7314144444444446
0.56800 1.7008122222222222
0.56900 1.67021
0.57000 1.6384044444444443
0.57100 1.606598888888889
0.57200 1.5747933333333333
0.57300 1.5416833333333333
0.57400 1.5085733333333333
0.57500 1.4754633333333331
0.57600 1.442061111111111
0.57700 1.408658888888889
0.57800 1.3752566666666668
0.57900 1.3398622222222223
0.58000 1.3044677777777778
0.58100 1.2690733333333333
0.58200 1.2327944444444445
0.58300 1.1965155555555556
0.58400 1.1602366666666668
0.58500 1.1219755555555555
0.58600 1.0837144444444444
0.58700 1.0454533333333333
0.58800 1.0017488888888888
0.58900 0.9580444444444445
0.59000 0.91434
0.59100 0.8697066666666666
0.59200 0.8250733333333334
0.59300 0.78044
0.59400 0.7338755555555556
0.59500 0.6873111111111111
0.59600 0.6407466666666667
0.59700 0.5920422222222222
0.59800 0.5433377777777778
0.59900 0.4946333333333333
0.60000 0.4450755555555555
0.60100 0.3955177777777778
0.60200 0.34596
0.60300 0.2900493333333333
0.60400 0.23413866666666663
0.60500 0.17822800000000003
0.60600 0.11943126333333336
0.60700 0.06063452666666667
0.60800 0.0018377899999999874
0.60900 -0.05663569555555555
0.61000 -0.11510918111111108
0.61100 -0.17358266666666666
0.61200 -0.23114622222222223
0.61300 -0.2887097777777778
0.61400 -0.3462733333333334
0.61500 -0.4037377777777778
0.61600 -0.46120222222222224
0.61700 -0.5186666666666667
0.61800 -0.5809266666666667
0.61900 -0.6431866666666667
0.62000 -0.7054466666666667
0.62100 -0.773128888888889
0.62200 -0.8408111111111111
0.62300 -0.9084933333333334
0.62400 -0.9759644444444445
0.62500 -1.0434355555555557
0.62600 -1.1109066666666667
0.62700 -1.1750977777777778
0.62800 -1.2392888888888889
0.62900 -1.30348
0.63000 -1.3661444444444444
0.63100 -1.428808888888889
0.63200 -1.4914733333333334
0.63300 -1.5564933333333333
0.63400 -1.6215133333333334
0.63500 -1.6865333333333332
0.63600 -1.758333333333333
0.63700 -1.8301333333333334
0.63800 -1.9019333333333333
0.63900 -1.97489
0.64000 -2.0478466666666666
0.64100 -2.1208033333333334
0.64200 -2.190448888888889
0.64300 -2.2600944444444444
0.64400 -2.32974
0.64500 -2.39556
0.64600 -2.46138
0.64700 -2.5272
0.64800 -2.593567777777778
0.64900 -2.6599355555555557
0.65000 -2.7263033333333335
0.65100 -2.7985844444444443
0.65200 -2.8708655555555556
0.65300 -2.943146666666667
0.65400 -3.018241111111111
0.65500 -3.0933355555555555
0.65600 -3.1684300000000003
0.65700 -3.2416311111111114
0.65800 -3.314832222222222
0.65900 -3.388033333333333
0.66000 -3.4556222222222224
0.66100 -3.523211111111111
0.66200 -3.5907999999999998
0.66300 -3.6574444444444443
0.66400 -3.7240888888888883
0.66500 -3.7907333333333333
0.66600 -3.863733333333333
0.66700 -3.936733333333333
0.66800 -4.009733333333333
0.66900 -4.090222222222223
0.67000 -4.170711111111111
0.67100 -4.2512
0.67200 -4.331788888888889
0.67300 -4.4123777777777775
0.67400 -4.492966666666667
0.67500 -4.571755555555556
0.67600 -4.650544444444445
0.67700 -4.729333333333334
0.67800 -4.807255555555556
0.67900 -4.885177777777778
0.68000 -4.9631
0.68100 -5.041133333333334
0.68200 -5.119166666666667
0.68300 -5.1972
0.68400 -5.2756
0.68500 -5.354
0.68600 -5.4324
0.68700 -5.510877777777778
0.68800 -5.589355555555556
0.68900 -5.667833333333333
0.69000 -5.748744444444444
0.69100 -5.829655555555555
0.69200 -5.910566666666667
0.69300 -5.9944
0.69400 -6.078233333333333
0.69500 -6.162066666666667
0.69600 -6.245277777777777
0.69700 -6.328488888888889
0.69800 -6.4117
0.69900 -6.4882333333333335
0.70000 -6.564766666666666
0.70100 -6.6413
0.70200 -6.7145
0.70300 -6.7877
0.70400 -6.8609
0.70500 -6.935811111111111
0.70600 -7.010722222222223
0.70700 -7.085633333333334
0.70800 -7.165866666666667
0.70900 -7.246099999999999
0.71000 -7.326333333333333
0.71100 -7.407533333333333
0.71200 -7.488733333333333
0.71300 -7.569933333333334
0.71400 -7.645555555555556
0.71500 -7.721177777777778
0.71600 -7.7968
0.71700 -7.865511111111111
0.71800 -7.934222222222222
0.71900 -8.002933333333333
0.72000 -8.071633333333333
0.72100 -8.140333333333333
0.72200 -8.209033333333332
0.72300 -8.280355555555555
0.72400 -8.351677777777777
0.72500 -8.423
0.72600 -8.495677777777777
0.72700 -8.568355555555556
0.72800 -8.641033333333334
0.72900 -8.710700000000001
0.73000 -8.780366666666668
0.73100 -8.850033333333334
0.73200 -8.910166666666667
0.73300 -8.9703
0.73400 -9.030433333333333
0.73500 -9.088722222222222
0.73600 -9.14701111111111
0.73700 -9.2053
0.73800 -9.26501111111111
0.73900 -9.324722222222222
0.74000 -9.384433333333334
0.74100 -9.445955555555555
0.74200 -9.507477777777778
0.74300 -9.569
0.74400 -9.629944444444446
0.74500 -9.690888888888889
0.74600 -9.751833333333334
0.74700 -9.806266666666668
0.74800 -9.8607
0.74900 -9.915133333333333
0.75000 -9.966166666666666
0.75100 -10.0172
0.75200 -10.068233333333334
0.75300 -10.120011111111111
0.75400 -10.171788888888889
0.75500 -10.223566666666667
0.75600 -10.277766666666666
0.75700 -10.331966666666666
0.75800 -10.386166666666666
0.75900 -10.440844444444444
0.76000 -10.495522222222222
0.76100 -10.5502
0.76200 -10.601544444444444
0.76300 -10.652888888888889
0.76400 -10.704233333333333
0.76500 -10.751288888888888
0.76600 -10.798344444444444
0.76700 -10.8454
0.76800 -10.892344444444445
0.76900 -10.939288888888889
0.77000 -10.986233333333333
0.77100 -11.03418888888889
0.77200 -11.082144444444445
0.77300 -11.1301
0.77400 -11.178611111111111
0.77500 -11.227122222222222
0.77600 -11.275633333333333
0.77700 -11.322766666666666
0.77800 -11.369900000000001
0.77900 -11.417033333333334
0.78000 -11.4596
0.78100 -11.502166666666668
0.78200 -11.544733333333333
0.78300 -11.58631111111111
0.78400 -11.62788888888889
0.78500 -11.669466666666667
0.78600 -11.695922222222222
0.78700 -11.722377777777778
0.78800 -11.748833333333332
0.78900 -11.755355555555555
0.79000 -11.761877777777777
0.79100 -11.7684
0.79200 -11.7739
0.79300 -11.7794
0.79400 -11.7849
