0.00000 0.53641676131397
0.00100 1.07283352262794
0.00200 1.07309426131397
0.00300 1.073355
0.00400 1.0736175000000001
0.00500 1.07388
0.00600 1.0747849999999999
0.00700 1.07569
0.00800 1.0776
0.00900 1.07951
0.01000 1.081505
0.01100 1.0835
0.01200 1.08567
0.01300 1.08784
0.01400 1.09012
0.01500 1.0924
0.01600 1.0946575
0.01700 1.096915
0.01800 1.0990625
0.01900 1.10121
0.02000 1.1033300000000001
0.02100 1.10545
0.02200 1.1076675
0.02300 1.109885
0.02400 1.1122625
0.02500 1.11464
0.02600 1.1170175
0.02700 1.119395
0.02800 1.1216
0.02900 1.123805
0.03000 1.1258949999999999
0.03100 1.127985
0.03200 1.1301675
0.03300 1.13235
0.03400 1.134915
0.03500 1.13748
0.03600 1.140145
0.03700 1.14281
0.03800 1.1454725
0.03900 1.148135
0.04000 1.1507925
0.04100 1.15345
0.04200 1.156205
0.04300 1.15896
0.04400 1.1632500000000001
0.04500 1.16754
0.04600 1.172885
0.04700 1.17823
0.04800 1.183705
0.04900 1.18918
0.05000 1.1952224999999999
0.05100 1.201265
0.05200 1.20746
0.05300 1.213655
0.05400 1.2212049999999999
0.05500 1.228755
0.05600 1.238585
0.05700 1.248415
0.05800 1.2584325
0.05900 1.26845
0.06000 1.27845
0.06100 1.28845
0.06200 1.298435
0.06300 1.30842
0.06400 1.318915
0.06500 1.32941
0.06600 1.342145
0.06700 1.35488
0.06800 1.3682375
0.06900 1.381595
0.07000 1.394815
0.07100 1.408035
0.07200 1.4210275
0.07300 1.43402
0.07400 1.4470399999999999
0.07500 1.46006
0.07600 1.473935
0.07700 1.48781
0.07800 1.5023
0.07900 1.51679
0.08000 1.53147
0.08100 1.54615
0.08200 1.56171
0.08300 1.57727
0.08400 1.593075
0.08500 1.60888
0.08600 1.6247275
0.08700 1.640575
0.08800 1.6564975
0.08900 1.67242
0.09000 1.6884625
0.09100 1.704505
0.09200 1.7225875
0.09300 1.74067
0.09400 1.7602475
0.09500 1.779825
0.09600 1.7995725
0.09700 1.81932
0.09800 1.839845
0.09900 1.86037
0.10000 1.8811225
0.10100 1.901875
0.10200 1.9240599999999999
0.10300 1.946245
0.10400 1.97102
0.10500 1.995795
0.10600 2.02078
0.10700 2.045765
0.10800 2.0702475
0.10900 2.09473
0.11000 2.1188375
0.11100 2.142945
0.11200 2.1676725
0.11300 2.1924
0.11400 2.2201
0.11500 2.2478
0.11600 2.2763875000000002
0.11700 2.304975
0.11800 2.332815
0.11900 2.360655
0.12000 2.3871124999999997
0.12100 2.41357
0.12200 2.440015
0.12300 2.46646
0.12400 2.4953625
0.12500 2.524265
0.12600 2.55505
0.12700 2.585835
0.12800 2.6162125
0.12900 2.64659
0.13000 2.67492
0.13100 2.70325
0.13200 2.7309575
0.13300 2.758665
0.13400 2.7874375000000002
0.13500 2.81621
0.13600 2.8469949999999997
0.13700 2.87778
0.13800 2.90867
0.13900 2.93956
0.14000 2.96842
0.14100 2.99728
0.14200 3.024545
0.14300 3.05181
0.14400 3.07934
0.14500 3.10687
0.14600 3.1357675
0.14700 3.164665
0.14800 3.19399
0.14900 3.223315
0.15000 3.2523025
0.15100 3.28129
0.15200 3.3096275
0.15300 3.337965
0.15400 3.3661149999999997
0.15500 3.394265
0.15600 3.419695
0.15700 3.445125
0.15800 3.468375
0.15900 3.491625
0.16000 3.5150675
0.16100 3.53851
0.16200 3.56303
0.16300 3.58755
0.16400 3.6124124999999996
0.16500 3.637275
0.16600 3.660335
0.16700 3.683395
0.16800 3.7028825000000003
0.16900 3.72237
0.17000 3.7414925
0.17100 3.760615
0.17200 3.7801025
0.17300 3.79959
0.17400 3.8193725
0.17500 3.839155
0.17600 3.8582525
0.17700 3.87735
0.17800 3.8927725
0.17900 3.908195
0.18000 3.9224125
0.18100 3.93663
0.18200 3.9505049999999997
0.18300 3.96438
0.18400 3.9775549999999997
0.18500 3.99073
0.18600 4.003725
0.18700 4.01672
0.18800 4.027185
0.18900 4.03765
0.19000 4.0459975
0.19100 4.054345
0.19200 4.0626
0.19300 4.070855
0.19400 4.078715
0.19500 4.086575
0.19600 4.0943024999999995
0.19700 4.10203
0.19800 4.1091375
0.19900 4.116245
0.20000 4.12207
0.20100 4.127895
0.20200 4.133559999999999
0.20300 4.139225
0.20400 4.1446024999999995
0.20500 4.14998
0.20600 4.1551100000000005
0.20700 4.16024
0.20800 4.165235
0.20900 4.17023
0.21000 4.1744825
0.21100 4.178735
0.21200 4.1827325
0.21300 4.18673
0.21400 4.190405
0.21500 4.19408
0.21600 4.197075
0.21700 4.20007
0.21800 4.2029700000000005
0.21900 4.20587
0.22000 4.208405
0.22100 4.21094
0.22200 4.2131574999999994
0.22300 4.215375
0.22400 4.217345
0.22500 4.219315
0.22600 4.219885
0.22700 4.220455
0.22800 4.22053
0.22900 4.220605
0.23000 4.2204175
0.23100 4.22023
0.23200 4.219465
0.23300 4.2187
0.23400 4.2178075
0.23500 4.216915
0.23600 4.2143025000000005
0.23700 4.21169
0.23800 4.2075375
0.23900 4.203385
0.24000 4.1988875
0.24100 4.19439
0.24200 4.187950000000001
0.24300 4.18151
0.24400 4.1743725000000005
0.24500 4.167235
0.24600 4.1586625
0.24700 4.15009
0.24800 4.138322499999999
0.24900 4.126555
0.25000 4.1143149999999995
0.25100 4.102075
0.25200 4.0875025
0.25300 4.07293
0.25400 4.056225
0.25500 4.03952
0.25600 4.0225475
0.25700 4.005575
0.25800 3.9871325000000004
0.25900 3.96869
0.26000 3.949705
0.26100 3.93072
0.26200 3.9102699999999997
0.26300 3.88982
0.26400 3.8660249999999996
0.26500 3.84223
0.26600 3.8180025
0.26700 3.793775
0.26800 3.7697525
0.26900 3.74573
0.27000 3.7218999999999998
0.27100 3.69807
0.27200 3.6736424999999997
0.27300 3.649215
0.27400 3.6210199999999997
0.27500 3.592825
0.27600 3.563205
0.27700 3.533585
0.27800 3.504515
0.27900 3.475445
0.28000 3.4476575
0.28100 3.41987
0.28200 3.3921425000000003
0.28300 3.364415
0.28400 3.3324075
0.28500 3.3004
0.28600 3.264315
0.28700 3.22823
0.28800 3.1923399999999997
0.28900 3.15645
0.29000 3.1222775
0.29100 3.088105
0.29200 3.054595
0.29300 3.021085
0.29400 2.9820275
0.29500 2.94297
0.29600 2.8906650000000003
0.29700 2.83836
0.29800 2.78419
0.29900 2.73002
0.30000 2.6747375
0.30100 2.619455
0.30200 2.563085
0.30300 2.506715
0.30400 2.4494049999999996
0.30500 2.392095
0.30600 2.3286249999999997
0.30700 2.265155
0.30800 2.1992475000000002
0.30900 2.13334
0.31000 2.065155
0.31100 1.99697
0.31200 1.923225
0.31300 1.84948
0.31400 1.7749525
0.31500 1.700425
0.31600 1.62655
0.31700 1.552675
0.31800 1.4794525
0.31900 1.40623
0.32000 1.3318975000000002
0.32100 1.257565
0.32200 1.17549
0.32300 1.093415
0.32400 1.008205
0.32500 0.922995
0.32600 0.8392025000000001
0.32700 0.75541
0.32800 0.6751675
0.32900 0.594925
0.33000 0.5150807500000001
0.33100 0.4352365
0.33200 0.349143
0.33300 0.2630495
0.33400 0.1706045
0.33500 0.07815949999999999
0.33600 -0.013697499999999987
0.33700 -0.10555449999999998
0.33800 -0.192199
0.33900 -0.2788435
0.34000 -0.36332975
0.34100 -0.447816
0.34200 -0.536958
0.34300 -0.6261
0.34400 -0.72717
0.34500 -0.82824
0.34600 -0.9310624999999999
0.34700 -1.033885
0.34800 -1.1334525
0.34900 -1.23302
0.35000 -1.329205
0.35100 -1.42539
0.35200 -1.523005
0.35300 -1.62062
0.35400 -1.729325
0.35500 -1.83803
0.35600 -1.9514325000000001
0.35700 -2.064835
0.35800 -2.1754625
0.35900 -2.28609
0.36000 -2.3894325
0.36100 -2.492775
0.36200 -2.5950949999999997
0.36300 -2.697415
0.36400 -2.806755
0.36500 -2.916095
0.36600 -3.03288
0.36700 -3.149665
0.36800 -3.2656875000000003
0.36900 -3.38171
0.37000 -3.4904325
0.37100 -3.599155
0.37200 -3.70471
0.37300 -3.810265
0.37400 -3.9174749999999996
0.37500 -4.024685
0.37600 -4.1363375
0.37700 -4.24799
0.37800 -4.360357499999999
0.37900 -4.472725
0.38000 -4.58514
0.38100 -4.697555
0.38200 -4.8100275
0.38300 -4.9225
0.38400 -5.033225
0.38500 -5.14395
0.38600 -5.241
0.38700 -5.33805
0.38800 -5.429024999999999
0.38900 -5.52
0.39000 -5.613325
0.39100 -5.70665
0.39200 -5.806375
0.39300 -5.9061
0.39400 -6.006775
0.39500 -6.10745
0.39600 -6.199925
0.39700 -6.2924
0.39800 -6.375825
0.39900 -6.45925
0.40000 -6.5428999999999995
0.40100 -6.62655
0.40200 -6.714425
0.40300 -6.8023
0.40400 -6.892075
0.40500 -6.98185
0.40600 -7.0676749999999995
0.40700 -7.1535
0.40800 -7.228125
0.40900 -7.30275
0.41000 -7.375475
0.41100 -7.4482
0.41200 -7.52225
0.41300 -7.5963
0.41400 -7.67185
0.41500 -7.7474
0.41600 -7.8218250000000005
0.41700 -7.89625
0.41800 -7.961125
0.41900 -8.026
0.42000 -8.086400000000001
0.42100 -8.1468
0.42200 -8.206475000000001
0.42300 -8.26615
0.42400 -8.323725
0.42500 -8.3813
0.42600 -8.43845
0.42700 -8.4956
0.42800 -8.54675
0.42900 -8.5979
0.43000 -8.6421
0.43100 -8.6863
0.43200 -8.72935
0.43300 -8.7724
0.43400 -8.807649999999999
0.43500 -8.8429
0.43600 -8.87445
0.43700 -8.906
0.43800 -8.935300000000002
0.43900 -8.9646
0.44000 -8.987275
0.44100 -9.00995
0.44200 -9.031375
0.44300 -9.0528
0.44400 -9.066575
0.44500 -9.08035
0.44600 -9.0851
0.44700 -9.08985
0.44800 -9.093875
0.44900 -9.0979
0.45000 -9.098624999999998
0.45100 -9.09935
0.45200 -9.09845
0.45300 -9.09755
0.45400 -9.093225
0.45500 -9.0889
0.45600 -9.074225
0.45700 -9.05955
0.45800 -9.042950000000001
0.45900 -9.02635
0.46000 -9.007425000000001
0.46100 -8.9885
0.46200 -8.9668
0.46300 -8.9451
0.46400 -8.922675
0.46500 -8.90025
0.46600 -8.872074999999999
0.46700 -8.8439
0.46800 -8.812825
0.46900 -8.78175
0.47000 -8.748750000000001
0.47100 -8.71575
0.47200 -8.6767
0.47300 -8.63765
0.47400 -8.59745
0.47500 -8.55725
0.47600 -8.514575
0.47700 -8.4719
0.47800 -8.426175
0.47900 -8.38045
0.48000 -8.33385
0.48100 -8.28725
0.48200 -8.233450000000001
0.48300 -8.17965
0.48400 -8.1222
0.48500 -8.06475
0.48600 -8.007249999999999
0.48700 -7.94975
0.48800 -7.89215
0.48900 -7.83455
0.49000 -7.776925
0.49100 -7.7193
0.49200 -7.6576249999999995
0.49300 -7.59595
0.49400 -7.52915
0.49500 -7.46235
0.49600 -7.3957
0.49700 -7.32905
0.49800 -7.266375
0.49900 -7.2037
0.50000 -7.1431000000000004
0.50100 -7.0825
0.50200 -7.0195
0.50300 -6.9565
0.50400 -6.8858250000000005
0.50500 -6.81515
0.50600 -6.74295
0.50700 -6.67075
0.50800 -6.6014
0.50900 -6.53205
0.51000 -6.46635
0.51100 -6.40065
0.51200 -6.3342
0.51300 -6.26775
0.51400 -6.191425000000001
0.51500 -6.1151
0.51600 -6.0335
0.51700 -5.9519
0.51800 -5.871825
0.51900 -5.79175
0.52000 -5.71665
0.52100 -5.64155
0.52200 -5.567575
0.52300 -5.4936
0.52400 -5.44655
0.52500 -5.3995
0.52600 -5.3879
0.52700 -5.3763
0.52800 -5.366524999999999
0.52900 -5.35675
