0 2.145667045255877
0.001 2.14671
0.002 2.14776
0.003 2.15138
0.004 2.15902
0.005 2.167
0.006 2.17568
0.007 2.1848
0.008 2.19383
0.009 2.20242
0.010 2.2109
0.011 2.21977
0.012 2.22928
0.013 2.23879
0.014 2.24761
0.015 2.25597
0.016 2.2647
0.017 2.27496
0.018 2.28562
0.019 2.29627
0.020 2.3069
0.021 2.31792
0.022 2.33508
0.023 2.35646
0.024 2.37836
0.025 2.40253
0.026 2.42731
0.027 2.45751
0.028 2.49683
0.029 2.5369
0.030 2.5769
0.031 2.61684
0.032 2.65882
0.033 2.70976
0.034 2.76319
0.035 2.81607
0.036 2.86804
0.037 2.92012
0.038 2.97562
0.039 3.03358
0.040 3.0923
0.041 3.15454
0.042 3.21776
0.043 3.28115
0.044 3.34484
0.045 3.40901
0.046 3.48134
0.047 3.55965
0.048 3.63864
0.049 3.72074
0.050 3.80375
0.051 3.89249
0.052 3.99159
0.053 4.09153
0.054 4.18946
0.055 4.28589
0.056 4.3848
0.057 4.4956
0.058 4.60995
0.059 4.72131
0.060 4.82714
0.061 4.93292
0.062 5.04853
0.063 5.17167
0.064 5.29318
0.065 5.4065
0.066 5.51733
0.067 5.63242
0.068 5.75556
0.069 5.87912
0.070 5.99456
0.071 6.10362
0.072 6.21374
0.073 6.32933
0.074 6.44663
0.075 6.56258
0.076 6.67593
0.077 6.78853
0.078 6.89025
0.079 6.98325
0.080 7.07702
0.081 7.1751
0.082 7.27455
0.083 7.36679
0.084 7.44474
0.085 7.52123
0.086 7.59918
0.087 7.67831
0.088 7.7547
0.089 7.81639
0.090 7.87326
0.091 7.92876
0.092 7.98146
0.093 8.03344
0.094 8.0753
0.095 8.10869
0.096 8.14171
0.097 8.17315
0.098 8.20406
0.099 8.23249
0.100 8.25579
0.101 8.27845
0.102 8.29996
0.103 8.32048
0.104 8.34046
0.105 8.35747
0.106 8.37346
0.107 8.38816
0.108 8.40014
0.109 8.41174
0.110 8.42188
0.111 8.43075
0.112 8.43863
0.113 8.44091
0.114 8.44121
0.115 8.44046
0.116 8.4374
0.117 8.43383
0.118 8.42338
0.119 8.40677
0.120 8.38878
0.121 8.36302
0.122 8.33447
0.123 8.30018
0.124 8.25311
0.125 8.20415
0.126 8.14586
0.127 8.07904
0.128 8.01115
0.129 7.93738
0.130 7.86144
0.131 7.77964
0.132 7.68446
0.133 7.58755
0.134 7.49146
0.135 7.39614
0.136 7.29843
0.137 7.18565
0.138 7.06717
0.139 6.95089
0.140 6.83974
0.141 6.72883
0.142 6.6008
0.143 6.45646
0.144 6.3129
0.145 6.17621
0.146 6.04217
0.147 5.88594
0.148 5.67672
0.149 5.46004
0.150 5.23891
0.151 5.01343
0.152 4.78419
0.153 4.53031
0.154 4.26668
0.155 3.99394
0.156 3.69896
0.157 3.40085
0.158 3.10535
0.159 2.81246
0.160 2.51513
0.161 2.18683
0.162 1.84599
0.163 1.51082
0.164 1.18985
0.165 0.870473
0.166 0.526099
0.167 0.156319
0.168 -0.211109
0.169 -0.557687
0.170 -0.895632
0.171 -1.2522
0.172 -1.65648
0.173 -2.06777
0.174 -2.46604
0.175 -2.85078
0.176 -3.24124
0.177 -3.67606
0.178 -4.12967
0.179 -4.57218
0.180 -4.98555
0.181 -5.39483
0.182 -5.83219
0.183 -6.29933
0.184 -6.76342
0.185 -7.19831
0.186 -7.62053
0.187 -8.04937
0.188 -8.49598
0.189 -8.94545
0.190 -9.39511
0.191 -9.845
0.192 -10.2879
0.193 -10.6761
0.194 -11.04
0.195 -11.4133
0.196 -11.8122
0.197 -12.2149
0.198 -12.5848
0.199 -12.9185
0.200 -13.2531
0.201 -13.6046
0.202 -13.9637
0.203 -14.307
0.204 -14.6055
0.205 -14.8964
0.206 -15.1926
0.207 -15.4948
0.208 -15.7925
0.209 -16.052
0.210 -16.2936
0.211 -16.5323
0.212 -16.7626
0.213 -16.9912
0.214 -17.1958
0.215 -17.3726
0.216 -17.5448
0.217 -17.6858
0.218 -17.812
0.219 -17.9292
0.220 -18.0199
0.221 -18.1056
0.222 -18.1607
0.223 -18.1797
0.224 -18.1958
0.225 -18.1987
0.226 -18.1951
0.227 -18.1778
0.228 -18.1191
0.229 -18.0527
0.230 -17.977
0.231 -17.8902
0.232 -17.8005
0.233 -17.6878
0.234 -17.5635
0.235 -17.4315
0.236 -17.2753
0.237 -17.1145
0.238 -16.9438
0.239 -16.7609
0.240 -16.5745
0.241 -16.3593
0.242 -16.1295
0.243 -15.8995
0.244 -15.6691
0.245 -15.4386
0.246 -15.1919
0.247 -14.9247
0.248 -14.6581
0.249 -14.4074
0.250 -14.165
0.251 -13.913
0.252 -13.6303
0.253 -13.3415
0.254 -13.0641
0.255 -12.8013
0.256 -12.5355
0.257 -12.2302
0.258 -11.9038
0.259 -11.5835
0.260 -11.2831
0.261 -10.9872
0.262 -10.799
0.263 -10.7526
0.264 -10.7135
