0.00000 -3.9478417604292495e-09
0.00100 -3.158273408265472e-08
0.00200 -1.0659172751756281e-07
0.00300 -2.5266187256149084e-07
0.00400 -4.934802195471289e-07
0.00500 -8.52733818436233e-07
0.00600 -1.3541097184814217e-06
0.00700 -2.0212949677243225e-06
0.00800 -2.8779766122973468e-06
0.00900 -3.94784169549635e-06
0.01000 -5.254577256591466e-06
0.01100 -6.821870329343378e-06
0.01200 -8.673407940192272e-06
0.01300 -1.0832877106086785e-05
0.01400 -1.3323964831920233e-05
0.01500 -1.6170358107541277e-05
0.01600 -1.9395743904306448e-05
0.01700 -2.3023809171141678e-05
0.01800 -2.707824083008023e-05
0.01900 -3.158272577124417e-05
0.02000 -3.656095084723671e-05
0.02100 -4.203660286691269e-05
0.02200 -4.803336858849462e-05
0.02300 -5.4574934712001094e-05
0.02400 -6.168498787095553e-05
0.02500 -6.938721462334184e-05
0.02600 -7.77053014417747e-05
0.02700 -8.66629347028519e-05
0.02800 -9.628380067565502e-05
0.02900 -0.0001065915855093671
0.03000 -0.0001176099752199738
0.03100 -0.00012936265567601505
0.03200 -0.00014187331258335518
0.03300 -0.0001551656314689384
0.03400 -0.00016926329766349686
0.03500 -0.00018418999628317894
0.03600 -0.0001999694122100644
0.03700 -0.0002166252300715346
0.03800 -0.0002341811342184638
0.03900 -0.0002526608087022001
0.04000 -0.0002720879372503026
0.04100 -0.0002924862032410024
0.04200 -0.0003138792896763538
0.04300 -0.00033629087915404475
0.04400 -0.0003597446538378324
0.04500 -0.0003842642954265705
0.04600 -0.00040987348512179847
0.04700 -0.000436595903593857
0.04800 -0.0004644552309464981
0.04900 -0.0004934751466799575
0.05000 -0.0005236793296524568
0.05100 -0.0005550914580401005
0.05200 -0.0005877352092951387
0.05300 -0.0006216342601025605
0.05400 -0.0006568122863349853
0.05500 -0.0006932929630058196
0.05600 -0.0007310999642206486
0.05700 -0.0007702569631268264
0.05800 -0.0008107876318612352
0.05900 -0.000852715641496178
0.06000 -0.000896064661983377
0.06100 -0.0009408583620960361
0.06200 -0.0009871204093689476
0.06300 -0.0010348744700365952
0.06400 -0.0010841442089692375
0.06500 -0.0011349532896069228
0.06600 -0.0011873253738914162
0.06700 -0.001241284122195996
0.06800 -0.001296853193253094
0.06900 -0.0013540562440797453
0.07000 -0.0014129169299008102
0.07100 -0.0014734589040699424
0.07200 -0.001535705817988267
0.07300 -0.0015996813210207405
0.07400 -0.0016654090604101464
0.07500 -0.0017329126811887132
0.07600 -0.001802215826087312
0.07700 -0.0018733421354421948
0.07800 -0.0019463152470992578
0.07900 -0.002021158796315778
0.08000 -0.0020978964156596063
0.08100 -0.002176551734905779
0.08200 -0.002257148380930507
0.08300 -0.0023397099776025264
0.08400 -0.0024242601456717634
0.08500 -0.002510822502655288
0.08600 -0.002599420662720527
0.08700 -0.002690078236565691
0.08800 -0.0027828188312974057
0.08900 -0.0028776660503054834
0.09000 -0.0029746434931348315
0.09100 -0.0030737747553544552
0.09200 -0.0031750834284235145
0.09300 -0.00327859309955441
0.09400 -0.003384327351572871
0.09500 -0.003492309762775001
0.09600 -0.003602563906781255
0.09700 -0.0037151133523873185
0.09800 -0.0038299816634118525
0.09900 -0.00394719239854107
0.10000 -0.004066769111170122
0.10100 -0.00418873534924124
0.10200 -0.004313114655078629
0.10300 -0.004439930565220067
0.10400 -0.004569206610245157
0.10500 -0.004700966314600259
0.10600 -0.004835233196419985
0.10700 -0.004972030767345301
0.10800 -0.005111382532338177
0.10900 -0.005253311989492725
0.11000 -0.005397842629842841
0.11100 -0.005544997937166284
0.11200 -0.005694801387785178
0.11300 -0.005847276450362893
0.11400 -0.006002446585697286
0.11500 -0.006160335246510255
0.11600 -0.00632096587723359
0.11700 -0.006484361913791083
0.11800 -0.006650546783376843
0.11900 -0.006819543904229845
0.12000 -0.006991376685404602
0.12100 -0.0071660685265379775
0.12200 -0.0073436428176121265
0.12300 -0.007524122938713452
0.12400 -0.007707532259787647
0.12500 -0.007893894140390706
0.12600 -0.008083231929435927
0.12700 -0.008275568964936858
0.12800 -0.00847092857374613
0.12900 -0.008669334071290197
0.13000 -0.0088708087612999
0.13100 -0.009075375935536877
0.13200 -0.009283058873515713
0.13300 -0.00949388084222188
0.13400 -0.009707865095825398
0.13500 -0.009925034875390166
0.13600 -0.010145413408578965
0.13700 -0.010369023909354083
0.13800 -0.01059588957767358
0.13900 -0.010826033599183035
0.14000 -0.011059479144902922
0.14100 -0.011296249370911428
0.14200 -0.011536367418022777
0.14300 -0.011779856411460994
0.14400 -0.012026739460529056
0.14500 -0.012277039658273498
0.14600 -0.012530780081144268
0.14700 -0.012787983788649994
0.14800 -0.013048673823008495
0.14900 -0.013312873208792578
0.15000 -0.013580604952571034
0.15100 -0.013851892042544906
0.15200 -0.014126757448178828
0.15300 -0.014405224119827578
0.15400 -0.01468731498835773
0.15500 -0.014973052964764375
0.15600 -0.015262460939782898
0.15700 -0.015555561783495769
0.15800 -0.015852378344934363
0.15900 -0.01615293345167568
0.16000 -0.016457249909434056
0.16100 -0.01676535050164776
0.16200 -0.01707725798906046
0.16300 -0.0173929951092975
0.16400 -0.017712584576437106
0.16500 -0.018036049080576218
0.16600 -0.018363411287391253
0.16700 -0.018694693837693437
0.16800 -0.019029919346978952
0.16900 -0.019369110404973723
0.17000 -0.019712289575172796
0.17100 -0.020059479394374444
0.17200 -0.020410702372208735
0.17300 -0.020765980990660755
0.17400 -0.021125337703588286
0.17500 -0.021488794936234068
0.17600 -0.021856375084732475
0.17700 -0.02222810051561064
0.17800 -0.022603993565284038
0.17900 -0.0229840765395464
0.18000 -0.023368371713054083
0.18100 -0.02375690132880469
0.18200 -0.024149687597610003
0.18300 -0.024546752697563297
0.18400 -0.02494811877350079
0.18500 -0.025353807936457372
0.18600 -0.025763842263116555
0.18700 -0.026178243795254564
0.18800 -0.02659703453917861
0.18900 -0.02702023646515924
0.19000 -0.027447871506856843
0.19100 -0.027879961560742163
0.19200 -0.028316528485510913
0.19300 -0.028757594101492347
0.19400 -0.029203180190051924
0.19500 -0.029653308492987817
0.19600 -0.030108000711921434
0.19700 -0.030567278507681876
0.19800 -0.031031163499684232
0.19900 -0.031499677265301756
0.20000 -0.03197284133923195
0.20100 -0.032450677212856334
0.20200 -0.03293320633359416
0.20300 -0.03342045010424979
0.20400 -0.03391242988235385
0.20500 -0.03440916697949814
0.20600 -0.03491068266066416
0.20700 -0.03541699814354541
0.20800 -0.035928134597863266
0.20900 -0.036444113144676576
0.21000 -0.03696495485568469
0.21100 -0.037490680752524236
0.21200 -0.038021311806059443
0.21300 -0.038556868935665865
0.21400 -0.03909737300850781
0.21500 -0.039642844838809095
0.21600 -0.04019330518711741
0.21700 -0.040748774759562
0.21800 -0.04130927420710486
0.21900 -0.0418748241247854
0.22000 -0.04244544505095829
0.22100 -0.04302115746652489
0.22200 -0.04360198179415792
0.22300 -0.04418793839751942
0.22400 -0.04477904758047216
0.22500 -0.045375329586284124
0.22600 -0.0459768045968265
0.22700 -0.04658349273176469
0.22800 -0.04719541404774269
0.22900 -0.04781258853756069
0.23000 -0.04843503612934572
0.23100 -0.04906277668571563
0.23200 -0.04969583000293611
0.23300 -0.050334215810071
0.23400 -0.05097795376812541
0.23500 -0.051627063469182305
0.23600 -0.052281564435531995
0.23700 -0.05294147611879458
0.23800 -0.05360681789903574
0.23900 -0.054277609083875265
0.24000 -0.05495386890758878
0.24100 -0.05563561653020241
0.24200 -0.056322871036580395
0.24300 -0.05701565143550582
0.24400 -0.05771397665875411
0.24500 -0.05841786556015963
0.24600 -0.05912733691467507
0.24700 -0.05984240941742385
0.24800 -0.06056310168274548
0.24900 -0.06128943224323356
0.25000 -0.062021419548766936
0.25100 -0.06275908196553351
0.25200 -0.06350243777504701
0.25300 -0.06425150517315667
0.25400 -0.06500630226904941
0.25500 -0.0657668470842453
0.25600 -0.06653315755158537
0.25700 -0.06730525151421254
0.25800 -0.06808314672454521
0.25900 -0.06886686084324355
0.26000 -0.0696564114381686
0.26100 -0.07045181598333432
0.26200 -0.07125309185785197
0.26300 -0.07206025634486764
0.26400 -0.07287332663049219
0.26500 -0.07369231980272418
0.26600 -0.07451725285036521
0.26700 -0.07534814266192828
0.26800 -0.07618500602453854
0.26900 -0.07702785962282697
0.27000 -0.07787672003781665
0.27100 -0.07873160374580168
0.27200 -0.07959252711721877
0.27300 -0.08045950641551161
0.27400 -0.08133255779598773
0.27500 -0.08221169730466817
0.27600 -0.08309694087712974
0.27700 -0.08398830433733988
0.27800 -0.08488580339648427
0.27900 -0.08578945365178703
0.28000 -0.08669927058532362
0.28100 -0.08761526956282621
0.28200 -0.08853746583248202
0.28300 -0.08946587452372388
0.28400 -0.09040051064601376
0.28500 -0.09134138908761892
0.28600 -0.09228852461438045
0.28700 -0.0932419318684747
0.28800 -0.09420162536716722
0.28900 -0.09516761950155965
0.29000 -0.09613992853532859
0.29100 -0.09711856660345781
0.29200 -0.09810354771096284
0.29300 -0.09909488573160814
0.29400 -0.10009259440661707
0.29500 -0.1010966873433745
0.29600 -0.10210717801412199
0.29700 -0.10312407975464591
0.29800 -0.1041474057629578
0.29900 -0.10517716909796805
0.30000 -0.1062133826781515
0.30100 -0.10725605928020664
0.30200 -0.1083052115377068
0.30300 -0.10936085193974428
0.30400 -0.11042299282956747
0.30500 -0.11149164640321038
0.30600 -0.1125668247081152
0.30700 -0.11364853964174734
0.30800 -0.11473680295020348
0.30900 -0.11583162622681241
0.31000 -0.11693302091072856
0.31100 -0.11804099828551835
0.31200 -0.11915556947773949
0.31300 -0.12027674545551306
0.31400 -0.12140453702708845
0.31500 -0.12253895483940118
0.31600 -0.12368000937662367
0.31700 -0.12482771095870883
0.31800 -0.1259820697399266
0.31900 -0.12714309570739366
0.32000 -0.12831079867959563
0.32100 -0.1294851883049029
0.32200 -0.13066627406007875
0.32300 -0.1318540652487812
0.32400 -0.13304857100005743
0.32500 -0.13424980026683128
0.32600 -0.13545776182438435
0.32700 -0.13667246426882948
0.32800 -0.137893916015578
0.32900 -0.1391221252977999
0.33000 -0.14035710016487699
0.33100 -0.14159884848084972
0.33200 -0.1428473779228569
0.33300 -0.14410269597956876
0.33400 -0.1453648099496135
0.33500 -0.14663372693999682
0.33600 -0.1479094538645153
0.33700 -0.14919199744216258
0.33800 -0.1504813641955295
0.33900 -0.15177756044919746
0.34000 -0.15308059232812493
0.34100 -0.15439046575602836
0.34200 -0.1557071864537557
0.34300 -0.15703075993765406
0.34400 -0.15836119151793074
0.34500 -0.15969848629700817
0.34600 -0.1610426491678722
0.34700 -0.16239368481241456
0.34800 -0.16375159769976858
0.34900 -0.16511639208463916
0.35000 -0.16648807200562638
0.35100 -0.16786664128354298
0.35200 -0.169252103519726
0.35300 -0.17064446209434203
0.35400 -0.17204372016468666
0.35500 -0.1734498806634782
0.35600 -0.1748629462971451
0.35700 -0.17628291954410794
0.35800 -0.17770980265305514
0.35900 -0.17914359764121338
0.36000 -0.1805843062926122
0.36100 -0.18203193015634253
0.36200 -0.18348647054481027
0.36300 -0.1849479285319838
0.36400 -0.18641630495163605
0.36500 -0.1878916003955817
0.36600 -0.18937381521190794
0.36700 -0.1908629495032006
0.36800 -0.19235900312476525
0.36900 -0.19386197568284197
0.37000 -0.19537186653281613
0.37100 -0.19688867477742356
0.37200 -0.19841239926494994
0.37300 -0.19994303858742674
0.37400 -0.2014805910788208
0.37500 -0.2030250548132198
0.37600 -0.20457642760301253
0.37700 -0.20613470699706465
0.37800 -0.20769989027888958
0.37900 -0.20927197446481483
0.38000 -0.21085095630214395
0.38100 -0.21243683226731333
0.38200 -0.21402959856404558
0.38300 -0.21562925112149758
0.38400 -0.21723578559240492
0.38500 -0.21884919735122157
0.38600 -0.22046948149225598
0.38700 -0.2220966328278026
0.38800 -0.22373064588626954
0.38900 -0.22537151491030263
0.39000 -0.22701923385490497
0.39100 -0.22867379638555338
0.39200 -0.23033519587631052
0.39300 -0.2320034254079342
0.39400 -0.23367847776598197
0.39500 -0.23536034543891343
0.39600 -0.23704902061618857
0.39700 -0.23874449518636268
0.39800 -0.24044676073517834
0.39900 -0.24215580854365443
0.40000 -0.24387162958617142
0.40100 -0.24559421452855443
0.40200 -0.24732355372615286
0.40300 -0.2490596372219179
0.40400 -0.2508024547444764
0.40500 -0.2525519957062031
0.40600 -0.2543082492012897
0.40700 -0.2560712040038116
0.40800 -0.2578408485657929
0.40900 -0.25961717101526827
0.41000 -0.2614001591543431
0.41100 -0.263189800457252
0.41200 -0.2649860820684147
0.41300 -0.2667889908004905
0.41400 -0.2685985131324309
0.41500 -0.2704146352075305
0.41600 -0.27223734283147655
0.41700 -0.27406662147039706
0.41800 -0.27590245624890714
0.41900 -0.27774483194815486
0.42000 -0.2795937330038654
0.42100 -0.28144914350438455
0.42200 -0.2833110471887207
0.42300 -0.2851794274445875
0.42400 -0.2870542673064439
0.42500 -0.28893554945353517
0.42600 -0.2908232562079326
0.42700 -0.29271736953257343
0.42800 -0.29461787102930026
0.42900 -0.2965247419369005
0.43000 -0.29843796312914544
0.43100 -0.30035751511283026
0.43200 -0.3022833780258136
0.43300 -0.30421553163505793
0.43400 -0.30615395533467
0.43500 -0.3080986281439426
0.43600 -0.3100495287053965
0.43700 -0.31200663528282313
0.43800 -0.3139699257593294
0.43900 -0.3159393776353825
0.44000 -0.3179149680268559
0.44100 -0.31989667366307817
0.44200 -0.32188447088488176
0.44300 -0.3238783356426544
0.44400 -0.3258782434943921
0.44500 -0.32788416960375355
0.44600 -0.32989608873811793
0.44700 -0.3319139752666436
0.44800 -0.3339378031583297
0.44900 -0.3359675459800807
0.45000 -0.33800317689477244
0.45100 -0.3400446686593224
0.45200 -0.3420919936227622
0.45300 -0.3441451237243127
0.45400 -0.3462040304914634
0.45500 -0.3482686850380545
0.45600 -0.3503390580623627
0.45700 -0.352415119845191
0.45800 -0.35449684024796163
0.45900 -0.356584188710814
0.46000 -0.3586771342507054
0.46100 -0.36077564545951796
0.46200 -0.3628796905021683
0.46300 -0.36498923711472225
0.46400 -0.3671042526025156
0.46500 -0.36922470383827805
0.46600 -0.37135055726026356
0.46700 -0.373481778870385
0.46800 -0.37561833423235524
0.46900 -0.37776018846983334
0.47000 -0.3799073062645766
0.47100 -0.38205965185459817
0.47200 -0.3842171890323319
0.47300 -0.38637988114280214
0.47400 -0.3885476910818013
0.47500 -0.39072058129407305
0.47600 -0.3928985137715028
0.47700 -0.3950814500513153
0.47800 -0.397269351214279
0.47900 -0.3994621778829185
0.48000 -0.40165989021973414
0.48100 -0.4038624479254285
0.48200 -0.40606981023714306
0.48300 -0.40828193592669965
0.48400 -0.41049878329885425
0.48500 -0.4127203101895553
0.48600 -0.41494647396421375
0.48700 -0.41717723151598
0.48800 -0.41941253926403105
0.48900 -0.42165235315186594
0.49000 -0.4238966286456121
0.49100 -0.4261453207323396
0.49200 -0.4283983839183864
0.49300 -0.43065577222769325
0.49400 -0.4329174392001486
0.49500 -0.43518333788994523
0.49600 -0.4374534208639455
0.49700 -0.43972764020005856
0.49800 -0.4420059474856291
0.49900 -0.4442882938158366
0.50000 -0.44657462979210577
0.50100 -0.44886490552052993
0.50200 -0.4511590706103049
0.50300 -0.45345707417217573
0.50400 -0.4557588648168954
0.50500 -0.4580643906536973
0.50600 -0.46037359928877775
0.50700 -0.46268643782379415
0.50800 -0.46500285285437526
0.50900 -0.46732279046864483
0.51000 -0.46964619624575843
0.51100 -0.4719730152544555
0.51200 -0.4743031920516236
0.51300 -0.476636670680879
0.51400 -0.4789733946711598
0.51500 -0.48131330703533504
0.51600 -0.48365635026882875
0.51700 -0.4860024663482583
0.51800 -0.48835159673008904
0.51900 -0.4907036823493049
0.52000 -0.49305866361809336
0.52100 -0.49541648042454817
0.52200 -0.49777707213138755
0.52300 -0.5001403775746893
0.52400 -0.5025063350626428
0.52500 -0.5048748823743177
0.52600 -0.5072459567584503
0.52700 -0.5096194949322473
0.52800 -0.5119954330802082
0.52900 -0.5143737068529636
0.53000 -0.5167542513661344
0.53100 -0.519137001199208
0.53200 -0.5215218903944333
0.53300 -0.5239088524557355
0.53400 -0.5262978203476496
0.53500 -0.5286887264942735
0.53600 -0.531081502778241
0.53700 -0.533476080539715
0.53800 -0.5358723905754005
0.53900 -0.5382703631375791
0.54000 -0.5406699279331633
0.54100 -0.5430710141227717
0.54200 -0.5454735503198272
0.54300 -0.5478774645896752
0.54400 -0.550282684448724
0.54500 -0.5526891368636071
0.54600 -0.5550967482503691
0.54700 -0.5575054444736731
0.54800 -0.5599151508460307
0.54900 -0.5623257921270561
0.55000 -0.5647372925227437
0.55100 -0.567149575684768
0.55200 -0.5695625647098096
0.55300 -0.5719761821389032
0.55400 -0.574390349956812
0.55500 -0.576804989591426
0.55600 -0.5792200219131847
0.55700 -0.581635367234527
0.55800 -0.5840509453093652
0.55900 -0.5864666753325848
0.56000 -0.5888824759395717
0.56100 -0.5912982652057643
0.56200 -0.5937139606462345
0.56300 -0.5961294792152926
0.56400 -0.5985447373061223
0.56500 -0.6009596507504421
0.56600 -0.603374134818194
0.56700 -0.605788104217262
0.56800 -0.6082014730932168
0.56900 -0.6106141550290909
0.57000 -0.6130260630451825
0.57100 -0.6154371095988873
0.57200 -0.6178472065845619
0.57300 -0.6202562653334154
0.57400 -0.6226641966134314
0.57500 -0.6250709106293221
0.57600 -0.6274763170225095
0.57700 -0.6298803248711424
0.57800 -0.6322828426901405
0.57900 -0.6346837784312717
0.58000 -0.6370830394832617
0.58100 -0.639480532671936
0.58200 -0.6418761642603921
0.58300 -0.6442698399492078
0.58400 -0.6466614648766794
0.58500 -0.6490509436190959
0.58600 -0.6514381801910439
0.58700 -0.6538230780457506
0.58800 -0.656205540075456
0.58900 -0.6585854686118234
0.59000 -0.6609627654263842
0.59100 -0.6633373317310161
0.59200 -0.6657090681784577
0.59300 -0.6680778748628594
0.59400 -0.67044365132037
0.59500 -0.6728062965297589
0.59600 -0.6751657089130755
0.59700 -0.6775217863363457
0.59800 -0.6798744261103059
0.59900 -0.6822235249911728
0.60000 -0.6845689791814531
0.60100 -0.6869106843307902
0.60200 -0.6892485355368504
0.60300 -0.6915824273462454
0.60400 -0.6939122537554971
0.60500 -0.696237908212039
0.60600 -0.6985592836152592
0.60700 -0.7008762723175814
0.60800 -0.7031887661255887
0.60900 -0.7054966563011847
0.61000 -0.7077998335627989
0.61100 -0.7100981880866304
0.61200 -0.7123916095079346
0.61300 -0.7146799869223512
0.61400 -0.7169632088872748
0.61500 -0.7192411634232667
0.61600 -0.7215137380155099
0.61700 -0.7237808196153079
0.61800 -0.7260422946416263
0.61900 -0.7282980489826762
0.62000 -0.7305479679975447
0.62100 -0.7327919365178669
0.62200 -0.7350298388495439
0.62300 -0.7372615587745042
0.62400 -0.739486979552512
0.62500 -0.7417059839230188
0.62600 -0.7439184541070631
0.62700 -0.7461242718092134
0.62800 -0.7483233182195589
0.62900 -0.7505154740157478
0.63000 -0.7527006193650698
0.63100 -0.7548786339265887
0.63200 -0.7570493968533194
0.63300 -0.7592127867944559
0.63400 -0.7613686818976445
0.63500 -0.7635169598113073
0.63600 -0.7656574976870134
0.63700 -0.7677901721818993
0.63800 -0.7699148594611381
0.63900 -0.7720314352004597
0.64000 -0.7741397745887177
0.64100 -0.7762397523305109
0.64200 -0.7783312426488506
0.64300 -0.780414119287882
0.64400 -0.7824882555156546
0.64500 -0.7845535241269443
0.64600 -0.7866097974461287
0.64700 -0.7886569473301103
0.64800 -0.7906948451712965
0.64900 -0.7927233619006289
0.65000 -0.7947423679906654
0.65100 -0.7967517334587179
0.65200 -0.7987513278700389
0.65300 -0.8007410203410663
0.65400 -0.8027206795427179
0.65500 -0.8046901737037429
0.65600 -0.8066493706141259
0.65700 -0.808598137628547
0.65800 -0.8105363416698952
0.65900 -0.8124638492328382
0.66000 -0.8143805263874466
0.66100 -0.8162862387828754
0.66200 -0.8181808516510989
0.66300 -0.8200642298107048
0.66400 -0.8219362376707422
0.66500 -0.8237967392346274
0.66600 -0.8256455981041076
0.66700 -0.8274826774832802
0.66800 -0.8293078401826699
0.66900 -0.8311209486233649
0.67000 -0.8329218648412101
0.67100 -0.8347104504910576
0.67200 -0.8364865668510783
0.67300 -0.8382500748271291
0.67400 -0.8400008349571818
0.67500 -0.8417387074158098
0.67600 -0.8434635520187342
0.67700 -0.8451752282274307
0.67800 -0.8468735951537946
0.67900 -0.8485585115648684
0.68000 -0.8502298358876273
0.68100 -0.8518874262138275
0.68200 -0.8535311403049138
0.68300 -0.8551608355969887
0.68400 -0.8567763692058438
0.68500 -0.8583775979320502
0.68600 -0.8599643782661145
0.68700 -0.8615365663936924
0.68800 -0.8630940182008682
0.68900 -0.8646365892794939
0.69000 -0.8661641349325928
0.69100 -0.8676765101798244
0.69200 -0.8691735697630132
0.69300 -0.8706551681517408
0.69400 -0.8721211595489996
0.69500 -0.8735713978969136
0.69600 -0.8750057368825179
0.69700 -0.8764240299436075
0.69800 -0.8778261302746457
0.69900 -0.87921189083274
0.70000 -0.8805811643436802
0.70100 -0.881933803308042
0.70200 -0.8832696600073565
0.70300 -0.8845885865103418
0.70400 -0.8858904346792037
0.70500 -0.8871750561759967
0.70600 -0.8884423024690555
0.70700 -0.8896920248394885
0.70800 -0.8909240743877384
0.70900 -0.892138302040208
0.71000 -0.8933345585559543
0.71100 -0.894512694533444
0.71200 -0.895672560417381
0.71300 -0.8968140065055953
0.71400 -0.8979368829560017
0.71500 -0.8990410397936243
0.71600 -0.9001263269176855
0.71700 -0.9011925941087666
0.71800 -0.90223969103603
0.71900 -0.903267467264513
0.72000 -0.9042757722624853
0.72100 -0.9052644554088767
0.72200 -0.9062333660007693
0.72300 -0.9071823532609599
0.72400 -0.9081112663455875
0.72500 -0.9090199543518303
0.72600 -0.9099082663256695
0.72700 -0.9107760512697202
0.72800 -0.9116231581511319
0.72900 -0.912449435909555
0.73000 -0.9132547334651764
0.73100 -0.9140388997268223
0.73200 -0.9148017836001303
0.73300 -0.9155432339957876
0.73400 -0.916263099837839
0.73500 -0.9169612300720622
0.73600 -0.9176374736744108
0.73700 -0.9182916796595277
0.73800 -0.9189236970893226
0.73900 -0.9195333750816229
0.74000 -0.9201205628188872
0.74100 -0.920685109556992
0.74200 -0.9212268646340835
0.74300 -0.9217456774794979
0.74400 -0.9222413976227516
0.74500 -0.9227138747025966
0.74600 -0.9231629584761475
0.74700 -0.9235884988280735
0.74800 -0.9239903457798602
0.74900 -0.9243683494991383
0.75000 -0.9247223603090814
0.75100 -0.9250522286978704
0.75200 -0.9253578053282268
0.75300 -0.9256389410470125
0.75400 -0.9258954868948984
0.75500 -0.9261272941161005
0.75600 -0.9263342141681817
0.75700 -0.9265160987319244
0.75800 -0.9266727997212658
0.75900 -0.9268041692933053
0.76000 -0.9269100598583749
0.76100 -0.9269903240901786
0.76200 -0.9270448149359989
0.76300 -0.9270733856269676
0.76400 -0.9270758896884067
0.76500 -0.927052180950232
0.76600 -0.927002113557426
0.76700 -0.9269255419805744
0.76800 -0.9268223210264707
0.76900 -0.9266923058487845
0.77000 -0.9265353519587968
0.77100 -0.9263513152362001
0.77200 -0.9261400519399632
0.77300 -0.925901418719262
0.77400 -0.9256352726244743
0.77500 -0.9253414711182395
0.77600 -0.9250198720865813
0.77700 -0.9246703338500971
0.77800 -0.9242927151752087
0.77900 -0.9238868752854775
0.78000 -0.9234526738729838
0.78100 -0.9229899711097679
0.78200 -0.9224986276593341
0.78300 -0.921978504688218
0.78400 -0.921429463877617
0.78500 -0.9208513674350782
0.78600 -0.9202440781062549
0.78700 -0.919607459186717
0.78800 -0.9189413745338292
0.78900 -0.9182456885786844
0.79000 -0.9175202663381008
0.79100 -0.9167649734266778
0.79200 -0.9159796760689114
0.79300 -0.9151642411113698
0.79400 -0.914318536034927
0.79500 -0.9134424289670546
0.79600 -0.9125357886941735
0.79700 -0.9115984846740619
0.79800 -0.9106303870483207
0.79900 -0.9096313666548971
0.80000 -0.908601295040663
0.80100 -0.907540044474051
0.80200 -0.9064474879577454
0.80300 -0.9053234992414283
0.80400 -0.9041679528345815
0.80500 -0.9029807240193408
0.80600 -0.9017616888634065
0.80700 -0.9005107242330055
0.80800 -0.8992277078059071
0.80900 -0.8979125180844912
0.81000 -0.8965650344088677
0.81100 -0.8951851369700484
0.81200 -0.8937727068231682
0.81300 -0.8923276259007598
0.81400 -0.8908497770260725
0.81500 -0.8893390439264465
0.81600 -0.887795311246732
0.81700 -0.8862184645627572
0.81800 -0.884608390394844
0.81900 -0.8829649762213708
0.82000 -0.8812881104923822
0.82100 -0.879577682643242
0.82200 -0.8778335831083341
0.82300 -0.8760557033348061
0.82400 -0.8742439357963582
0.82500 -0.8723981740070729
0.82600 -0.8705183125352902
0.82700 -0.8686042470175217
0.82800 -0.8666558741724084
0.82900 -0.8646730918147174
0.83000 -0.8626557988693782
0.83100 -0.86060389538556
0.83200 -0.8585172825507856
0.83300 -0.8563958627050825
0.83400 -0.8542395393551718
0.83500 -0.8520482171886958
0.83600 -0.8498218020884739
0.83700 -0.8475602011468014
0.83800 -0.8452633226797777
0.83900 -0.8429310762416645
0.84000 -0.8405633726392855
0.84100 -0.8381601239464477
0.84200 -0.8357212435183988
0.84300 -0.8332466460063137
0.84400 -0.8307362473718091
0.84500 -0.8281899649014843
0.84600 -0.8256077172214947
0.84700 -0.8229894243121464
0.84800 -0.8203350075225173
0.84900 -0.817644389585106
0.85000 -0.8149174946304987
0.85100 -0.8121542482020659
0.85200 -0.8093545772706737
0.85300 -0.8065184102494215
0.85400 -0.8036456770083955
0.85500 -0.8007363088894461
0.85600 -0.797790238720978
0.85700 -0.7948074008327605
0.85800 -0.7917877310707528
0.85900 -0.7887311668119449
0.86000 -0.7856376469792127
0.86100 -0.7825071120561838
0.86200 -0.7793395041021196
0.86300 -0.7761347667668032
0.86400 -0.7728928453054416
0.86500 -0.7696136865935743
0.86600 -0.7662972391419893
0.86700 -0.7629434531116484
0.86800 -0.7595522803286134
0.86900 -0.7561236742989833
0.87000 -0.7526575902238269
0.87100 -0.7491539850141249
0.87200 -0.7456128173057078
0.87300 -0.7420340474741967
0.87400 -0.7384176376499416
0.87500 -0.7347635517329562
0.87600 -0.7310717554078523
0.87700 -0.7273422161587649
0.87800 -0.7235749032842759
0.87900 -0.7197697879123256
0.88000 -0.7159268430151209
0.88100 -0.7120460434240281
0.88200 -0.7081273658444617
0.88300 -0.7041707888707512
0.88400 -0.7001762930010056
0.88500 -0.6961438606519545
0.88600 -0.692073476173775
0.88700 -0.6879651258649059
0.88800 -0.6838187979868348
0.88900 -0.6796344827788734
0.89000 -0.6754121724729059
0.89100 -0.6711518613081158
0.89200 -0.6668535455456901
0.89300 -0.662517223483497
0.89400 -0.6581428954707362
0.89500 -0.6537305639225598
0.89600 -0.6492802333346693
0.89700 -0.6447919102978715
0.89800 -0.6402656035126119
0.89900 -0.6357013238034681
0.90000 -0.6310990841336092
0.90100 -0.6264588996192184
0.90200 -0.6217807875438779
0.90300 -0.6170647673729136
0.90400 -0.6123108607676966
0.90500 -0.6075190915999047
0.90600 -0.6026894859657386
0.90700 -0.5978220722000918
0.90800 -0.5929168808906711
0.90900 -0.5879739448920741
0.91000 -0.58299329933981
0.91100 -0.5779749816642694
0.91200 -0.572919031604645
0.91300 -0.5678254912227931
0.91400 -0.5626944049170362
0.91500 -0.5575258194359132
0.91600 -0.5523197838918653
0.91700 -0.5470763497748627
0.91800 -0.5417955709659624
0.91900 -0.5364775037508116
0.92000 -0.5311222068330733
0.92100 -0.5257297413477905
0.92200 -0.5203001708746796
0.92300 -0.514833561451349
0.92400 -0.5093299815864486
0.92500 -0.5037895022727419
0.92600 -0.4982121970001017
0.92700 -0.4925981417684266
0.92800 -0.48694741510048073
0.92900 -0.48126009805464603
0.93000 -0.4755362742375988
0.93100 -0.4697760298168904
0.93200 -0.4639794535334513
0.93300 -0.458146636713999
0.93400 -0.45227767328335977
0.93500 -0.44637265977669366
0.93600 -0.44043169535162874
0.93700 -0.43445488180029823
0.93800 -0.42844232356127865
0.93900 -0.4223941277314305
0.94000 -0.41631040407763537
0.94100 -0.41019126504842884
0.94200 -0.40403682578553246
0.94300 -0.39784720413527264
0.94400 -0.39162252065989717
0.94500 -0.3853628986487732
0.94600 -0.37906846412948264
0.94700 -0.37273934587879026
0.94800 -0.3663756754335076
0.94900 -0.3599775871012304
0.95000 -0.3535452179709595
0.95100 -0.3470787079235974
0.95200 -0.3405781996423223
0.95300 -0.3340438386228366
0.95400 -0.32747577318348403
0.95500 -0.3208741544752403
0.95600 -0.31423913649157237
0.95700 -0.30757087607815886
0.95800 -0.3008695329424801
0.95900 -0.29413526966327
0.96000 -0.28736825169982183
0.96100 -0.28056864740116105
0.96200 -0.27373662801507015
0.96300 -0.2668723676969672
0.96400 -0.2599760435186353
0.96500 -0.2530478354768106
0.96600 -0.24608792650160685
0.96700 -0.2390965024647953
0.96800 -0.23207375218792486
0.96900 -0.22501986745028593
0.97000 -0.21793504299671354
0.97100 -0.21081947654522978
0.97200 -0.20367336879452136
0.97300 -0.19649692343125186
0.97400 -0.18929034713720805
0.97500 -0.18205384959627066
0.97600 -0.1747876435012209
0.97700 -0.16749194456036723
0.97800 -0.16016697150399653
0.97900 -0.15281294609065216
0.98000 -0.14543009311322355
0.98100 -0.1380186404048646
0.98200 -0.13057881884471426
0.98300 -0.12311086236344362
0.98400 -0.1156150079486065
0.98500 -0.10809149564980262
0.98600 -0.10054056858364753
0.98700 -0.09296247293854777
0.98800 -0.08535745797928161
0.98900 -0.07772577605137601
0.99000 -0.07006768258528794
0.99100 -0.062383436100380114
0.99200 -0.05467329820869192
0.99300 -0.04693753361850522
0.99400 -0.03917641013769802
0.99500 -0.03139019867688942
0.99600 -0.02357917325236821
0.99700 -0.015743610988812065
0.99800 -0.007883792121781091
0.99900 -1.538936554977432e-16