0.00000 0.006283185307179587
0.00100 0.012566370614359173
0.00200 0.01884955592153876
0.00300 0.025132741228718346
0.00400 0.031415926535897934
0.00500 0.03769911184307752
0.00600 0.0439822971502571
0.00700 0.05026548245743669
0.00800 0.056548667764616284
0.00900 0.06283185307179587
0.01000 0.06911503837897544
0.01100 0.07539822368615504
0.01200 0.08168140899333463
0.01300 0.0879645943005142
0.01400 0.09424777960769379
0.01500 0.10053096491487339
0.01600 0.10681415022205297
0.01700 0.11309733552923257
0.01800 0.11938052083641214
0.01900 0.12566370614359174
0.02000 0.13194689145077132
0.02100 0.13823007675795088
0.02200 0.1445132620651305
0.02300 0.15079644737231007
0.02400 0.15707963267948966
0.02500 0.16336281798666927
0.02600 0.16964600329384882
0.02700 0.1759291886010284
0.02800 0.18221237390820802
0.02900 0.18849555921538758
0.03000 0.19477874452256716
0.03100 0.20106192982974677
0.03200 0.20734511513692636
0.03300 0.21362830044410594
0.03400 0.21991148575128555
0.03500 0.22619467105846514
0.03600 0.2324778563656447
0.03700 0.23876104167282428
0.03800 0.24504422698000386
0.03900 0.25132741228718347
0.04000 0.25761059759436306
0.04100 0.26389378290154264
0.04200 0.2701769682087222
0.04300 0.27646015351590175
0.04400 0.2827433388230814
0.04500 0.289026524130261
0.04600 0.29530970943744056
0.04700 0.30159289474462014
0.04800 0.3078760800517997
0.04900 0.3141592653589793
0.05000 0.3204424506661589
0.05100 0.32672563597333854
0.05200 0.33300882128051806
0.05300 0.33929200658769765
0.05400 0.34557519189487723
0.05500 0.3518583772020568
0.05600 0.35814156250923646
0.05700 0.36442474781641604
0.05800 0.3707079331235956
0.05900 0.37699111843077515
0.06000 0.38327430373795474
0.06100 0.3895574890451343
0.06200 0.39584067435231396
0.06300 0.40212385965949354
0.06400 0.4084070449666731
0.06500 0.4146902302738527
0.06600 0.4209734155810323
0.06700 0.4272566008882119
0.06800 0.43353978619539146
0.06900 0.4398229715025711
0.07000 0.4461061568097507
0.07100 0.45238934211693027
0.07200 0.45867252742410974
0.07300 0.4649557127312894
0.07400 0.47123889803846897
0.07500 0.47752208334564855
0.07600 0.48380526865282814
0.07700 0.4900884539600077
0.07800 0.4963716392671873
0.07900 0.5026548245743669
0.08000 0.5089380098815465
0.08100 0.5152211951887261
0.08200 0.5215043804959056
0.08300 0.5277875658030853
0.08400 0.5340707511102649
0.08500 0.5403539364174444
0.08600 0.5466371217246241
0.08700 0.5529203070318035
0.08800 0.5592034923389831
0.08900 0.5654866776461628
0.09000 0.5717698629533423
0.09100 0.578053048260522
0.09200 0.5843362335677015
0.09300 0.5906194188748811
0.09400 0.5969026041820606
0.09500 0.6031857894892403
0.09600 0.6094689747964199
0.09700 0.6157521601035995
0.09800 0.6220353454107791
0.09900 0.6283185307179586
0.10000 0.6346017160251383
0.10100 0.6408849013323178
0.10200 0.6471680866394974
0.10300 0.6534512719466771
0.10400 0.6597344572538565
0.10500 0.6660176425610361
0.10600 0.6723008278682158
0.10700 0.6785840131753953
0.10800 0.6848671984825749
0.10900 0.6911503837897545
0.11000 0.6974335690969341
0.11100 0.7037167544041136
0.11200 0.7099999397112933
0.11300 0.7162831250184729
0.11400 0.7225663103256524
0.11500 0.7288494956328321
0.11600 0.7351326809400116
0.11700 0.7414158662471912
0.11800 0.7476990515543708
0.11900 0.7539822368615503
0.12000 0.7602654221687299
0.12100 0.7665486074759095
0.12200 0.7728317927830891
0.12300 0.7791149780902686
0.12400 0.7853981633974483
0.12500 0.7916813487046279
0.12600 0.7979645340118074
0.12700 0.8042477193189871
0.12800 0.8105309046261666
0.12900 0.8168140899333463
0.13000 0.8230972752405258
0.13100 0.8293804605477054
0.13200 0.8356636458548851
0.13300 0.8419468311620646
0.13400 0.8482300164692442
0.13500 0.8545132017764238
0.13600 0.8607963870836034
0.13700 0.8670795723907829
0.13800 0.8733627576979626
0.13900 0.8796459430051422
0.14000 0.8859291283123217
0.14100 0.8922123136195014
0.14200 0.8984954989266809
0.14300 0.9047786842338605
0.14400 0.91106186954104
0.14500 0.9173450548482195
0.14600 0.9236282401553991
0.14700 0.9299114254625788
0.14800 0.9361946107697583
0.14900 0.9424777960769379
0.15000 0.9487609813841175
0.15100 0.9550441666912971
0.15200 0.9613273519984766
0.15300 0.9676105373056563
0.15400 0.9738937226128359
0.15500 0.9801769079200154
0.15600 0.9864600932271951
0.15700 0.9927432785343746
0.15800 0.9990264638415542
0.15900 1.0053096491487339
0.16000 1.0115928344559133
0.16100 1.017876019763093
0.16200 1.0241592050702726
0.16300 1.0304423903774522
0.16400 1.0367255756846319
0.16500 1.0430087609918113
0.16600 1.049291946298991
0.16700 1.0555751316061706
0.16800 1.0618583169133502
0.16900 1.0681415022205298
0.17000 1.0744246875277093
0.17100 1.080707872834889
0.17200 1.0869910581420685
0.17300 1.0932742434492482
0.17400 1.0995574287564276
0.17500 1.105840614063607
0.17600 1.1121237993707866
0.17700 1.1184069846779663
0.17800 1.124690169985146
0.17900 1.1309733552923256
0.18000 1.137256540599505
0.18100 1.1435397259066846
0.18200 1.1498229112138643
0.18300 1.156106096521044
0.18400 1.1623892818282235
0.18500 1.168672467135403
0.18600 1.1749556524425826
0.18700 1.1812388377497622
0.18800 1.1875220230569419
0.18900 1.1938052083641213
0.19000 1.200088393671301
0.19100 1.2063715789784806
0.19200 1.2126547642856602
0.19300 1.2189379495928399
0.19400 1.2252211349000193
0.19500 1.231504320207199
0.19600 1.2377875055143785
0.19700 1.2440706908215582
0.19800 1.2503538761287378
0.19900 1.2566370614359172
0.20000 1.2629202467430969
0.20100 1.2692034320502765
0.20200 1.2754866173574562
0.20300 1.2817698026646356
0.20400 1.2880529879718152
0.20500 1.2943361732789949
0.20600 1.3006193585861745
0.20700 1.3069025438933541
0.20800 1.3131857292005336
0.20900 1.319468914507713
0.21000 1.3257520998148926
0.21100 1.3320352851220723
0.21200 1.338318470429252
0.21300 1.3446016557364315
0.21400 1.350884841043611
0.21500 1.3571680263507906
0.21600 1.3634512116579702
0.21700 1.3697343969651499
0.21800 1.3760175822723293
0.21900 1.382300767579509
0.22000 1.3885839528866886
0.22100 1.3948671381938682
0.22200 1.4011503235010478
0.22300 1.4074335088082273
0.22400 1.413716694115407
0.22500 1.4199998794225865
0.22600 1.4262830647297662
0.22700 1.4325662500369458
0.22800 1.4388494353441252
0.22900 1.4451326206513049
0.23000 1.4514158059584845
0.23100 1.4576989912656642
0.23200 1.4639821765728436
0.23300 1.4702653618800232
0.23400 1.4765485471872029
0.23500 1.4828317324943825
0.23600 1.4891149178015621
0.23700 1.4953981031087415
0.23800 1.5016812884159212
0.23900 1.5079644737231006
0.24000 1.5142476590302802
0.24100 1.5205308443374599
0.24200 1.5268140296446395
0.24300 1.533097214951819
0.24400 1.5393804002589986
0.24500 1.5456635855661782
0.24600 1.5519467708733579
0.24700 1.5582299561805373
0.24800 1.564513141487717
0.24900 1.5707963267948966
0.25000 1.5770795121020762
0.25100 1.5833626974092558
0.25200 1.5896458827164353
0.25300 1.595929068023615
0.25400 1.6022122533307945
0.25500 1.6084954386379742
0.25600 1.6147786239451536
0.25700 1.6210618092523332
0.25800 1.6273449945595129
0.25900 1.6336281798666925
0.26000 1.6399113651738721
0.26100 1.6461945504810516
0.26200 1.6524777357882312
0.26300 1.6587609210954108
0.26400 1.6650441064025905
0.26500 1.6713272917097701
0.26600 1.6776104770169495
0.26700 1.6838936623241292
0.26800 1.6901768476313088
0.26900 1.6964600329384885
0.27000 1.7027432182456679
0.27100 1.7090264035528475
0.27200 1.7153095888600272
0.27300 1.7215927741672068
0.27400 1.7278759594743864
0.27500 1.7341591447815659
0.27600 1.7404423300887455
0.27700 1.7467255153959251
0.27800 1.7530087007031048
0.27900 1.7592918860102844
0.28000 1.7655750713174638
0.28100 1.7718582566246435
0.28200 1.778141441931823
0.28300 1.7844246272390027
0.28400 1.7907078125461822
0.28500 1.7969909978533618
0.28600 1.8032741831605414
0.28700 1.809557368467721
0.28800 1.8158405537749003
0.28900 1.82212373908208
0.29000 1.8284069243892596
0.29100 1.834690109696439
0.29200 1.8409732950036186
0.29300 1.8472564803107983
0.29400 1.853539665617978
0.29500 1.8598228509251575
0.29600 1.866106036232337
0.29700 1.8723892215395166
0.29800 1.8786724068466962
0.29900 1.8849555921538759
0.30000 1.8912387774610553
0.30100 1.897521962768235
0.30200 1.9038051480754146
0.30300 1.9100883333825942
0.30400 1.9163715186897738
0.30500 1.9226547039969533
0.30600 1.928937889304133
0.30700 1.9352210746113125
0.30800 1.9415042599184922
0.30900 1.9477874452256718
0.31000 1.9540706305328512
0.31100 1.9603538158400309
0.31200 1.9666370011472105
0.31300 1.9729201864543902
0.31400 1.9792033717615696
0.31500 1.9854865570687492
0.31600 1.9917697423759289
0.31700 1.9980529276831085
0.31800 2.004336112990288
0.31900 2.0106192982974678
0.32000 2.0169024836046474
0.32100 2.0231856689118266
0.32200 2.0294688542190062
0.32300 2.035752039526186
0.32400 2.0420352248333655
0.32500 2.048318410140545
0.32600 2.054601595447725
0.32700 2.0608847807549044
0.32800 2.067167966062084
0.32900 2.0734511513692637
0.33000 2.0797343366764434
0.33100 2.0860175219836226
0.33200 2.092300707290802
0.33300 2.098583892597982
0.33400 2.1048670779051615
0.33500 2.111150263212341
0.33600 2.1174334485195208
0.33700 2.1237166338267004
0.33800 2.12999981913388
0.33900 2.1362830044410597
0.34000 2.142566189748239
0.34100 2.1488493750554185
0.34200 2.155132560362598
0.34300 2.161415745669778
0.34400 2.1676989309769574
0.34500 2.173982116284137
0.34600 2.1802653015913167
0.34700 2.1865484868984963
0.34800 2.192831672205676
0.34900 2.199114857512855
0.35000 2.205398042820035
0.35100 2.211681228127214
0.35200 2.2179644134343937
0.35300 2.2242475987415733
0.35400 2.230530784048753
0.35500 2.2368139693559326
0.35600 2.243097154663112
0.35700 2.249380339970292
0.35800 2.2556635252774715
0.35900 2.261946710584651
0.36000 2.2682298958918308
0.36100 2.27451308119901
0.36200 2.2807962665061896
0.36300 2.2870794518133692
0.36400 2.293362637120549
0.36500 2.2996458224277285
0.36600 2.305929007734908
0.36700 2.312212193042088
0.36800 2.3184953783492674
0.36900 2.324778563656447
0.37000 2.3310617489636263
0.37100 2.337344934270806
0.37200 2.3436281195779856
0.37300 2.349911304885165
0.37400 2.356194490192345
0.37500 2.3624776754995245
0.37600 2.368760860806704
0.37700 2.3750440461138838
0.37800 2.3813272314210634
0.37900 2.3876104167282426
0.38000 2.3938936020354222
0.38100 2.400176787342602
0.38200 2.4064599726497815
0.38300 2.412743157956961
0.38400 2.419026343264141
0.38500 2.4253095285713204
0.38600 2.4315927138785
0.38700 2.4378758991856797
0.38800 2.444159084492859
0.38900 2.4504422698000385
0.39000 2.456725455107218
0.39100 2.463008640414398
0.39200 2.4692918257215775
0.39300 2.475575011028757
0.39400 2.4818581963359367
0.39500 2.4881413816431164
0.39600 2.494424566950296
0.39700 2.5007077522574757
0.39800 2.506990937564655
0.39900 2.5132741228718345
0.40000 2.519557308179014
0.40100 2.5258404934861938
0.40200 2.5321236787933734
0.40300 2.538406864100553
0.40400 2.5446900494077327
0.40500 2.5509732347149123
0.40600 2.557256420022092
0.40700 2.563539605329271
0.40800 2.569822790636451
0.40900 2.5761059759436304
0.41000 2.58238916125081
0.41100 2.5886723465579897
0.41200 2.5949555318651694
0.41300 2.601238717172349
0.41400 2.6075219024795286
0.41500 2.6138050877867083
0.41600 2.6200882730938875
0.41700 2.626371458401067
0.41800 2.6326546437082463
0.41900 2.638937829015426
0.42000 2.6452210143226056
0.42100 2.6515041996297852
0.42200 2.657787384936965
0.42300 2.6640705702441445
0.42400 2.670353755551324
0.42500 2.676636940858504
0.42600 2.6829201261656834
0.42700 2.689203311472863
0.42800 2.6954864967800423
0.42900 2.701769682087222
0.43000 2.7080528673944015
0.43100 2.714336052701581
0.43200 2.720619238008761
0.43300 2.7269024233159405
0.43400 2.73318560862312
0.43500 2.7394687939302997
0.43600 2.7457519792374794
0.43700 2.7520351645446586
0.43800 2.758318349851838
0.43900 2.764601535159018
0.44000 2.7708847204661975
0.44100 2.777167905773377
0.44200 2.7834510910805568
0.44300 2.7897342763877364
0.44400 2.796017461694916
0.44500 2.8023006470020957
0.44600 2.808583832309275
0.44700 2.8148670176164545
0.44800 2.821150202923634
0.44900 2.827433388230814
0.45000 2.8337165735379934
0.45100 2.839999758845173
0.45200 2.8462829441523527
0.45300 2.8525661294595324
0.45400 2.858849314766712
0.45500 2.8651325000738916
0.45600 2.871415685381071
0.45700 2.8776988706882505
0.45800 2.88398205599543
0.45900 2.8902652413026098
0.46000 2.8965484266097894
0.46100 2.902831611916969
0.46200 2.9091147972241487
0.46300 2.9153979825313283
0.46400 2.921681167838508
0.46500 2.927964353145687
0.46600 2.934247538452867
0.46700 2.9405307237600464
0.46800 2.946813909067226
0.46900 2.9530970943744057
0.47000 2.9593802796815853
0.47100 2.965663464988765
0.47200 2.9719466502959446
0.47300 2.9782298356031243
0.47400 2.9845130209103035
0.47500 2.990796206217483
0.47600 2.9970793915246627
0.47700 3.0033625768318424
0.47800 3.009645762139022
0.47900 3.015928947446201
0.48000 3.022212132753381
0.48100 3.0284953180605605
0.48200 3.03477850336774
0.48300 3.0410616886749198
0.48400 3.0473448739820994
0.48500 3.053628059289279
0.48600 3.0599112445964582
0.48700 3.066194429903638
0.48800 3.0724776152108175
0.48900 3.078760800517997
0.49000 3.085043985825177
0.49100 3.0913271711323564
0.49200 3.097610356439536
0.49300 3.1038935417467157
0.49400 3.1101767270538954
0.49500 3.1164599123610746
0.49600 3.122743097668254
0.49700 3.129026282975434
0.49800 3.1353094682826135
0.49900 3.141592653589793
0.50000 3.1478758388969728
0.50100 3.1541590242041524
0.50200 3.160442209511332
0.50300 3.1667253948185117
0.50400 3.173008580125691
0.50500 3.1792917654328705
0.50600 3.18557495074005
0.50700 3.19185813604723
0.50800 3.1981413213544094
0.50900 3.204424506661589
0.51000 3.2107076919687687
0.51100 3.2169908772759483
0.51200 3.223274062583128
0.51300 3.229557247890307
0.51400 3.235840433197487
0.51500 3.2421236185046665
0.51600 3.248406803811846
0.51700 3.2546899891190257
0.51800 3.2609731744262054
0.51900 3.267256359733385
0.52000 3.2735395450405647
0.52100 3.2798227303477443
0.52200 3.286105915654924
0.52300 3.292389100962103
0.52400 3.2986722862692828
0.52500 3.3049554715764624
0.52600 3.311238656883642
0.52700 3.3175218421908217
0.52800 3.3238050274980013
0.52900 3.330088212805181
0.53000 3.3363713981123606
0.53100 3.3426545834195402
0.53200 3.3489377687267194
0.53300 3.355220954033899
0.53400 3.3615041393410787
0.53500 3.3677873246482584
0.53600 3.374070509955438
0.53700 3.3803536952626176
0.53800 3.3866368805697973
0.53900 3.392920065876977
0.54000 3.3992032511841566
0.54100 3.4054864364913358
0.54200 3.4117696217985154
0.54300 3.418052807105695
0.54400 3.4243359924128747
0.54500 3.4306191777200543
0.54600 3.436902363027234
0.54700 3.4431855483344136
0.54800 3.4494687336415932
0.54900 3.455751918948773
0.55000 3.4620351042559525
0.55100 3.4683182895631317
0.55200 3.4746014748703113
0.55300 3.480884660177491
0.55400 3.4871678454846706
0.55500 3.4934510307918503
0.55600 3.49973421609903
0.55700 3.5060174014062095
0.55800 3.512300586713389
0.55900 3.518583772020569
0.56000 3.524866957327748
0.56100 3.5311501426349277
0.56200 3.5374333279421073
0.56300 3.543716513249287
0.56400 3.5499996985564666
0.56500 3.556282883863646
0.56600 3.562566069170826
0.56700 3.5688492544780055
0.56800 3.575132439785185
0.56900 3.5814156250923643
0.57000 3.587698810399544
0.57100 3.5939819957067236
0.57200 3.6002651810139032
0.57300 3.606548366321083
0.57400 3.6128315516282625
0.57500 3.619114736935442
0.57600 3.625397922242621
0.57700 3.6316811075498006
0.57800 3.63796429285698
0.57900 3.64424747816416
0.58000 3.6505306634713395
0.58100 3.656813848778519
0.58200 3.6630970340856988
0.58300 3.669380219392878
0.58400 3.6756634047000576
0.58500 3.6819465900072372
0.58600 3.688229775314417
0.58700 3.6945129606215965
0.58800 3.700796145928776
0.58900 3.707079331235956
0.59000 3.7133625165431354
0.59100 3.719645701850315
0.59200 3.7259288871574943
0.59300 3.732212072464674
0.59400 3.7384952577718535
0.59500 3.744778443079033
0.59600 3.751061628386213
0.59700 3.7573448136933925
0.59800 3.763627999000572
0.59900 3.7699111843077517
0.60000 3.7761943696149314
0.60100 3.7824775549221106
0.60200 3.78876074022929
0.60300 3.79504392553647
0.60400 3.8013271108436495
0.60500 3.807610296150829
0.60600 3.8138934814580088
0.60700 3.8201766667651884
0.60800 3.826459852072368
0.60900 3.8327430373795477
0.61000 3.8390262226867273
0.61100 3.8453094079939065
0.61200 3.851592593301086
0.61300 3.857875778608266
0.61400 3.8641589639154454
0.61500 3.870442149222625
0.61600 3.8767253345298047
0.61700 3.8830085198369844
0.61800 3.889291705144164
0.61900 3.8955748904513436
0.62000 3.901858075758523
0.62100 3.9081412610657025
0.62200 3.914424446372882
0.62300 3.9207076316800618
0.62400 3.9269908169872414
0.62500 3.933274002294421
0.62600 3.9395571876016007
0.62700 3.9458403729087803
0.62800 3.95212355821596
0.62900 3.958406743523139
0.63000 3.964689928830319
0.63100 3.9709731141374984
0.63200 3.977256299444678
0.63300 3.9835394847518577
0.63400 3.9898226700590373
0.63500 3.996105855366217
0.63600 4.002389040673396
0.63700 4.008672225980576
0.63800 4.0149554112877555
0.63900 4.0212385965949355
0.64000 4.027521781902115
0.64100 4.033804967209295
0.64200 4.040088152516474
0.64300 4.046371337823653
0.64400 4.052654523130833
0.64500 4.0589377084380125
0.64600 4.065220893745193
0.64700 4.071504079052372
0.64800 4.077787264359552
0.64900 4.084070449666731
0.65000 4.090353634973911
0.65100 4.09663682028109
0.65200 4.1029200055882695
0.65300 4.10920319089545
0.65400 4.115486376202629
0.65500 4.121769561509809
0.65600 4.128052746816988
0.65700 4.134335932124168
0.65800 4.140619117431347
0.65900 4.1469023027385274
0.66000 4.153185488045707
0.66100 4.159468673352887
0.66200 4.165751858660066
0.66300 4.172035043967245
0.66400 4.178318229274425
0.66500 4.184601414581604
0.66600 4.1908845998887845
0.66700 4.197167785195964
0.66800 4.203450970503144
0.66900 4.209734155810323
0.67000 4.216017341117503
0.67100 4.222300526424682
0.67200 4.228583711731861
0.67300 4.2348668970390415
0.67400 4.241150082346221
0.67500 4.247433267653401
0.67600 4.25371645296058
0.67700 4.25999963826776
0.67800 4.266282823574939
0.67900 4.272566008882119
0.68000 4.2788491941892985
0.68100 4.285132379496478
0.68200 4.291415564803658
0.68300 4.297698750110837
0.68400 4.303981935418017
0.68500 4.310265120725196
0.68600 4.316548306032376
0.68700 4.322831491339556
0.68800 4.329114676646736
0.68900 4.335397861953915
0.69000 4.341681047261094
0.69100 4.347964232568274
0.69200 4.354247417875453
0.69300 4.360530603182633
0.69400 4.366813788489813
0.69500 4.373096973796993
0.69600 4.379380159104172
0.69700 4.385663344411352
0.69800 4.391946529718531
0.69900 4.39822971502571
0.70000 4.4045129003328904
0.70100 4.41079608564007
0.70200 4.41707927094725
0.70300 4.423362456254428
0.70400 4.429645641561608
0.70500 4.435928826868787
0.70600 4.442212012175967
0.70700 4.448495197483147
0.70800 4.454778382790327
0.70900 4.461061568097506
0.71000 4.467344753404686
0.71100 4.473627938711865
0.71200 4.479911124019044
0.71300 4.486194309326224
0.71400 4.492477494633404
0.71500 4.498760679940584
0.71600 4.505043865247763
0.71700 4.511327050554943
0.71800 4.517610235862122
0.71900 4.523893421169302
0.72000 4.5301766064764815
0.72100 4.5364597917836615
0.72200 4.542742977090841
0.72300 4.54902616239802
0.72400 4.5553093477052
0.72500 4.561592533012379
0.72600 4.567875718319559
0.72700 4.5741589036267385
0.72800 4.580442088933919
0.72900 4.586725274241098
0.73000 4.593008459548278
0.73100 4.599291644855457
0.73200 4.605574830162636
0.73300 4.611858015469816
0.73400 4.6181412007769955
0.73500 4.624424386084176
0.73600 4.630707571391355
0.73700 4.636990756698535
0.73800 4.643273942005714
0.73900 4.649557127312894
0.74000 4.655840312620073
0.74100 4.662123497927253
0.74200 4.668406683234433
0.74300 4.674689868541612
0.74400 4.680973053848792
0.74500 4.687256239155971
0.74600 4.693539424463151
0.74700 4.69982260977033
0.74800 4.7061057950775105
0.74900 4.71238898038469
0.75000 4.718672165691869
0.75100 4.724955350999049
0.75200 4.731238536306228
0.75300 4.737521721613408
0.75400 4.743804906920587
0.75500 4.7500880922277675
0.75600 4.756371277534947
0.75700 4.762654462842127
0.75800 4.768937648149306
0.75900 4.775220833456485
0.76000 4.781504018763665
0.76100 4.7877872040708445
0.76200 4.7940703893780245
0.76300 4.800353574685204
0.76400 4.806636759992384
0.76500 4.812919945299563
0.76600 4.819203130606743
0.76700 4.825486315913922
0.76800 4.8317695012211015
0.76900 4.838052686528282
0.77000 4.844335871835461
0.77100 4.850619057142641
0.77200 4.85690224244982
0.77300 4.863185427757
0.77400 4.869468613064179
0.77500 4.875751798371359
0.77600 4.882034983678539
0.77700 4.888318168985718
0.77800 4.894601354292898
0.77900 4.900884539600077
0.78000 4.907167724907257
0.78100 4.913450910214436
0.78200 4.9197340955216164
0.78300 4.926017280828796
0.78400 4.932300466135976
0.78500 4.938583651443155
0.78600 4.944866836750335
0.78700 4.951150022057514
0.78800 4.957433207364693
0.78900 4.9637163926718735
0.79000 4.969999577979053
0.79100 4.976282763286233
0.79200 4.982565948593412
0.79300 4.988849133900592
0.79400 4.995132319207771
0.79500 5.001415504514951
0.79600 5.0076986898221305
0.79700 5.01398187512931
0.79800 5.02026506043649
0.79900 5.026548245743669
0.80000 5.032831431050849
0.80100 5.039114616358028
0.80200 5.045397801665208
0.80300 5.0516809869723875
0.80400 5.057964172279568
0.80500 5.064247357586747
0.80600 5.070530542893926
0.80700 5.076813728201106
0.80800 5.083096913508285
0.80900 5.089380098815465
0.81000 5.095663284122645
0.81100 5.101946469429825
0.81200 5.108229654737004
0.81300 5.114512840044184
0.81400 5.120796025351363
0.81500 5.127079210658542
0.81600 5.133362395965722
0.81700 5.139645581272902
0.81800 5.145928766580082
0.81900 5.152211951887261
0.82000 5.158495137194441
0.82100 5.16477832250162
0.82200 5.1710615078088
0.82300 5.1773446931159794
0.82400 5.183627878423159
0.82500 5.189911063730339
0.82600 5.196194249037518
0.82700 5.202477434344698
0.82800 5.208760619651877
0.82900 5.215043804959057
0.83000 5.2213269902662365
0.83100 5.227610175573417
0.83200 5.233893360880595
0.83300 5.240176546187775
0.83400 5.246459731494954
0.83500 5.252742916802134
0.83600 5.259026102109313
0.83700 5.265309287416493
0.83800 5.271592472723673
0.83900 5.277875658030852
0.84000 5.284158843338032
0.84100 5.290442028645211
0.84200 5.296725213952391
0.84300 5.3030083992595705
0.84400 5.3092915845667505
0.84500 5.31557476987393
0.84600 5.32185795518111
0.84700 5.328141140488289
0.84800 5.334424325795468
0.84900 5.340707511102648
0.85000 5.3469906964098275
0.85100 5.353273881717008
0.85200 5.359557067024187
0.85300 5.365840252331367
0.85400 5.372123437638546
0.85500 5.378406622945726
0.85600 5.384689808252905
0.85700 5.3909729935600845
0.85800 5.397256178867265
0.85900 5.403539364174444
0.86000 5.409822549481624
0.86100 5.416105734788803
0.86200 5.422388920095983
0.86300 5.428672105403162
0.86400 5.4349552907103424
0.86500 5.441238476017522
0.86600 5.447521661324701
0.86700 5.453804846631881
0.86800 5.46008803193906
0.86900 5.46637121724624
0.87000 5.472654402553419
0.87100 5.4789375878605995
0.87200 5.485220773167779
0.87300 5.491503958474959
0.87400 5.497787143782138
0.87500 5.504070329089317
0.87600 5.510353514396497
0.87700 5.516636699703676
0.87800 5.5229198850108565
0.87900 5.529203070318036
0.88000 5.535486255625216
0.88100 5.541769440932395
0.88200 5.548052626239575
0.88300 5.554335811546754
0.88400 5.5606189968539335
0.88500 5.5669021821611135
0.88600 5.573185367468293
0.88700 5.579468552775473
0.88800 5.585751738082652
0.88900 5.592034923389832
0.89000 5.598318108697011
0.89100 5.604601294004191
0.89200 5.610884479311371
0.89300 5.61716766461855
0.89400 5.62345084992573
0.89500 5.629734035232909
0.89600 5.636017220540089
0.89700 5.642300405847268
0.89800 5.648583591154448
0.89900 5.654866776461628
0.90000 5.661149961768808
0.90100 5.667433147075987
0.90200 5.673716332383166
0.90300 5.679999517690346
0.90400 5.686282702997525
0.90500 5.6925658883047054
0.90600 5.698849073611885
0.90700 5.705132258919065
0.90800 5.711415444226244
0.90900 5.717698629533424
0.91000 5.723981814840603
0.91100 5.730265000147783
0.91200 5.7365481854549625
0.91300 5.742831370762142
0.91400 5.749114556069322
0.91500 5.755397741376501
0.91600 5.761680926683681
0.91700 5.76796411199086
0.91800 5.77424729729804
0.91900 5.7805304826052195
0.92000 5.7868136679124
0.92100 5.793096853219579
0.92200 5.799380038526758
0.92300 5.805663223833938
0.92400 5.811946409141117
0.92500 5.818229594448297
0.92600 5.8245127797554765
0.92700 5.830795965062657
0.92800 5.837079150369836
0.92900 5.843362335677016
0.93000 5.849645520984195
0.93100 5.855928706291374
0.93200 5.862211891598554
0.93300 5.868495076905734
0.93400 5.874778262212914
0.93500 5.881061447520093
0.93600 5.887344632827273
0.93700 5.893627818134452
0.93800 5.899911003441632
0.93900 5.906194188748811
0.94000 5.912477374055991
0.94100 5.918760559363171
0.94200 5.92504374467035
0.94300 5.93132692997753
0.94400 5.937610115284709
0.94500 5.943893300591889
0.94600 5.9501764858990684
0.94700 5.9564596712062485
0.94800 5.962742856513428
0.94900 5.969026041820607
0.95000 5.975309227127787
0.95100 5.981592412434966
0.95200 5.987875597742146
0.95300 5.9941587830493255
0.95400 6.000441968356506
0.95500 6.006725153663685
0.95600 6.013008338970865
0.95700 6.019291524278044
0.95800 6.025574709585223
0.95900 6.031857894892402
0.96000 6.0381410801995825
0.96100 6.044424265506762
0.96200 6.050707450813941
0.96300 6.056990636121121
0.96400 6.0632738214283
0.96500 6.06955700673548
0.96600 6.0758401920426595
0.96700 6.0821233773498395
0.96800 6.088406562657019
0.96900 6.094689747964199
0.97000 6.100972933271378
0.97100 6.107256118578558
0.97200 6.113539303885737
0.97300 6.1198224891929165
0.97400 6.126105674500097
0.97500 6.132388859807276
0.97600 6.138672045114456
0.97700 6.144955230421635
0.97800 6.151238415728815
0.97900 6.157521601035994
0.98000 6.163804786343174
0.98100 6.170087971650354
0.98200 6.176371156957533
0.98300 6.182654342264713
0.98400 6.188937527571892
0.98500 6.195220712879072
0.98600 6.201503898186251
0.98700 6.2077870834934314
0.98800 6.214070268800611
0.98900 6.220353454107791
0.99000 6.22663663941497
0.99100 6.232919824722149
0.99200 6.239203010029329
0.99300 6.245486195336508
0.99400 6.2517693806436885
0.99500 6.258052565950868
0.99600 6.264335751258048
0.99700 6.270618936565227
0.99800 6.276902121872407
0.99900 6.283185307179586