0.00000 0.013962634007448113
0.00100 0.02792526775970054
0.00200 0.041887899980778825
0.00300 0.055850527353139126
0.00400 0.06981314349689022
0.00500 0.08377573794901294
0.00600 0.09773829514258367
0.00700 0.11170079338600425
0.00800 0.12566320384224416
0.00900 0.13962548950810066
0.01000 0.15358760419348672
0.01100 0.16754949150075768
0.01200 0.18151108380409048
0.01300 0.1954723012289339
0.01400 0.2094330506315497
0.01500 0.22339322457866956
0.01600 0.2373527003272965
0.01700 0.25131133880468354
0.01800 0.2652689835885282
0.01900 0.2792254598874242
0.02000 0.29318057352161975
0.02100 0.3071341099041351
0.02200 0.32108583302230054
0.02300 0.3350354844197781
0.02400 0.3489827821791425
0.02500 0.36292741990509925
0.02600 0.37686906570842543
0.02700 0.3908073611907298
0.02800 0.4047419204301319
0.02900 0.41867232896797146
0.03000 0.4325981427966656
0.03100 0.4465188873488424
0.03200 0.46043405648788566
0.03300 0.47434311150003766
0.03400 0.48824548008821406
0.03500 0.5021405553676975
0.03600 0.5160276948638844
0.03700 0.5299062195122721
0.03800 0.5437754126608807
0.03900 0.5576345190753229
0.04000 0.5714827439467353
0.04100 0.5853192519028075
0.04200 0.5991431660221496
0.04300 0.6129535668522545
0.04400 0.6267494914313259
0.04500 0.6405299323142474
0.04600 0.6542938366029948
0.04700 0.6680401049817939
0.04800 0.6817675907573486
0.04900 0.6954750989044735
0.05000 0.7091613851174824
0.05100 0.7228251548676976
0.05200 0.7364650624674577
0.05300 0.7500797101410217
0.05400 0.7636676471027758
0.05500 0.7772273686431725
0.05600 0.7907573152228397
0.05700 0.8042558715753215
0.05800 0.8177213658189199
0.05900 0.8311520685781323
0.06000 0.8445461921151901
0.06100 0.8579018894722217
0.06200 0.8712172536245832
0.06300 0.8844903166459158
0.06400 0.8977190488855029
0.06500 0.9109013581585264
0.06600 0.9240350889498293
0.06700 0.9371180216318207
0.06800 0.9501478716971624
0.06900 0.9631222890069169
0.07000 0.9760388570548291
0.07100 0.988895092248457
0.07200 1.001688443207866
0.07300 1.0144162900826352
0.07400 1.0270759438879316
0.07500 1.0396646458604346
0.07600 1.0521795668349119
0.07700 1.06461780664226
0.07800 1.0769763935298515
0.07900 1.089252283605045
0.08000 1.10144236030273
0.08100 1.1135434338778103
0.08200 1.125552240923531
0.08300 1.1374654439165899
0.08400 1.149279630789983
0.08500 1.1609913145345578
0.08600 1.172596932830264
0.08700 1.1840928477081119
0.08800 1.1954753452438696
0.08900 1.2067406352845402
0.09000 1.217884851208692
0.09100 1.22890404972172
0.09200 1.239794210687143
0.09300 1.2505512369950549
0.09400 1.2611709544688683
0.09500 1.271649111811503
0.09600 1.2819813805921918
0.09700 1.2921633552750906
0.09800 1.3021905532908953
0.09900 1.3120584151526886
0.10000 1.3217623046172482
0.10100 1.3312975088930643
0.10200 1.3406592388963376
0.10300 1.3498426295562282
0.10400 1.3588427401706498
0.10500 1.367654554813914
0.10600 1.3762729827975402
0.10700 1.384692859185555
0.10800 1.3929089453656278
0.10900 1.4009159296773823
0.11000 1.4087084280992466
0.11100 1.416280984995208
0.11200 1.4236280739228446
0.11300 1.4307440985040167
0.11400 1.4376233933596059
0.11500 1.4442602251096877
0.11600 1.4506487934405456
0.11700 1.4567832322399106
0.11800 1.4626576108018439
0.11900 1.4682659351026472
0.12000 1.4736021491492213
0.12100 1.478660136401256
0.12200 1.4834337212686592
0.12300 1.4879166706856206
0.12400 1.492102695762687
0.12500 1.495985453518246
0.12600 1.4995585486907794
0.12700 1.5028155356332598
0.12800 1.5057499202910385
0.12900 1.5083551622645672
0.13000 1.510624676958282
0.13100 1.5125518378169582
0.13200 1.514129978650831
0.13300 1.515352396050758
0.13400 1.5162123518946724
0.13500 1.5167030759465634
0.13600 1.5168177685491866
0.13700 1.516549603411683
0.13800 1.5158917304932613
0.13900 1.5148372789840572
0.14000 1.513379360384267
0.14100 1.5115110716825948
0.14200 1.509225498635046
0.14300 1.5065157191450214
0.14400 1.503374806745674
0.14500 1.4997958341853912
0.14600 1.49577187711727
0.14700 1.4912960178933667
0.14800 1.4863613494644756
0.14900 1.4809609793861225
0.15000 1.4750880339314059
0.15100 1.4687356623112766
0.15200 1.461897041002751
0.15300 1.4545653781855226
0.15400 1.4467339182873549
0.15500 1.438395946638564
0.15600 1.4295447942358388
0.15700 1.4201738426155646
0.15800 1.4102765288367372
0.15900 1.3998463505734784
0.16000 1.3888768713170727
0.16100 1.3773617256873696
0.16200 1.3652946248532845
0.16300 1.3526693620620729
0.16400 1.3394798182769139
0.16500 1.3257199679222766
0.16600 1.3113838847364199
0.16700 1.296465747730277
0.16800 1.2809598472518677
0.16900 1.2648605911552693
0.17000 1.2481625110730603
0.17100 1.230860268791034
0.17200 1.2129486627238626
0.17300 1.1944226344902562
0.17400 1.1752772755860472
0.17500 1.1555078341534888
0.17600 1.1351097218449258
0.17700 1.1140785207788677
0.17800 1.0924099905863303
0.17900 1.070100075545199
0.18000 1.0471449118001925
0.18100 1.023540834665874
0.18200 0.999284386009998
0.18300 0.9743723217143204
0.18400 0.948801619209851
0.18500 0.9225694850833566
0.18600 0.8956733627517595
0.18700 0.8681109402009128
0.18800 0.8398801577850655
0.18900 0.8109792160831418
0.19000 0.7814065838078054
0.19100 0.7511610057630842
0.19200 0.7202415108461598
0.19300 0.6886474200887353
0.19400 0.6563783547332148
0.19500 0.6234342443387448
0.19600 0.58981533491196
0.19700 0.5555221970571074
0.19800 0.5205557341400125
0.19900 0.4849171904601623
0.20000 0.4486081594249803
0.20100 0.41163059172017324
0.20200 0.3739868034698293
0.20300 0.33567948437974143
0.20400 0.2967117058572336
0.20500 0.25708692910056347
0.20600 0.21680901315076587
0.20700 0.17588222289860986
0.20800 0.13431123703912737
0.20900 0.09210115596595861
0.21000 0.04925750959759258
0.21100 0.005786265127327946
0.21200 -0.0383061653113945
0.21300 -0.08301291707283207
0.21400 -0.1283266655287342
0.21500 -0.17423961870902152
0.21600 -0.2207435100625304
0.21700 -0.2678295913471617
0.21800 -0.31548862565899405
0.21900 -0.36371088061008067
0.22000 -0.41248612166489007
0.22100 -0.46180360564547956
0.22200 -0.51165207441572
0.22300 -0.5620197487550369
0.22400 -0.6128943224323362
0.22500 -0.6642629564909386
0.22600 -0.716112273755504
0.22700 -0.7684283535721214
0.22800 -0.8211967267928666
0.22900 -0.874402371016289
0.23000 -0.9280297060954458
0.23100 -0.9820625899252197
0.23200 -1.0364843145208182
0.23300 -1.0912776023994346
0.23400 -1.1464246032772119
0.23500 -1.2019068910937352
0.23600 -1.2577054613763776
0.23700 -1.3138007289569325
0.23800 -1.3701725260530326
0.23900 -1.4268001007269329
0.24000 -1.4836621157343157
0.24100 -1.5407366477757853
0.24200 -1.5980011871638093
0.24300 -1.6554326379178663
0.24400 -1.7130073183005838
0.24500 -1.770700961807661
0.24600 -1.8284887186243304
0.24700 -1.8863451575611756
0.24800 -1.9442442684819763
0.24900 -2.0021594652362893
0.25000 -2.0600635891093817
0.25100 -2.1179289128020375
0.25200 -2.1757271449527025
0.25300 -2.2334294352142856
0.25400 -2.2910063798978286
0.25500 -2.3484280281951135
0.25600 -2.4056638889921036
0.25700 -2.462682938284944
0.25800 -2.519453627210053
0.25900 -2.5759438906996133
0.26000 -2.6321211567735237
0.26100 -2.687952356478671
0.26200 -2.743403934486008
0.26300 -2.7984418603557515
0.26400 -2.8530316404805802
0.26500 -2.9071383307164576
0.26600 -2.9607265497103064
0.26700 -3.0137604929333905
0.26800 -3.066203947428838
0.26900 -3.1180203072813497
0.27000 -3.1691725898166574
0.27100 -3.2196234525378067
0.27200 -3.269335210804907
0.27300 -3.31826985626438
0.27400 -3.366389076033281
0.27500 -3.4136542726436208
0.27600 -3.460026584751073
0.27700 -3.5054669086118073
0.27800 -3.5499359203305554
0.27900 -3.5933940988823214
0.28000 -3.6358017499094917
0.28100 -3.6771190302953416
0.28200 -3.717305973514205
0.28300 -3.7563225157578035
0.28400 -3.7941285228364223
0.28500 -3.830683817852804
0.28600 -3.865948209645772
0.28700 -3.8998815219997374
0.28800 -3.932443623615328
0.28900 -3.963594458835453
0.29000 -3.993294079120161
0.29100 -4.021502675262719
0.29200 -4.048180610338252
0.29300 -4.0732884533753575
0.29400 -4.09678701373998
0.29500 -4.118637376219824
0.29600 -4.138800936796443
0.29700 -4.157239439091049
0.29800 -4.173915011468957
0.29900 -4.188790204786391