0.00000 0.0004188790204786136
0.00100 0.0008377580409564616
0.00200 0.0012566370614297158
0.00300 0.0016755160818884244
0.00400 0.002094395102313447
0.00500 0.002513274122673394
0.00600 0.002932153142921566
0.00700 0.0033510321629928873
0.00800 0.003769911182800847
0.00900 0.004188790202234434
0.01000 0.004607669221155077
0.01100 0.0050265482393935836
0.01200 0.005445427256747071
0.01300 0.00586430627297591
0.01400 0.006283185287800663
0.01500 0.006702064300899018
0.01600 0.007120943311902726
0.01700 0.0075398223203945415
0.01800 0.007958701325905163
0.01900 0.00837758032791016
0.02000 0.008796459325826922
0.02100 0.00921533831901159
0.02200 0.009634217306755998
0.02300 0.010053096288284602
0.02400 0.010471975262751435
0.02500 0.01089085422923702
0.02600 0.01130973318674533
0.02700 0.011728612134200716
0.02800 0.01214749107044485
0.02900 0.012566369994233642
0.03000 0.012985248904234215
0.03100 0.013404127799021807
0.03200 0.013823006677076727
0.03300 0.014241885536781292
0.03400 0.014660764376416762
0.03500 0.015079643194160264
0.03600 0.015498521988081763
0.03700 0.015917400756140964
0.03800 0.01633627949618428
0.03900 0.01675515820594174
0.04000 0.01717403688302394
0.04100 0.017592915524918998
0.04200 0.018011794128989466
0.04300 0.018430672692469275
0.04400 0.01884955121246068
0.04500 0.0192684296859312
0.04600 0.019687308109710533
0.04700 0.02010618648048751
0.04800 0.020525064794807053
0.04900 0.02094394304906706
0.05000 0.021362821239515398
0.05100 0.021781699362246817
0.05200 0.022200577413199862
0.05300 0.022619455388153877
0.05400 0.023038333282725865
0.05500 0.023457211092367473
0.05600 0.02387608881236194
0.05700 0.02429496643782097
0.05800 0.02471384396368177
0.05900 0.025132721384703877
0.06000 0.02555159869546619
0.06100 0.025970475890363852
0.06200 0.02638935296360519
0.06300 0.0268082299092087
0.06400 0.027227106720999913
0.06500 0.027645983392608396
0.06600 0.028064859917464657
0.06700 0.028483736288797093
0.06800 0.02890261249962891
0.06900 0.029321488542775095
0.07000 0.02974036441083933
0.07100 0.03015924009621092
0.07200 0.030578115591061758
0.07300 0.030996990887343253
0.07400 0.03141586597678324
0.07500 0.03183474085088298
0.07600 0.03225361550091404
0.07700 0.03267248991791522
0.07800 0.033091364092689576
0.07900 0.033510238015801275
0.08000 0.03392911167757256
0.08100 0.034347985068080684
0.08200 0.034766858177154886
0.08300 0.03518573099437324
0.08400 0.035604603509059696
0.08500 0.03602347571028095
0.08600 0.03644234758684341
0.08700 0.0368612191272901
0.08800 0.037280090319897666
0.08900 0.03769896115267324
0.09000 0.03811783161335142
0.09100 0.03853670168939119
0.09200 0.03895557136797288
0.09300 0.03937444063599507
0.09400 0.039793309480071565
0.09500 0.04021217788652831
0.09600 0.040631045841400336
0.09700 0.041049913330428664
0.09800 0.041468780339057314
0.09900 0.04188764685243019
0.10000 0.04230651285538803
0.10100 0.042725378332465334
0.10200 0.04314424326788734
0.10300 0.04356310764556691
0.10400 0.04398197144910148
0.10500 0.04440083466177006
0.10600 0.04481969726653011
0.10700 0.04523855924601444
0.10800 0.04565742058252825
0.10900 0.04607628125804601
0.11000 0.046495141254208415
0.11100 0.04691400055231927
0.11200 0.047332859133342536
0.11300 0.04775171697789914
0.11400 0.048170574066264044
0.11500 0.04858943037836305
0.11600 0.04900828589376986
0.11700 0.04942714059170294
0.11800 0.049845994451022474
0.11900 0.05026484745022729
0.12000 0.05068369956745187
0.12100 0.05110255078046318
0.12200 0.05152140106665769
0.12300 0.051940250403058275
0.12400 0.05235909876631116
0.12500 0.05277794613268286
0.12600 0.05319679247805714
0.12700 0.05361563777793193
0.12800 0.05403448200741622
0.12900 0.05445332514122713
0.13000 0.05487216715368669
0.13100 0.0552910080187189
0.13200 0.05570984770984659
0.13300 0.056128686200188425
0.13400 0.056547523462455784
0.13500 0.056966359468949734
0.13600 0.057385194191557964
0.13700 0.057804027601751705
0.13800 0.058222859670582716
0.13900 0.05864169036868016
0.14000 0.05906051966624758
0.14100 0.05947934753305984
0.14200 0.05989817393846006
0.14300 0.060316998851356544
0.14400 0.06073582224021971
0.14500 0.061154644073079086
0.14600 0.06157346431752019
0.14700 0.061992282940681494
0.14800 0.06241109990925134
0.14900 0.06282991518946489
0.15000 0.06324872874710112
0.15100 0.06366754054747971
0.15200 0.06408635055545792
0.15300 0.06450515873542767
0.15400 0.06492396505131234
0.15500 0.06534276946656385
0.15600 0.06576157194415949
0.15700 0.0661803724465989
0.15800 0.06659917093590095
0.15900 0.06701796737360086
0.16000 0.0674367617207469
0.16100 0.06785555393789751
0.16200 0.06827434398511813
0.16300 0.06869313182197825
0.16400 0.06911191740754824
0.16500 0.06953070070039634
0.16600 0.06994948165858561
0.16700 0.07036826023967087
0.16800 0.0707870364006956
0.16900 0.07120581009818892
0.17000 0.07162458128816258
0.17100 0.07204334992610774
0.17200 0.07246211596699208
0.17300 0.07288087936525664
0.17400 0.07329964007481284
0.17500 0.07371839804903932
0.17600 0.074137153240779
0.17700 0.07455590560233591
0.17800 0.0749746550854722
0.17900 0.07539340164140504
0.18000 0.07581214522080362
0.18100 0.07623088577378605
0.18200 0.07664962324991627
0.18300 0.07706835759820106
0.18400 0.07748708876708693
0.18500 0.07790581670445713
0.18600 0.0783245413576285
0.18700 0.07874326267334847
0.18800 0.07916198059779198
0.18900 0.07958069507655845
0.19000 0.07999940605466871
0.19100 0.0804181134765619
0.19200 0.08083681728609252
0.19300 0.08125551742652723
0.19400 0.08167421384054188
0.19500 0.08209290647021851
0.19600 0.08251159525704212
0.19700 0.08293028014189781
0.19800 0.08334896106506755
0.19900 0.08376763796622726
0.20000 0.08418631078444366
0.20100 0.08460497945817128
0.20200 0.08502364392524937
0.20300 0.08544230412289883
0.20400 0.0858609599877192
0.20500 0.08627961145568555
0.20600 0.08669825846214546
0.20700 0.087116900941816
0.20800 0.08753553882878054
0.20900 0.08795417205648588
0.21000 0.08837280055773909
0.21100 0.08879142426470436
0.21200 0.0892100431089002
0.21300 0.08962865702119614
0.21400 0.0900472659318098
0.21500 0.09046586977030383
0.21600 0.0908844684655828
0.21700 0.09130306194589023
0.21800 0.09172165013880543
0.21900 0.09214023297124052
0.22000 0.09255881036943742
0.22100 0.09297738225896462
0.22200 0.09339594856471435
0.22300 0.09381450921089939
0.22400 0.09423306412105004
0.22500 0.09465161321801104
0.22600 0.09507015642393864
0.22700 0.09548869366029739
0.22800 0.09590722484785716
0.22900 0.09632574990669014
0.23000 0.09674426875616773
0.23100 0.09716278131495738
0.23200 0.09758128750101984
0.23300 0.09799978723160577
0.23400 0.0984182804232529
0.23500 0.09883676699178291
0.23600 0.09925524685229843
0.23700 0.09967371991917989
0.23800 0.10009218610608252
0.23900 0.1005106453259334
0.24000 0.10092909749092822
0.24100 0.1013475425125284
0.24200 0.10176598030145795
0.24300 0.10218441076770039
0.24400 0.10260283382049586
0.24500 0.10302124936833784
0.24600 0.10343965731897035
0.24700 0.1038580575793847
0.24800 0.1042764500558165
0.24900 0.10469483465374273
0.25000 0.10511321127787851
0.25100 0.10553157983217415
0.25200 0.10594994021981215
0.25300 0.10636829234320398
0.25400 0.1067866361039873
0.25500 0.10720497140302263
0.25600 0.1076232981403905
0.25700 0.10804161621538833
0.25800 0.10845992552652738
0.25900 0.10887822597152974
0.26000 0.10929651744732527
0.26100 0.10971479985004852
0.26200 0.11013307307503575
0.26300 0.1105513370168218
0.26400 0.11096959156913716
0.26500 0.11138783662490484
0.26600 0.11180607207623737
0.26700 0.1122242978144337
0.26800 0.11264251372997616
0.26900 0.11306071971252761
0.27000 0.11347891565092806
0.27100 0.11389710143319194
0.27200 0.11431527694650485
0.27300 0.11473344207722067
0.27400 0.11515159671085835
0.27500 0.11556974073209908
0.27600 0.11598787402478301
0.27700 0.11640599647190646
0.27800 0.11682410795561869
0.27900 0.11724220835721894
0.28000 0.11766029755715333
0.28100 0.11807837543501201
0.28200 0.11849644186952582
0.28300 0.11891449673856354
0.28400 0.11933253991912866
0.28500 0.11975057128735639
0.28600 0.12016859071851071
0.28700 0.12058659808698124
0.28800 0.12100459326628021
0.28900 0.12142257612903953
0.29000 0.12184054654700756
0.29100 0.12225850439104623
0.29200 0.12267644953112795
0.29300 0.12309438183633264
0.29400 0.1235123011748446
0.29500 0.1239302074139495
0.29600 0.1243481004200314
0.29700 0.1247659800585697
0.29800 0.12518384619413606
0.29900 0.12560169869039142
0.30000 0.1260195374100829
0.30100 0.12643736221504095
0.30200 0.12685517296617602
0.30300 0.12727296952347583
0.30400 0.12769075174600214
0.30500 0.1281085194918878
0.30600 0.1285262726183338
0.30700 0.12894401098160596
0.30800 0.12936173443703225
0.30900 0.12977944283899967
0.31000 0.1301971360409509
0.31100 0.1306148138953818
0.31200 0.131032476253838
0.31300 0.13145012296691197
0.31400 0.1318677538842401
0.31500 0.13228536885449954
0.31600 0.1327029677254052
0.31700 0.13312055034370687
0.31800 0.13353811655518597
0.31900 0.13395566620465268
0.32000 0.1343731991359429
0.32100 0.13479071519191518
0.32200 0.1352082142144477
0.32300 0.13562569604443536
0.32400 0.1360431605217866
0.32500 0.13646060748542052
0.32600 0.1368780367732637
0.32700 0.13729544822224737
0.32800 0.13771284166830428
0.32900 0.13813021694636568
0.33000 0.13854757389035832
0.33100 0.13896491233320152
0.33200 0.13938223210680395
0.33300 0.13979953304206083
0.33400 0.1402168149688508
0.33500 0.140634077716033
0.33600 0.14105132111144383
0.33700 0.1414685449818942
0.33800 0.14188574915316648
0.33900 0.14230293345001124
0.34000 0.14272009769614463
0.34100 0.143137241714245
0.34200 0.1435543653259501
0.34300 0.14397146835185406
0.34400 0.14438855061150427
0.34500 0.14480561192339855
0.34600 0.14522265210498192
0.34700 0.1456396709726438
0.34800 0.1460566683417149
0.34900 0.1464736440264642
0.35000 0.14689059784009595
0.35100 0.14730752959474677
0.35200 0.1477244391014826
0.35300 0.14814132617029552
0.35400 0.148558190610101
0.35500 0.14897503222873476
0.35600 0.14939185083294984
0.35700 0.1498086462284135
0.35800 0.15022541821970434
0.35900 0.1506421666103092
0.36000 0.15105889120262028
0.36100 0.15147559179793196
0.36200 0.15189226819643803
0.36300 0.15230892019722855
0.36400 0.15272554759828674
0.36500 0.15314215019648642
0.36600 0.15355872778758842
0.36700 0.1539752801662381
0.36800 0.15439180712596204
0.36900 0.15480830845916532
0.37000 0.15522478395712813
0.37100 0.15564123341000327
0.37200 0.15605765660681273
0.37300 0.15647405333544492
0.37400 0.15689042338265177
0.37500 0.1573067665340455
0.37600 0.15772308257409579
0.37700 0.15813937128612676
0.37800 0.15855563245231397
0.37900 0.1589718658536816
0.38000 0.15938807127009907
0.38100 0.15980424848027858
0.38200 0.16022039726177165
0.38300 0.1606365173909664
0.38400 0.16105260864308468
0.38500 0.1614686707921788
0.38600 0.16188470361112867
0.38700 0.1623007068716389
0.38800 0.1627166803442357
0.38900 0.16313262379826418
0.39000 0.16354853700188493
0.39100 0.1639644197220714
0.39200 0.1643802717246068
0.39300 0.1647960927740811
0.39400 0.16521188263388836
0.39500 0.1656276410662231
0.39600 0.16604336783207807
0.39700 0.1664590626912408
0.39800 0.16687472540229087
0.39900 0.16729035572259682
0.40000 0.16770595340831326
0.40100 0.16812151821437782
0.40200 0.16853704989450832
0.40300 0.16895254820119973
0.40400 0.16936801288572118
0.40500 0.1697834436981131
0.40600 0.1701988403871841
0.40700 0.17061420270050817
0.40800 0.1710295303844217
0.40900 0.17144482318402054
0.41000 0.17186008084315688
0.41100 0.17227530310443642
0.41200 0.17269048970921552
0.41300 0.17310564039759813
0.41400 0.1735207549084328
0.41500 0.17393583297930987
0.41600 0.17435087434655827
0.41700 0.174765878745243
0.41800 0.1751808459091617
0.41900 0.1755957755708422
0.42000 0.17601066746153904
0.42100 0.17642552131123104
0.42200 0.17684033684861794
0.42300 0.17725511380111772
0.42400 0.1776698518948637
0.42500 0.17808455085470135
0.42600 0.1784992104041855
0.42700 0.17891383026557756
0.42800 0.17932841015984216
0.42900 0.17974294980664482
0.43000 0.18015744892434843
0.43100 0.1805719072300107
0.43200 0.1809863244393811
0.43300 0.1814007002668979
0.43400 0.18181503442568536
0.43500 0.18222932662755068
0.43600 0.18264357658298117
0.43700 0.1830577840011413
0.43800 0.18347194858986965
0.43900 0.18388607005567636
0.44000 0.1843001481037397
0.44100 0.18471418243790358
0.44200 0.18512817276067436
0.44300 0.18554211877321822
0.44400 0.18595602017535798
0.44500 0.18636987666557017
0.44600 0.18678368794098243
0.44700 0.1871974536973703
0.44800 0.18761117362915444
0.44900 0.18802484742939773
0.45000 0.18843847478980233
0.45100 0.1888520554007068
0.45200 0.18926558895108309
0.45300 0.1896790751285339
0.45400 0.19009251361928955
0.45500 0.19050590410820512
0.45600 0.19091924627875761
0.45700 0.19133253981304296
0.45800 0.1917457843917734
0.45900 0.1921589796942742
0.46000 0.192572125398481
0.46100 0.192985221180937
0.46200 0.19339826671678978
0.46300 0.1938112616797887
0.46400 0.1942242057422819
0.46500 0.19463709857521344
0.46600 0.1950499398481203
0.46700 0.19546272922912966
0.46800 0.1958754663849561
0.46900 0.19628815098089838
0.47000 0.19670078268083696
0.47100 0.19711336114723085
0.47200 0.19752588604111485
0.47300 0.19793835702209664
0.47400 0.19835077374835405
0.47500 0.19876313587663197
0.47600 0.19917544306223964
0.47700 0.19958769495904774
0.47800 0.19999989121948558
0.47900 0.2004120314945381
0.48000 0.2008241154337433
0.48100 0.20123614268518894
0.48200 0.2016481128955101
0.48300 0.20206002570988618
0.48400 0.20247188077203795
0.48500 0.20288367772422491
0.48600 0.20329541620724217
0.48700 0.20370709586041785
0.48800 0.20411871632161016
0.48900 0.20453027722720454
0.49000 0.2049417782121107
0.49100 0.2053532189097601
0.49200 0.20576459895210275
0.49300 0.20617591796960463
0.49400 0.2065871755912448
0.49500 0.2069983714445124
0.49600 0.20740950515540418
0.49700 0.20782057634842122
0.49800 0.20823158464656652
0.49900 0.20864252967134198
0.50000 0.20905341104274544
0.50100 0.20946422837926823
0.50200 0.20987498129789195
0.50300 0.21028566941408602
0.50400 0.21069629234180456
0.50500 0.21110684969348376
0.50600 0.21151734108003908
0.50700 0.2119277661108622
0.50800 0.21233812439381866
0.50900 0.21274841553524465
0.51000 0.21315863913994434
0.51100 0.21356879481118704
0.51200 0.21397888215070465
0.51300 0.2143889007586886
0.51400 0.214798850233787
0.51500 0.2152087301731021
0.51600 0.2156185401721874
0.51700 0.21602827982504486
0.51800 0.21643794872412195
0.51900 0.21684754646030924
0.52000 0.21725707262293711
0.52100 0.21766652679977352
0.52200 0.21807590857702094
0.52300 0.21848521753931355
0.52400 0.21889445326971446
0.52500 0.21930361534971313
0.52600 0.21971270335922247
0.52700 0.22012171687657606
0.52800 0.22053065547852546
0.52900 0.2209395187402373
0.53000 0.22134830623529073
0.53100 0.2217570175356746
0.53200 0.22216565221178455
0.53300 0.22257420983242046
0.53400 0.22298268996478368
0.53500 0.22339109217447412
0.53600 0.22379941602548756
0.53700 0.22420766108021314
0.53800 0.2246158268994304
0.53900 0.22502391304230648
0.54000 0.2254319190663936
0.54100 0.22583984452762607
0.54200 0.22624768898031797
0.54300 0.22665545197715994
0.54400 0.22706313306921677
0.54500 0.22747073180592456
0.54600 0.2278782477350881
0.54700 0.22828568040287803
0.54800 0.22869302935382815
0.54900 0.22910029413083274
0.55000 0.2295074742751439
0.55100 0.22991456932636886
0.55200 0.23032157882246704
0.55300 0.23072850229974762
0.55400 0.23113533929286673
0.55500 0.2315420893348247
0.55600 0.23194875195696354
0.55700 0.23235532668896405
0.55800 0.2327618130588433
0.55900 0.23316821059295173
0.56000 0.2335745188159707
0.56100 0.23398073725090973
0.56200 0.23438686541910383
0.56300 0.2347929028402106
0.56400 0.23519884903220808
0.56500 0.2356047035113914
0.56600 0.23601046579237078
0.56700 0.23641613538806844
0.56800 0.23682171180971598
0.56900 0.23722719456685193
0.57000 0.23763258316731892
0.57100 0.23803787711726107
0.57200 0.23844307592112132
0.57300 0.23884817908163888
0.57400 0.23925318609984644
0.57500 0.23965809647506764
0.57600 0.24006290970491442
0.57700 0.24046762528528434
0.57800 0.24087224271035806
0.57900 0.24127676147259638
0.58000 0.24168118106273814
0.58100 0.24208550096979714
0.58200 0.24248972068105976
0.58300 0.24289383968208228
0.58400 0.24329785745668828
0.58500 0.24370177348696595
0.58600 0.2441055872532656
0.58700 0.24450929823419698
0.58800 0.24491290590662676
0.58900 0.24531640974567587
0.59000 0.24571980922471684
0.59100 0.24612310381537125
0.59200 0.24652629298750733
0.59300 0.2469293762092371
0.59400 0.24733235294691389
0.59500 0.2477352226651299
0.59600 0.24813798482671334
0.59700 0.24854063889272604
0.59800 0.24894318432246101
0.59900 0.24934562057343962
0.60000 0.2497479471014091
0.60100 0.25015016336034
0.60200 0.2505522688024239
0.60300 0.25095426287807027
0.60400 0.2513561450359045
0.60500 0.25175791472276504
0.60600 0.2521595713837009
0.60700 0.2525611144619692
0.60800 0.25296254339903274
0.60900 0.25336385763455693
0.61000 0.253765056606408
0.61100 0.2541661397506499
0.61200 0.25456710650154213
0.61300 0.254967956291537
0.61400 0.2553686885512773
0.61500 0.2557693027095936
0.61600 0.2561697981935019
0.61700 0.256570174428201
0.61800 0.25697043083707016
0.61900 0.2573705668416665
0.62000 0.2577705818617223
0.62100 0.258170475315143
0.62200 0.25857024661800443
0.62300 0.25896989518455016
0.62400 0.2593694204271893
0.62500 0.25976882175649396
0.62600 0.2601680985811967
0.62700 0.26056725030818817
0.62800 0.2609662763425145
0.62900 0.261365176087375
0.63000 0.2617639489441196
0.63100 0.26216259431224637
0.63200 0.2625611115893995
0.63300 0.2629595001713659
0.63400 0.2633577594520739
0.63500 0.26375588882358986
0.63600 0.26415388767611653
0.63700 0.2645517553979899
0.63800 0.26494949137567725
0.63900 0.26534709499377473
0.64000 0.26574456563500454
0.64100 0.26614190268021304
0.64200 0.26653910550836796
0.64300 0.2669361734965562
0.64400 0.26733310601998117
0.64500 0.2677299024519609
0.64600 0.26812656216392505
0.64700 0.26852308452541307
0.64800 0.26891946890407126
0.64900 0.26931571466565085
0.65000 0.2697118211740055
0.65100 0.2701077877910888
0.65200 0.27050361387695204
0.65300 0.2708992987897418
0.65400 0.27129484188569747
0.65500 0.2716902425191493
0.65600 0.27208550004251547
0.65700 0.2724806138063003
0.65800 0.2728755831590914
0.65900 0.2732704074475579
0.66000 0.27366508601644746
0.66100 0.27405961820858454
0.66200 0.2744540033648679
0.66300 0.27484824082426795
0.66400 0.27524232992382486
0.66500 0.2756362699986461
0.66600 0.276030060381904
0.66700 0.27642370040483377
0.66800 0.27681718939673083
0.66900 0.2772105266849487
0.67000 0.27760371159489705
0.67100 0.27799674345003855
0.67200 0.27838962157188757
0.67300 0.2787823452800071
0.67400 0.2791749138920071
0.67500 0.27956732672354206
0.67600 0.2799595830883083
0.67700 0.2803516822980424
0.67800 0.2807436236625185
0.67900 0.2811354064895461
0.68000 0.28152703008496827
0.68100 0.2819184937526585
0.68200 0.2823097967945195
0.68300 0.2827009385104802
0.68400 0.283091918198494
0.68500 0.28348273515453637
0.68600 0.28387338867260253
0.68700 0.2842638780447055
0.68800 0.28465420256087365
0.68900 0.2850443615091487
0.69000 0.28543435417558344
0.69100 0.28582417984423963
0.69200 0.2862138377971856
0.69300 0.2866033273144943
0.69400 0.286992647674241
0.69500 0.28738179815250126
0.69600 0.2877707780233487
0.69700 0.2881595865588527
0.69800 0.2885482230290765
0.69900 0.28893668670207495
0.70000 0.2893249768438923
0.70100 0.28971309271856016
0.70200 0.29010103358809525
0.70300 0.2904887987124974
0.70400 0.29087638734974763
0.70500 0.2912637987558055
0.70600 0.29165103218460736
0.70700 0.29203808688806443
0.70800 0.29242496211606017
0.70900 0.29281165711644863
0.71000 0.2931981711350523
0.71100 0.2935845034156598
0.71200 0.29397065320002397
0.71300 0.29435661972786
0.71400 0.2947424022368429
0.71500 0.2951279999626059
0.71600 0.295513412138738
0.71700 0.29589863799678234
0.71800 0.29628367676623374
0.71900 0.296668527674537
0.72000 0.2970531899470847
0.72100 0.29743766280721506
0.72200 0.29782194547621055
0.72300 0.29820603717329464
0.72400 0.29858993711563125
0.72500 0.2989736445183217
0.72600 0.29935715859440315
0.72700 0.2997404785548466
0.72800 0.3001236036085546
0.72900 0.30050653296235974
0.73000 0.30088926582102243
0.73100 0.3012718013872288
0.73200 0.3016541388615891
0.73300 0.3020362774426353
0.73400 0.3024182163268194
0.73500 0.30279995470851184
0.73600 0.3031814917799987
0.73700 0.3035628267314805
0.73800 0.3039439587510701
0.73900 0.3043248870247905
0.74000 0.30470561073657343
0.74100 0.30508612906825683
0.74200 0.30546644119958355
0.74300 0.30584654630819913
0.74400 0.3062264435696499
0.74500 0.30660613215738125
0.74600 0.30698561124273566
0.74700 0.3073648799949508
0.74800 0.30774393758115787
0.74900 0.30812278316637937
0.75000 0.30850141591352775
0.75100 0.308879834983403
0.75200 0.30925803953469133
0.75300 0.3096360287239632
0.75400 0.31001380170567094
0.75500 0.31039135763214803
0.75600 0.31076869565360626
0.75700 0.31114581491813453
0.75800 0.3115227145716968
0.75900 0.31189939375813025
0.76000 0.31227585161914395
0.76100 0.3126520872943163
0.76200 0.313028099921094
0.76300 0.31340388863479
0.76400 0.3137794525685815
0.76500 0.31415479085350856
0.76600 0.3145299026184724
0.76700 0.31490478699023333
0.76800 0.31527944309340916
0.76900 0.31565387005047346
0.77000 0.3160280669817542
0.77100 0.31640203300543124
0.77200 0.3167757672375354
0.77300 0.3171492687919468
0.77400 0.31752253678039216
0.77500 0.31789557031244436
0.77600 0.3182683684955199
0.77700 0.31864093043487784
0.77800 0.31901325523361773
0.77900 0.31938534199267793
0.78000 0.3197571898108343
0.78100 0.32012879778469827
0.78200 0.3205001650087155
0.78300 0.32087129057516395
0.78400 0.32124217357415225
0.78500 0.32161281309361867
0.78600 0.3219832082193284
0.78700 0.32235335803487336
0.78800 0.3227232616216694
0.78900 0.3230929180589554
0.79000 0.32346232642379147
0.79100 0.32383148579105736
0.79200 0.3242003952334511
0.79300 0.32456905382148726
0.79400 0.32493746062349543
0.79500 0.3253056147056186
0.79600 0.32567351513181214
0.79700 0.3260411609638415
0.79800 0.32640855126128127
0.79900 0.32677568508151333
0.80000 0.3271425614797258
0.80100 0.32750917950891123
0.80200 0.32787553821986476
0.80300 0.32824163666118356
0.80400 0.32860747387926453
0.80500 0.32897304891830337
0.80600 0.3293383608202928
0.80700 0.32970340862502123
0.80800 0.33006819137007143
0.80900 0.33043270809081887
0.81000 0.33079695782043067
0.81100 0.3311609395898639
0.81200 0.33152465242786405
0.81300 0.3318880953609641
0.81400 0.3322512674134826
0.81500 0.33261416760752277
0.81600 0.33297679496297095
0.81700 0.3333391484974949
0.81800 0.33370122722654316
0.81900 0.334063030163343
0.82000 0.33442455631889956
0.82100 0.3347858047019942
0.82200 0.33514677431918344
0.82300 0.3355074641747975
0.82400 0.33586787327093903
0.82500 0.3362280006074818
0.82600 0.33658784518206947
0.82700 0.33694740599011425
0.82800 0.3373066820247957
0.82900 0.33766567227705924
0.83000 0.33802437573561533
0.83100 0.3383827913869379
0.83200 0.338740918215263
0.83300 0.33909875520258814
0.83400 0.3394563013286702
0.83500 0.3398135555710253
0.83600 0.3401705169049265
0.83700 0.3405271843034034
0.83800 0.3408835567372407
0.83900 0.34123963317497685
0.84000 0.3415954125829032
0.84100 0.3419508939250625
0.84200 0.34230607616324826
0.84300 0.34266095825700293
0.84400 0.3430155391636173
0.84500 0.34336981783812937
0.84600 0.34372379323332264
0.84700 0.34407746429972597
0.84800 0.34443082998561175
0.84900 0.34478388923699477
0.85000 0.3451366409976319
0.85100 0.3454890842090201
0.85200 0.3458412178103961
0.85300 0.3461930407387348
0.85400 0.3465445519287487
0.85500 0.34689575031288655
0.85600 0.34724663482133233
0.85700 0.3475972043820045
0.85800 0.3479474579205548
0.85900 0.3482973943603672
0.86000 0.34864701262255726
0.86100 0.3489963116259705
0.86200 0.34934529028718236
0.86300 0.3496939475204963
0.86400 0.3500422822379436
0.86500 0.3503902933492819
0.86600 0.3507379797619946
0.86700 0.3510853403812899
0.86800 0.3514323741100998
0.86900 0.351779079849079
0.87000 0.3521254564966048
0.87100 0.3524715029487751
0.87200 0.3528172180994084
0.87300 0.35316260084004275
0.87400 0.3535076500599347
0.87500 0.3538523646460583
0.87600 0.35419674348310504
0.87700 0.3545407854534822
0.87800 0.35488448943731266
0.87900 0.35522785431243353
0.88000 0.35557087895439593
0.88100 0.35591356223646364
0.88200 0.35625590302961296
0.88300 0.3565979002025316
0.88400 0.35693955262161775
0.88500 0.3572808591509798
0.88600 0.3576218186524352
0.88700 0.3579624299855101
0.88800 0.35830269200743825
0.88900 0.3586426035731608
0.89000 0.3589821635353252
0.89100 0.35932137074428466
0.89200 0.35966022404809755
0.89300 0.3599987222925266
0.89400 0.3603368643210386
0.89500 0.36067464897480317
0.89600 0.3610120750926929
0.89700 0.36134914151128206
0.89800 0.36168584706484624
0.89900 0.362022190585362
0.90000 0.362358170902506
0.90100 0.3626937868436546
0.90200 0.363029037233883
0.90300 0.3633639208959653
0.90400 0.36369843665037316
0.90500 0.364032583315276
0.90600 0.36436635970654024
0.90700 0.36469976463772846
0.90800 0.36503279692009954
0.90900 0.36536545536260756
0.91000 0.3656977387719018
0.91100 0.3660296459523261
0.91200 0.3663611757059182
0.91300 0.3666923268324099
0.91400 0.36702309812922573
0.91500 0.3673534883914837
0.91600 0.36768349641199366
0.91700 0.36801312098125794
0.91800 0.36834236088747035
0.91900 0.36867121491651594
0.92000 0.3689996818519709
0.92100 0.3693277604751021
0.92200 0.3696554495648662
0.92300 0.3699827478979104
0.92400 0.3703096542485712
0.92500 0.3706361673888744
0.92600 0.37096228608853526
0.92700 0.3712880091149573
0.92800 0.37161333523323303
0.92900 0.37193826320614287
0.93000 0.3722627917941554
0.93100 0.3725869197554273
0.93200 0.37291064584580225
0.93300 0.37323396881881177
0.93400 0.3735568874256744
0.93500 0.3738794004152957
0.93600 0.37420150653426826
0.93700 0.37452320452687105
0.93800 0.37484449313506973
0.93900 0.37516537109851644
0.94000 0.3754858371545495
0.94100 0.3758058900381935
0.94200 0.3761255284821589
0.94300 0.3764447512168426
0.94400 0.3767635569703272
0.94500 0.3770819444683809
0.94600 0.37739991243445814
0.94700 0.37771745958969893
0.94800 0.37803458465292916
0.94900 0.37835128634066045
0.95000 0.3786675633670902
0.95100 0.3789834144441015
0.95200 0.3792988382812633
0.95300 0.3796138335858305
0.95400 0.379928399062744
0.95500 0.38024253341463016
0.95600 0.380556235341802
0.95700 0.3808695035422581
0.95800 0.38118233671168394
0.95900 0.3814947335434508
0.96000 0.3818066927286169
0.96100 0.3821182129559265
0.96200 0.3824292929118114
0.96300 0.38273993128038974
0.96400 0.383050126743467
0.96500 0.3833598779805363
0.96600 0.3836691836687777
0.96700 0.38397804248305967
0.96800 0.38428645309593806
0.96900 0.3845944141776575
0.97000 0.38490192439615073
0.97100 0.3852089824170396
0.97200 0.38551558690363474
0.97300 0.3858217365169363
0.97400 0.3861274299156339
0.97500 0.3864326657561075
0.97600 0.3867374426924273
0.97700 0.387041759376354
0.97800 0.3873456144573395
0.97900 0.3876490065825271
0.98000 0.387951934396752
0.98100 0.3882543965425417
0.98200 0.38855639166011624
0.98300 0.38885791838738887
0.98400 0.3891589753599661
0.98500 0.38945956121114894
0.98600 0.3897596745719326
0.98700 0.39005931407100725
0.98800 0.3903584783347587
0.98900 0.39065716598726846
0.99000 0.390955375650315
0.99100 0.39125310594337354
0.99200 0.391550355483617
0.99300 0.3918471228859168
0.99400 0.39214340676284254
0.99500 0.39243920572466384
0.99600 0.39273451837935025
0.99700 0.3930293433325715
0.99800 0.3933236791876993
0.99900 0.3936175245458065
1.00000 0.3939108780056694
1.00100 0.3942037381637672
1.00200 0.3944961036142829
1.00300 0.3947879729491048
1.00400 0.39507934475782625
1.00500 0.3953702176277467
1.00600 0.3956605901438731
1.00700 0.3959504608889196
1.00800 0.39623982844330935
1.00900 0.3965286913851744
1.01000 0.3968170482903571
1.01100 0.3971048977324109
1.01200 0.3973922382826011
1.01300 0.3976790685099056
1.01400 0.3979653869810158
1.01500 0.3982511922603376
1.01600 0.39853648290999255
1.01700 0.3988212574898182
1.01800 0.39910551455736937
1.01900 0.3993892526679192
1.02000 0.3996724703744598
1.02100 0.3999551662277036
1.02200 0.40023733877608414
1.02300 0.4005189865657569
1.02400 0.40080010814060074
1.02500 0.40108070204221885
1.02600 0.4013607668099394
1.02700 0.4016403009808172
1.02800 0.4019193030896342
1.02900 0.4021977716689012
1.03000 0.4024757052488585
1.03100 0.40275310235747724
1.03200 0.4030299615204604
1.03300 0.40330628126124446
1.03400 0.40358206010099973
1.03500 0.4038572965586324
1.03600 0.4041319891507851
1.03700 0.40440613639183876
1.03800 0.40467973679391306
1.03900 0.4049527888668684
1.04000 0.4052252911183069
1.04100 0.4054972420535738
1.04200 0.4057686401757584
1.04300 0.406039483985696
1.04400 0.40630977198196855
1.04500 0.4065795026609067
1.04600 0.4068486745165906
1.04700 0.40711728604085173
1.04800 0.4073853357232738
1.04900 0.40765282205119485
1.05000 0.4079197435097079
1.05100 0.40818609858166327
1.05200 0.40845188574766916
1.05300 0.40871710348609386
1.05400 0.4089817502730668
1.05500 0.40924582458248054
1.05600 0.40950932488599145
1.05700 0.40977224965302256
1.05800 0.4100345973507637
1.05900 0.4102963664441742
1.06000 0.41055755539598376
1.06100 0.4108181626666948
1.06200 0.4110781867145831
1.06300 0.4113376259957008
1.06400 0.4115964789638764
1.06500 0.41185474407071815
1.06600 0.41211241976561436
1.06700 0.4123695044957361
1.06800 0.41262599670603833
1.06900 0.41288189483926196
1.07000 0.41313719733593546
1.07100 0.41339190263437703
1.07200 0.4136460091706956
1.07300 0.41389951537879355
1.07400 0.4141524196903681
1.07500 0.41440472053491295
1.07600 0.41465641633972067
1.07700 0.4149075055298845
1.07800 0.4151579865282998
1.07900 0.4154078577556664
1.08000 0.4156571176304904
1.08100 0.41590576456908657
1.08200 0.4161537969855791
1.08300 0.41640121329190527
1.08400 0.4166480118978161
1.08500 0.41689419121087906
1.08600 0.41713974963648015
1.08700 0.41738468557782543
1.08800 0.4176289974359436
1.08900 0.4178726836096883
1.09000 0.41811574249573924
1.09100 0.41835817248860563
1.09200 0.4185999719806273
1.09300 0.4188411393619775
1.09400 0.41908167302066474
1.09500 0.41932157134253517
1.09600 0.4195608327112749
1.09700 0.4197994555084121
1.09800 0.4200374381133189
1.09900 0.42027477890321463
1.10000 0.4205114762531673
1.10100 0.42074752853609615
1.10200 0.4209829341227742
1.10300 0.4212176913818302
1.10400 0.4214517986797513
1.10500 0.4216852543808856
1.10600 0.4219180568474441
1.10700 0.4221502044395034
1.10800 0.42238169551500826
1.10900 0.422612528429774
1.11000 0.4228427015374885
1.11100 0.42307221318971566
1.11200 0.42330106173589716
1.11300 0.4235292455233554
1.11400 0.4237567628972956
1.11500 0.4239836122008089
1.11600 0.4242097917748747
1.11700 0.4244352999583637
1.11800 0.42466013508803935
1.11900 0.4248842954985624
1.12000 0.42510777952249146
1.12100 0.42533058549028746
1.12200 0.4255527117303155
1.12300 0.4257741565688478
1.12400 0.425994918330066
1.12500 0.4262149953360647
1.12600 0.42643438590685384
1.12700 0.4266530883603617
1.12800 0.426871101012437
1.12900 0.4270884221768533
1.13000 0.42730505016530995
1.13100 0.42752098328743654
1.13200 0.42773621985079513
1.13300 0.42795075816088307
1.13400 0.42816459652113625
1.13500 0.42837773323293205
1.13600 0.42859016659559224
1.13700 0.4288018949063858
1.13800 0.42901291646053225
1.13900 0.429223229551205
1.14000 0.42943283246953323
1.14100 0.42964172350460644
1.14200 0.4298499009434764
1.14300 0.4300573630711614
1.14400 0.43026410817064786
1.14500 0.43047013452289523
1.14600 0.4306754404068379
1.14700 0.43088002409938914
1.14800 0.43108388387544366
1.14900 0.43128701800788166
1.15000 0.4314894247675715
1.15100 0.43169110242337316
1.15200 0.43189204924214175
1.15300 0.4320922634887306
1.15400 0.4322917434259945
1.15500 0.4324904873147935
1.15600 0.432688493413996
1.15700 0.4328857599804822
1.15800 0.4330822852691475
1.15900 0.43327806753290626
1.16000 0.4334731050226947
1.16100 0.433667395987475
1.16200 0.4338609386742385
1.16300 0.4340537313280093
1.16400 0.4342457721918477
1.16500 0.434437059506854
1.16600 0.43462759151217206
1.16700 0.43481736644499275
1.16800 0.4350063825405579
1.16900 0.4351946380321635
1.17000 0.435382131151164
1.17100 0.4355688601269754
1.17200 0.43575482318707925
1.17300 0.43594001855702685
1.17400 0.43612444446044196
1.17500 0.43630809911902585
1.17600 0.4364909807525601
1.17700 0.43667308757891093
1.17800 0.436854417814033
1.17900 0.4370349696719731
1.18000 0.43721474136487454
1.18100 0.4373937311029804
1.18200 0.43757193709463793
1.18300 0.43774935754630245
1.18400 0.43792599066254134
1.18500 0.4381018346460377
1.18600 0.43827688769759504
1.18700 0.438451148016141
1.18800 0.4386246137987309
1.18900 0.438797283240553
1.19000 0.43896915453493157
1.19100 0.43914022587333157
1.19200 0.4393104954453625
1.19300 0.43947996143878304
1.19400 0.43964862203950494
1.19500 0.4398164754315969
1.19600 0.4399835197972899
1.19700 0.4401497533169802
1.19800 0.4403151741692345
1.19900 0.4404797805307941
1.20000 0.4406435705765788
1.20100 0.44080654247969214
1.20200 0.4409686944114246
1.20300 0.44113002454125927
1.20400 0.4412905310368753
1.20500 0.4414502120641529
1.20600 0.4416090657871776
1.20700 0.4417670903682451
1.20800 0.44192428396786504
1.20900 0.4420806447447664
1.21000 0.4422361708559014
1.21100 0.44239086045645065
1.21200 0.44254471169982734
1.21300 0.44269772273768215
1.21400 0.44284989171990774
1.21500 0.44300121679464344
1.21600 0.4431516961082803
1.21700 0.4433013278054651
1.21800 0.44345011002910606
1.21900 0.44359804092037664
1.22000 0.44374511861872123
1.22100 0.4438913412618592
1.22200 0.4440367069857904
1.22300 0.4441812139247995
1.22400 0.4443248602114614
1.22500 0.44446764397664573
1.22600 0.4446095633495219
1.22700 0.44475061645756403
1.22800 0.44489080142655635
1.22900 0.44503011638059775
1.23000 0.44516855944210665
1.23100 0.44530612873182684
1.23200 0.4454428223688318
1.23300 0.44557863847053
1.23400 0.4457135751526706
1.23500 0.4458476305293478
1.23600 0.4459808027130062
1.23700 0.4461130898144467
1.23800 0.4462444899428308
1.23900 0.446375001205686
1.24000 0.44650462170891225
1.24100 0.44663334955678546
1.24200 0.44676118285196403
1.24300 0.4468881196954938
1.24400 0.4470141581868137
1.24500 0.44713929642376077
1.24600 0.4472635325025757
1.24700 0.4473868645179085
1.24800 0.4475092905628238
1.24900 0.44763080872880606
1.25000 0.4477514171057659
1.25100 0.4478711137820446
1.25200 0.4479898968444207
1.25300 0.44810776437811467
1.25400 0.4482247144667954
1.25500 0.44834074519258504
1.25600 0.44845585463606524
1.25700 0.4485700408762824
1.25800 0.44868330199075407
1.25900 0.4487956360554737
1.26000 0.4489070411449174
1.26100 0.4490175153320493
1.26200 0.44912705668832714
1.26300 0.44923566328370834
1.26400 0.44934333318665604
1.26500 0.4494500644641448
1.26600 0.4495558551816665
1.26700 0.4496607034032362
1.26800 0.4497646071913988
1.26900 0.4498675646072337
1.27000 0.4499695737103622
1.27100 0.4500706325589526
1.27200 0.4501707392097268
1.27300 0.45026989171796616
1.27400 0.4503680881375178
1.27500 0.4504653265208006
1.27600 0.4505616049188112
1.27700 0.4506569213811306
1.27800 0.4507512739559301
1.27900 0.45084466068997786
1.28000 0.45093707962864465
1.28100 0.45102852881591066
1.28200 0.4511190062943718
1.28300 0.4512085101052454
1.28400 0.45129703828837736
1.28500 0.4513845888822486
1.28600 0.45147115992398057
1.28700 0.4515567494493426
1.28800 0.45164135549275836
1.28900 0.45172497608731144
1.29000 0.4518076092647532
1.29100 0.4518892530555085
1.29200 0.4519699054886824
1.29300 0.4520495645920666
1.29400 0.4521282283921469
1.29500 0.4522058949141088
1.29600 0.452282562181845
1.29700 0.4523582282179617
1.29800 0.4524328910437855
1.29900 0.45250654867937007
1.30000 0.4525791991435032
1.30100 0.45265084045371323
1.30200 0.4527214706262763
1.30300 0.452791087676223
1.30400 0.4528596896173453
1.30500 0.4529272744622034
1.30600 0.45299384022213307
1.30700 0.4530593849072522
1.30800 0.4531239065264682
1.30900 0.45318740308748456
1.31000 0.4532498725968082
1.31100 0.45331131305975686
1.31200 0.4533717224804657
1.31300 0.45343109886189464
1.31400 0.45348944020583565
1.31500 0.45354674451291976
1.31600 0.45360300978262463
1.31700 0.4536582340132815
1.31800 0.45371241520208216
1.31900 0.45376555134508745
1.32000 0.45381764043723294
1.32100 0.45386868047233786
1.32200 0.4539186694431115
1.32300 0.4539676053411609
1.32400 0.45401548615699827
1.32500 0.4540623098800488
1.32600 0.45410807449865775
1.32700 0.4541527780000982
1.32800 0.4541964183705782
1.32900 0.4542389935952493
1.33000 0.45428050165821293
1.33100 0.4543209405425291
1.33200 0.45436030823022366
1.33300 0.4543986027022956
1.33400 0.45443582193872545
1.33500 0.45447196391848266
1.33600 0.4545070266195337
1.33700 0.4545410080188492
1.33800 0.45457390609241244
1.33900 0.4546057188152273
1.34000 0.4546364441613254
1.34100 0.45466608010377463
1.34200 0.454694624614687
1.34300 0.45472207566522654
1.34400 0.4547484312256174
1.34500 0.4547736892651516
1.34600 0.4547978477521976
1.34700 0.4548209046542079
1.34800 0.4548428579377274
1.34900 0.45486370556840156
1.35000 0.45488344551098464
1.35100 0.4549020757293475
1.35200 0.4549195941864863
1.35300 0.45493599884453073
1.35400 0.45495128766475174
1.35500 0.45496545860757087
1.35600 0.4549785096325673
1.35700 0.45499043869848765
1.35800 0.4550012437632532
1.35900 0.4550109227839689
1.36000 0.45501947371693185
1.36100 0.45502689451763934
1.36200 0.4550331831407982
1.36300 0.45503833754033246
1.36400 0.4550423556693924
1.36500 0.455045235480363
1.36600 0.45504697492487284
1.36700 0.4550475719538026
1.36800 0.4550470245172933
1.36900 0.4550453305647558
1.37000 0.4550424880448794
1.37100 0.45503849490564
1.37200 0.45503334909430937
1.37300 0.45502704855746423
1.37400 0.4550195912409947
1.37500 0.4550109750901131
1.37600 0.4550011980493636
1.37700 0.4549902580626304
1.37800 0.4549781530731468
1.37900 0.4549648810235049
1.38000 0.45495043985566375
1.38100 0.4549348275109591
1.38200 0.4549180419301122
1.38300 0.4549000810532388
1.38400 0.45488094281985875
1.38500 0.4548606251689048
1.38600 0.45483912603873194
1.38700 0.4548164433671266
1.38800 0.45479257509131626
1.38900 0.45476751914797825
1.39000 0.45474127347324944
1.39100 0.45471383600273546
1.39200 0.45468520467152024
1.39300 0.45465537741417517
1.39400 0.454624352164769
1.39500 0.4545921268568768
1.39600 0.45455869942358995
1.39700 0.45452406779752547
1.39800 0.45448822991083554
1.39900 0.45445118369521714
1.40000 0.4544129270819219
1.40100 0.45437345800176554
1.40200 0.45433277438513753
1.40300 0.4542908741620111
1.40400 0.4542477552619527
1.40500 0.454203415614132
1.40600 0.4541578531473317
1.40700 0.454111065789957
1.40800 0.4540630514700462
1.40900 0.45401380811527997
1.41000 0.45396333365299146
1.41100 0.45391162601017654
1.41200 0.4538586831135035
1.41300 0.45380450288932306
1.41400 0.45374908326367874
1.41500 0.4536924221623169
1.41600 0.4536345175106963
1.41700 0.453575367233999
1.41800 0.45351496925714013
1.41900 0.4534533215047784
1.42000 0.45339042190132595
1.42100 0.45332626837095885
1.42200 0.4532608588376274
1.42300 0.4531941912250666
1.42400 0.4531262634568063
1.42500 0.45305707345618157
1.42600 0.45298661914634325
1.42700 0.4529148984502688
1.42800 0.4528419092907719
1.42900 0.4527676495905137
1.43000 0.4526921172720131
1.43100 0.4526153102576573
1.43200 0.4525372264697127
1.43300 0.45245786383033537
1.43400 0.4523772202615814
1.43500 0.45229529368541815
1.43600 0.45221208202373453
1.43700 0.4521275831983524
1.43800 0.45204179513103676
1.43900 0.4519547157435063
1.44000 0.45186634295744577
1.44100 0.451776674694515
1.44200 0.45168570887636095
1.44300 0.4515934434246286
1.44400 0.45149987626097166
1.44500 0.4514050053070634
1.44600 0.45130882848460824
1.44700 0.45121134371535276
1.44800 0.45111254892109603
1.44900 0.4510124420237021
1.45000 0.45091102094510993
1.45100 0.4508082836073451
1.45200 0.45070422793253123
1.45300 0.4505988518429012
1.45400 0.45049215326080805
1.45500 0.4503841301087368
1.45600 0.45027478030931517
1.45700 0.45016410178532623
1.45800 0.45005209245971817
1.45900 0.44993875025561725
1.46000 0.4498240730963384
1.46100 0.4497080589053968
1.46200 0.44959070560651976
1.46300 0.4494720111236585
1.46400 0.44935197338099914
1.46500 0.4492305903029746
1.46600 0.44910785981427637
1.46700 0.44898377983986665
1.46800 0.4488583483049889
1.46900 0.4487315631351808
1.47000 0.44860342225628597
1.47100 0.4484739235944646
1.47200 0.4483430650762067
1.47300 0.44821084462834365
1.47400 0.4480772601780597
1.47500 0.4479423096529043
1.47600 0.44780599098080415
1.47700 0.4476683020900748
1.47800 0.44752924090943325
1.47900 0.4473888053680099
1.48000 0.44724699339536056
1.48100 0.4471038029214782
1.48200 0.4469592318768065
1.48300 0.44681327819225036
1.48400 0.44666593979918906
1.48500 0.446517214629489
1.48600 0.44636710061551516
1.48700 0.4462155956901435
1.48800 0.44606269778677404
1.48900 0.44590840483934263
1.49000 0.4457527147823339
1.49100 0.4455956255507932
1.49200 0.4454371350803393
1.49300 0.4452772413071774
1.49400 0.445115942168111
1.49500 0.44495323560055505
1.49600 0.4447891195425484
1.49700 0.44462359193276635
1.49800 0.4444566507105334
1.49900 0.44428829381583657
1.50000 0.44411851918933704
1.50100 0.44394732477238397
1.50200 0.4437747085070266
1.50300 0.443600668336028
1.50400 0.4434252022028771
1.50500 0.4432483080518021
1.50600 0.4430699838277833
1.50700 0.44289022747656615
1.50800 0.44270903694467395
1.50900 0.4425264101794217
1.51000 0.4423423451289285
1.51100 0.44215683974213077
1.51200 0.4419698919687957
1.51300 0.4417814997595342
1.51400 0.4415916610658142
1.51500 0.44140037383997416
1.51600 0.4412076360352356
1.51700 0.4410134456057177
1.51800 0.44081780050644925
1.51900 0.440620698693383
1.52000 0.4404221381234087
1.52100 0.44022211675436673
1.52200 0.44002063254506135
1.52300 0.4398176834552746
1.52400 0.43961326744577944
1.52500 0.43940738247835354
1.52600 0.43920002651579304
1.52700 0.4389911975219259
1.52800 0.4387808934616255
1.52900 0.43856911230082524
1.53000 0.438355852006531
1.53100 0.4381411105468359
1.53200 0.43792488589093354
1.53300 0.4377071760091325
1.53400 0.43748797887286944
1.53500 0.43726729245472334
1.53600 0.4370451147284298
1.53700 0.4368214436688944
1.53800 0.43659627725220734
1.53900 0.4363696134556567
1.54000 0.43614145025774365
1.54100 0.43591178563819527
1.54200 0.43568061757797955
1.54300 0.43544794405931947
1.54400 0.43521376306570697
1.54500 0.4349780725819172
1.54600 0.434740870594023
1.54700 0.4345021550894091
1.54800 0.4342619240567865
1.54900 0.43402017548620647
1.55000 0.43377690736907587
1.55100 0.43353211769817057
1.55200 0.43328580446765036
1.55300 0.4330379656730739
1.55400 0.43278859931141234
1.55500 0.4325377033810643
1.55600 0.43228527588187116
1.55700 0.43203131481513035
1.55800 0.4317758181836113
1.55900 0.4315187839915692
1.56000 0.4312602102447603
1.56100 0.4310000949504566
1.56200 0.4307384361174603
1.56300 0.4304752317561189
1.56400 0.4302104798783405
1.56500 0.4299441784976076
1.56600 0.429676325628993
1.56700 0.42940691928917457
1.56800 0.42913595749645
1.56900 0.42886343827075163
1.57000 0.4285893596336625
1.57100 0.42831371960843034
1.57200 0.4280365162199831
1.57300 0.4277577474949446
1.57400 0.42747741146164864
1.57500 0.4271955061501553
1.57600 0.42691202959226593
1.57700 0.42662697982153774
1.57800 0.4263403548733002
1.57900 0.42605215278466935
1.58000 0.42576237159456437
1.58100 0.4254710093437218
1.58200 0.42517806407471165
1.58300 0.4248835338319531
1.58400 0.4245874166617294
1.58500 0.4242897106122038
1.58600 0.4239904137334354
1.58700 0.42368952407739374
1.58800 0.42338703969797603
1.58900 0.4230829586510212
1.59000 0.42277727899432693
1.59100 0.4224699987876647
1.59200 0.42216111609279583
1.59300 0.42185062897348713
1.59400 0.4215385354955267
1.59500 0.42122483372674013
1.59600 0.42090952173700646
1.59700 0.42059259759827344
1.59800 0.42027405938457435
1.59900 0.41995390517204334
1.60000 0.4196321330389325
1.60100 0.41930874106562604
1.60200 0.4189837273346589
1.60300 0.41865708993073064
1.60400 0.4183288269407231
1.60500 0.4179989364537157
1.60600 0.41766741656100254
1.60700 0.4173342653561079
1.60800 0.416999480934803
1.60900 0.4166630613951219
1.61000 0.41632500483737866
1.61100 0.4159853093641828
1.61200 0.4156439730804569
1.61300 0.4153009940934515
1.61400 0.41495637051276324
1.61500 0.4146101004503502
1.61600 0.41426218202054915
1.61700 0.4139126133400918
1.61800 0.41356139252812174
1.61900 0.41320851770621064
1.62000 0.41285398699837583
1.62100 0.4124977985310955
1.62200 0.4121399504333275
1.62300 0.4117804408365244
1.62400 0.411419267874651
1.62500 0.41105642968420125
1.62600 0.4106919244042153
1.62700 0.41032575017629613
1.62800 0.40995790514462616
1.62900 0.4095883874559853
1.63000 0.40921719525976685
1.63100 0.40884432670799525
1.63200 0.4084697799553433
1.63300 0.4080935531591481
1.63400 0.40771564447943
1.63500 0.4073360520789081
1.63600 0.40695477412301906
1.63700 0.40657180877993254
1.63800 0.4061871542205701
1.63900 0.40580080861862183
1.64000 0.40541277015056376
1.64100 0.40502303699567455
1.64200 0.4046316073360548
1.64300 0.4042384793566423
1.64400 0.4038436512452308
1.64500 0.4034471211924871
1.64600 0.40304888739196915
1.64700 0.4026489480401425
1.64800 0.40224730133639913
1.64900 0.4018439454830741
1.65000 0.4014388786854642
1.65100 0.40103209915184423
1.65200 0.4006236050934867
1.65300 0.4002133947246777
1.65400 0.3998014662627357
1.65500 0.3993878179280294
1.65600 0.3989724479439951
1.65700 0.3985553545371551
1.65800 0.3981365359371352
1.65900 0.3977159903766831
1.66000 0.3972937160916857
1.66100 0.3968697113211878
1.66200 0.39644397430741035
1.66300 0.39601650329576726
1.66400 0.39558729653488506
1.66500 0.39515635227661977
1.66600 0.39472366877607623
1.66700 0.39428924429162504
1.66800 0.3938530770849222
1.66900 0.39341516542092597
1.67000 0.3929755075679165
1.67100 0.39253410179751325
1.67200 0.3920909463846933
1.67300 0.3916460396078108
1.67400 0.3911993797486142
1.67500 0.3907509650922653
1.67600 0.3903007939273576
1.67700 0.38984886454593504
1.67800 0.38939517524351
1.67900 0.3889397243190831
1.68000 0.38848251007515994
1.68100 0.3880235308177713
1.68200 0.38756278485649137
1.68300 0.3871002705044564
1.68400 0.386635986078383
1.68500 0.38616992989858806
1.68600 0.3857021002890063
1.68700 0.38523249557720984
1.68800 0.3847611140944267
1.68900 0.38428795417556033
1.69000 0.3838130141592075
1.69100 0.38333629238767836
1.69200 0.3828577872070141
1.69300 0.3823774969670078
1.69400 0.3818954200212217
1.69500 0.3814115547270073
1.69600 0.3809258994455241
1.69700 0.38043845254175895
1.69800 0.3799492123845448
1.69900 0.3794581773465809
1.70000 0.3789653458044503
1.70100 0.37847071613864125
1.70200 0.37797428673356426
1.70300 0.3774760559775738
1.70400 0.37697602226298516
1.70500 0.37647418398609606
1.70600 0.37597053954720433
1.70700 0.37546508735062883
1.70800 0.3749578258047275
1.70900 0.37444875332191807
1.71000 0.37393786831869674
1.71100 0.3734251692156585
1.71200 0.3729106544375157
1.71300 0.37239432241311876
1.71400 0.3718761715754752
1.71500 0.3713562003617694
1.71600 0.3708344072133824
1.71700 0.37031079057591204
1.71800 0.36978534889919124
1.71900 0.3692580806373103
1.72000 0.36872898424863393
1.72100 0.36819805819582313
1.72200 0.36766530094585487
1.72300 0.3671307109700407
1.72400 0.3665942867440478
1.72500 0.3660560267479192
1.72600 0.3655159294660928
1.72700 0.3649739933874221
1.72800 0.3644302170051959
1.72900 0.3638845988171588
1.73000 0.363337137325531
1.73100 0.3627878310370286
1.73200 0.36223667846288327
1.73300 0.36168367811886387
1.73400 0.3611288285252945
1.73500 0.36057212820707707
1.73600 0.36001357569370984
1.73700 0.3594531695193088
1.73800 0.3588909082226272
1.73900 0.35832679034707704
1.74000 0.357760814440748
1.74100 0.3571929790564293
1.74200 0.35662328275162936
1.74300 0.35605172408859664
1.74400 0.3554783016343393
1.74500 0.3549030139606477
1.74600 0.35432585964411245
1.74700 0.3537468372661472
1.74800 0.353165945413008
1.74900 0.35258318267581434
1.75000 0.35199854765056987
1.75100 0.35141203893818324
1.75200 0.3508236551444884
1.75300 0.350233394880266
1.75400 0.34964125676126345
1.75500 0.3490472394082166
1.75600 0.3484513414468699
1.75700 0.3478535615079976
1.75800 0.34725389822742414
1.75900 0.3466523502460466
1.76000 0.34604891620985345
1.76100 0.3454435947699477
1.76200 0.34483638458256566
1.76300 0.3442272843091008
1.76400 0.34361629261612203
1.76500 0.34300340817539693
1.76600 0.3423886296639109
1.76700 0.34177195576389036
1.76800 0.34115338516282273
1.76900 0.34053291655347767
1.77000 0.3399105486339287
1.77100 0.33928628010757417
1.77200 0.33866010968315874
1.77300 0.3380320360747946
1.77400 0.3374020580019827
1.77500 0.3367701741896346
1.77600 0.3361363833680927
1.77700 0.33550068427315344
1.77800 0.33486307564608714
1.77900 0.33422355623366024
1.78000 0.3335821247881565
1.78100 0.33293878006739897
1.78200 0.3322935208347709
1.78300 0.3316463458592382
1.78400 0.33099725391536966
1.78500 0.3303462437833599
1.78600 0.32969331424905046
1.78700 0.32903846410395143
1.78800 0.32838169214526347
1.78900 0.32772299717589903
1.79000 0.32706237800450444
1.79100 0.3263998334454818
1.79200 0.32573536231901057
1.79300 0.32506896345106884
1.79400 0.3244006356734569
1.79500 0.32373037782381686
1.79600 0.32305818874565645
1.79700 0.3223840672883696
1.79800 0.3217080123072595
1.79900 0.32103002266355973
1.80000 0.3203500972244564
1.80100 0.31966823486311047
1.80200 0.31898443445867963
1.80300 0.31829869489634055
1.80400 0.3176110150673105
1.80500 0.31692139386886986
1.80600 0.3162298302043845
1.80700 0.31553632298332707
1.80800 0.3148408711213001
1.80900 0.31414347354005767
1.81000 0.31344412916752806
1.81100 0.31274283693783544
1.81200 0.3120395957913228
1.81300 0.3113344046745733
1.81400 0.3106272625404341
1.81500 0.30991816834803704
1.81600 0.30920712106282267
1.81700 0.3084941196565608
1.81800 0.3077791631073748
1.81900 0.30706225039976215
1.82000 0.3063433805246191
1.82100 0.30562255247926085
1.82200 0.30489976526744605
1.82300 0.30417501789939744
1.82400 0.30344830939182665
1.82500 0.3027196387679542
1.82600 0.30198900505753484
1.82700 0.3012564072968772
1.82800 0.3005218445288695
1.82900 0.29978531580299916
1.83000 0.29904682017537887
1.83100 0.2983063567087655
1.83200 0.2975639244725863
1.83300 0.296819522542959
1.83400 0.2960731500027167
1.83500 0.2953248059414287
1.83600 0.294574489455425
1.83700 0.29382219964781814
1.83800 0.2930679356285263
1.83900 0.29231169651429595
1.84000 0.2915534814287255
1.84100 0.29079328950228733
1.84200 0.29003111987235125
1.84300 0.2892669716832072
1.84400 0.2885008440860883
1.84500 0.28773273623919376
1.84600 0.28696264730771254
1.84700 0.28619057646384516
1.84800 0.28541652288682795
1.84900 0.28464048576295525
1.85000 0.2838624642856033
1.85100 0.28308245765525214
1.85200 0.2823004650795108
1.85300 0.28151648577313787
1.85400 0.28073051895806683
1.85500 0.2799425638634279
1.85600 0.27915261972557226
1.85700 0.2783606857880942
1.85800 0.27756676130185526
1.85900 0.27677084552500697
1.86000 0.27597293772301473
1.86100 0.2751730371686801
1.86200 0.2743711431421654
1.86300 0.2735672549310156
1.86400 0.2727613718301832
1.86500 0.27195349314205036
1.86600 0.27114361817645305
1.86700 0.27033174625070405
1.86800 0.26951787668961663
1.86900 0.2687020088255278
1.87000 0.2678841419983219
1.87100 0.2670642755554541
1.87200 0.26624240885197376
1.87300 0.26541854125054787
1.87400 0.26459267212148524
1.87500 0.2637648008427589
1.87600 0.2629349268000309
1.87700 0.2621030493866744
1.87800 0.26126916800379923
1.87900 0.26043328206027383
1.88000 0.2595953909727498
1.88100 0.25875549416568444
1.88200 0.2579135910713662
1.88300 0.25706968112993667
1.88400 0.25622376378941536
1.88500 0.25537583850572254
1.88600 0.254525904742704
1.88700 0.25367396197215336
1.88800 0.25282000967383783
1.88900 0.25196404733551975
1.89000 0.2511060744529821
1.89100 0.2502460905300509
1.89200 0.2493840950786208
1.89300 0.24852008761867686
1.89400 0.24765406767832004
1.89500 0.24678603479379013
1.89600 0.24591598850949023
1.89700 0.24504392837800945
1.89800 0.24416985396014862
1.89900 0.2432937648249427
1.90000 0.24241566054968544
1.90100 0.24153554071995273
1.90200 0.24065340492962795
1.90300 0.23976925278092331
1.90400 0.23888308388440707
1.90500 0.2379948978590243
1.90600 0.23710469433212436
1.90700 0.23621247293948122
1.90800 0.2353182333253205
1.90900 0.2344219751423416
1.91000 0.23352369805174295
1.91100 0.23262340172324478
1.91200 0.23172108583511536
1.91300 0.23081675007419244
1.91400 0.22991039413590914
1.91500 0.22900201772431747
1.91600 0.2280916205521129
1.91700 0.2271792023406576
1.91800 0.22626476282000535
1.91900 0.2253483017289254
1.92000 0.22442981881492657
1.92100 0.22350931383428208
1.92200 0.22258678655205208
1.92300 0.22166223674211039
1.92400 0.22073566418716603
1.92500 0.21980706867878996
1.92600 0.21887645001743652
1.92700 0.21794380801247054
1.92800 0.21700914248218914
1.92900 0.216072453253848
1.93000 0.2151337401636844
1.93100 0.21419300305694128
1.93200 0.21325024178789265
1.93300 0.21230545621986727
1.93400 0.2113586462252722
1.93500 0.21040981168561915
1.93600 0.20945895249154592
1.93700 0.20850606854284398
1.93800 0.20755115974847946
1.93900 0.20659422602662073
1.94000 0.20563526730465984
1.94100 0.20467428351923933
1.94200 0.20371127461627483
1.94300 0.20274624055098006
1.94400 0.20177918128789146
1.94500 0.2008100968008927
1.94600 0.19983898707323777
1.94700 0.1988658520975772
1.94800 0.19789069187598116
1.94900 0.19691350641996472
1.95000 0.19593429575051088
1.95100 0.19495305989809736
1.95200 0.1939697989027186
1.95300 0.1929845128139117
1.95400 0.19199720169077997
1.95500 0.19100786560201852
1.95600 0.19001650462593725
1.95700 0.18902311885048637
1.95800 0.1880277083732805
1.95900 0.18703027330162372
1.96000 0.18603081375253203
1.96100 0.1850293298527609
1.96200 0.18402582173882756
1.96300 0.18302028955703553
1.96400 0.18201273346350028
1.96500 0.18100315362417294
1.96600 0.17999155021486482
1.96700 0.1789779234212721
1.96800 0.17796227343899992
1.96900 0.17694460047358812
1.97000 0.17592490474053382
1.97100 0.17490318646531747
1.97200 0.17387944588342633
1.97300 0.17285368324038067
1.97400 0.17182589879175564
1.97500 0.17079609280320848
1.97600 0.16976426555050078
1.97700 0.1687304173195248
1.97800 0.16769454840632678
1.97900 0.16665665911713234
1.98000 0.1656167497683701
1.98100 0.16457482068669702
1.98200 0.16353087220902215
1.98300 0.16248490468253263
1.98400 0.1614369184647155
1.98500 0.16038691392338564
1.98600 0.15933489143670718
1.98700 0.15828085139322054
1.98800 0.15722479419186472
1.98900 0.15616672024200393
1.99000 0.15510662996345065
1.99100 0.15404452378649036
1.99200 0.15298040215190659
1.99300 0.1519142655110058
1.99400 0.15084611432564
1.99500 0.14977594906823344
1.99600 0.14870377022180595
1.99700 0.14762957827999762
1.99800 0.14655337374709382
1.99900 0.14547515713804898
2.00000 0.14439492897851142
2.00100 0.14331268980484768
2.00200 0.14222844016416777
2.00300 0.14114218061434938
2.00400 0.1400539117240602
2.00500 0.138963634072786
2.00600 0.13787134825085387
2.00700 0.13677705485945443
2.00800 0.1356807545106695
2.00900 0.13458244782749426
2.01000 0.13348213544386386
2.01100 0.132379818004676
2.01200 0.13127549616581574
2.01300 0.13016917059418015
2.01400 0.12906084196770418
2.01500 0.12795051097538324
2.01600 0.12683817831729727
2.01700 0.12572384470463666
2.01800 0.12460751085972736
2.01900 0.12348917751605214
2.02000 0.12236884541827817
2.02100 0.12124651532227929
2.02200 0.12012218799516272
2.02300 0.11899586421529083
2.02400 0.11786754477230668
2.02500 0.11673723046715886
2.02600 0.1156049221121261
2.02700 0.1144706205308397
2.02800 0.11333432655830979
2.02900 0.11219604104094899
2.03000 0.1110557648365967
2.03100 0.10991349881454403
2.03200 0.10876924385555681
2.03300 0.1076230008519008
2.03400 0.10647477070736674
2.03500 0.10532455433729297
2.03600 0.1041723526685903
2.03700 0.10301816663976691
2.03800 0.10186199720095294
2.03900 0.10070384531392279
2.04000 0.09954371195212079
2.04100 0.09838159810068486
2.04200 0.09721750475647262
2.04300 0.0960514329280828
2.04400 0.09488338363588021
2.04500 0.09371335791202078
2.04600 0.09254135680047658
2.04700 0.09136738135705684
2.04800 0.0901914326494347
2.04900 0.08901351175717061
2.05000 0.08783361977173604
2.05100 0.0866517577965396
2.05200 0.08546792694694688
2.05300 0.08428212835030928
2.05400 0.0830943631459842
2.05500 0.08190463248536303
2.05600 0.08071293753189054
2.05700 0.07951927946109329
2.05800 0.07832365946060026
2.05900 0.0771260787301694
2.06000 0.07592653848170955
2.06100 0.07472503993930583
2.06200 0.07352158433924233
2.06300 0.07231617293002804
2.06400 0.07110880697241857
2.06500 0.06989948773944112
2.06600 0.06868821651641727
2.06700 0.06747499460099056
2.06800 0.06625982330314416
2.06900 0.06504270394523012
2.07000 0.06382363786199002
2.07100 0.06260262640058155
2.07200 0.0613796709205987
2.07300 0.06015477279409818
2.07400 0.05892793340562181
2.07500 0.05769915415222273
2.07600 0.05646843644348506
2.07700 0.055235781701550864
2.07800 0.05400119136114092
2.07900 0.05276466686958334
2.08000 0.05152620968683121
2.08100 0.05028582128548918
2.08200 0.04904350315083768
2.08300 0.04779925678085538
2.08400 0.04655308368624312
2.08500 0.04530498539044608
2.08600 0.044054963429679
2.08700 0.04280301935295021
2.08800 0.0415491547220826
2.08900 0.04029337111173859
2.09000 0.039035670109442956
2.09100 0.037776053315608515
2.09200 0.036514522343555456
2.09300 0.035251078819537755
2.09400 0.03398572438276454
2.09500 0.03271846068542631
2.09600 0.03144928939271492
2.09700 0.030178212182847573
2.09800 0.028905230747091573
2.09900 0.02763034678978758
2.10000 0.026353562028369224
2.10100 0.02507487819339075
2.10200 0.02379429702854721
2.10300 0.02251182029069931
2.10400 0.021227449749895308
2.10500 0.019941187189394447
2.10600 0.01865303440568939
2.10700 0.01736299320853132
2.10800 0.016071065420949826
2.10900 0.014777252879277964
2.11000 0.013481557433174177
2.11100 0.012183980945647143
2.11200 0.010884525293075095
2.11300 0.009583192365231391
2.11400 0.008279984065306131
2.11500 0.00697490230993088
2.11600 0.005667949029197487
2.11700 0.004359126166685099
2.11800 0.003048435679479517
2.11900 0.0017358795381981862
2.12000 0.0004214597270116455
2.12100 -0.0008948217563344835
2.12200 -0.002212962900495558
2.12300 -0.003532961680505187
2.12400 -0.004854816057754909
2.12500 -0.006178523979969563
2.12600 -0.007504083381186821
2.12700 -0.008831492181731035
2.12800 -0.010160748288195423
2.12900 -0.01149184959341795
2.13000 -0.012824793976458429
2.13100 -0.014159579302575658
2.13200 -0.015496203423206966
2.13300 -0.016834664175945622
2.13400 -0.018174959384518456
2.13500 -0.019517086858761332
2.13600 -0.020861044394602048
2.13700 -0.022206829774034063
2.13800 -0.02355444076509628
2.13900 -0.024903875121849613
2.14000 -0.026255130584357685
2.14100 -0.027608204878662033
2.14200 -0.0289630957167625
2.14300 -0.0303198007965927
2.14400 -0.03167831780200105
2.14500 -0.033038644402728204
2.14600 -0.034400778254384465
2.14700 -0.035764716998427495
2.14800 -0.03713045826214247
2.14900 -0.03849799965862005
2.15000 -0.039867338786734555
2.15100 -0.04123847323112022
2.15200 -0.042611400562153914
2.15300 -0.04398611833593065
2.15400 -0.04536262409424314
2.15500 -0.04674091536455938
2.15600 -0.048120989660002944
2.15700 -0.04950284447933064
2.15800 -0.05088647730691225
2.15900 -0.052271885612706445
2.16000 -0.053659066852243475
2.16100 -0.05504801846660134
2.16200 -0.05643873788238637
2.16300 -0.05783122251170962
2.16400 -0.059225469752168976
2.16500 -0.060621476986826725
2.16600 -0.06201924158418842
2.16700 -0.06341876089818073
2.16800 -0.06482003226813406
2.16900 -0.0662230530187589
2.17000 -0.06762782046012611
2.17100 -0.06903433188764511
2.17200 -0.07044258458204487
2.17300 -0.07185257580935248
2.17400 -0.07326430282087269
2.17500 -0.07467776285316588
2.17600 -0.0760929531280305
2.17700 -0.07750987085248016
2.17800 -0.07892851321872417
2.17900 -0.08034887740414871
2.18000 -0.08177096057129163
2.18100 -0.08319475986782793
2.18200 -0.08462027242654692
2.18300 -0.08604749536533181
2.18400 -0.0874764257871391
2.18500 -0.08890706077998058
2.18600 -0.09033939741690283
2.18700 -0.091773432755965
2.18800 -0.09320916384022022
2.18900 -0.09464658769769799
2.19000 -0.09608570134138048
2.19100 -0.09752650176918586
2.19200 -0.0989689859639454
2.19300 -0.10041315089338786
2.19400 -0.10185899351011682
2.19500 -0.10330651075159224
2.19600 -0.10475569954010992
2.19700 -0.10620655678278386
2.19800 -0.10765907937152513
2.19900 -0.10911326418302418
2.20000 -0.11056910807872894
2.20100 -0.11202660790482788
2.20200 -0.1134857604922316
2.20300 -0.11494656265655026
2.20400 -0.11640901119807645
2.20500 -0.11787310290176761
2.20600 -0.11933883453722409
2.20700 -0.12080620285867313
2.20800 -0.12227520460494717
2.20900 -0.1237458364994668
2.21000 -0.125218095250222
2.21100 -0.12669197754975403
2.21200 -0.1281674800751328
2.21300 -0.1296445994879444
2.21400 -0.13112333243426794
2.21500 -0.13260367554465974
2.21600 -0.13408562543413136
2.21700 -0.1355691787021367
2.21800 -0.13705433193254848
2.21900 -0.13854108169364404
2.22000 -0.14002942453808298
2.22100 -0.14151935700289295
2.22200 -0.14301087560945025
2.22300 -0.14450397686346134
2.22400 -0.14599865725494382
2.22500 -0.14749491325821146
2.22600 -0.14899274133185442
2.22700 -0.15049213791872232
2.22800 -0.1519930994459045
2.22900 -0.15349562232471575
2.23000 -0.15499970295067594
2.23100 -0.15650533770349553
2.23200 -0.15801252294705226
2.23300 -0.15952125502938178
2.23400 -0.1610315302826538
2.23500 -0.162543345023159
2.23600 -0.16405669555128777
2.23700 -0.16557157815151785
2.23800 -0.1670879890923931
2.23900 -0.16860592462651083
2.24000 -0.17012538099049881
2.24100 -0.17164635440500384
2.24200 -0.1731688410746737
2.24300 -0.17469283718813974
2.24400 -0.17621833891799765
2.24500 -0.17774534242079612
2.24600 -0.17927384383701778
2.24700 -0.18080383929106195
2.24800 -0.18233532489122783
2.24900 -0.18386829672970062
2.25000 -0.1854027508825342
2.25100 -0.18693868340963496
2.25200 -0.18847609035474372
2.25300 -0.19001496774542256
2.25400 -0.19155531159303818
2.25500 -0.1930971178927453
2.25600 -0.1946403826234705
2.25700 -0.19618510174789702
2.25800 -0.1977312712124507
2.25900 -0.19927888694728174
2.26000 -0.20082794486624866
2.26100 -0.20237844086690734
2.26200 -0.20393037083049073
2.26300 -0.2054837306218973
2.26400 -0.2070385160896707
2.26500 -0.2085947230659916
2.26600 -0.21015234736665678
2.26700 -0.2117113847910674
2.26800 -0.21327183112221104
2.26900 -0.21483368212665074
2.27000 -0.2163969335545074
2.27100 -0.2179615811394464
2.27200 -0.2195276205986603
2.27300 -0.22109504763285856
2.27400 -0.22266385792625032
2.27500 -0.22423404714653117
2.27600 -0.22580561094486612
2.27700 -0.22737854495587898
2.27800 -0.22895284479763717
2.27900 -0.2305285060716366
2.28000 -0.2321055243627869
2.28100 -0.2336838952394001
2.28200 -0.23526361425317588
2.28300 -0.23684467693918682
2.28400 -0.23842707881586397
2.28500 -0.24001081538498678
2.28600 -0.24159588213166577
2.28700 -0.24318227452433214
2.28800 -0.24476998801472036
2.28900 -0.24635901803785995
2.29000 -0.24794936001205842
2.29100 -0.24954100933889148
2.29200 -0.25113396140318456
2.29300 -0.2527282115730061
2.29400 -0.25432375519965184
2.29500 -0.2559205876176319
2.29600 -0.2575187041446565
2.29700 -0.2591181000816275
2.29800 -0.26071877071262334
2.29900 -0.2623207113048869
2.30000 -0.2639239171088111
2.30100 -0.2655283833579311
2.30200 -0.2671341052689085
2.30300 -0.2687410780415219
2.30400 -0.2703492968586508
2.30500 -0.2719587568862687
2.30600 -0.27356945327342774
2.30700 -0.2751813811522495
2.30800 -0.2767945356379112
2.30900 -0.2784089118286333
2.31000 -0.28002450480567254
2.31100 -0.28164130963330686
2.31200 -0.2832593213588251
2.31300 -0.2848785350125138
2.31400 -0.2864989456076507
2.31500 -0.2881205481404903
2.31600 -0.28974333759025406
2.31700 -0.29136730891911716
2.31800 -0.29299245707220195
2.31900 -0.2946187769775654
2.32000 -0.296246263546188
2.32100 -0.29787491167196234
2.32200 -0.2995047162316859
2.32300 -0.3011356720850487
2.32400 -0.30276777407462374
2.32500 -0.3044010170258554
2.32600 -0.30603539574705163
2.32700 -0.307670905029374
2.32800 -0.3093075396468265
2.32900 -0.3109452943562452
2.33000 -0.31258416389729216
2.33100 -0.31422414299244245
2.33200 -0.31586522634697783
2.33300 -0.3175074086489722
2.33400 -0.31915068456928936
2.33500 -0.3207950487615698
2.33600 -0.3224404958622219
2.33700 -0.3240870204904127
2.33800 -0.3257346172480616
2.33900 -0.3273832807198295
2.34000 -0.3290330054731115
2.34100 -0.33068378605802573
2.34200 -0.33233561700740843
2.34300 -0.3339884928368047
2.34400 -0.33564240804445905
2.34500 -0.33729735711130765
2.34600 -0.33895333450097126
2.34700 -0.3406103346597479
2.34800 -0.34226835201660355
2.34900 -0.3439273809831633
2.35000 -0.3455874159537078
2.35100 -0.34724845130516285
2.35200 -0.34891048139709424
2.35300 -0.35057350057169506
2.35400 -0.3522375031537868
2.35500 -0.3539024834508062
2.35600 -0.35556843575280134
2.35700 -0.35723535433242154
2.35800 -0.358903233444915
2.35900 -0.3605720673281198
2.36000 -0.3622418502024577
2.36100 -0.36391257627092627
2.36200 -0.36558423971909587
2.36300 -0.3672568347151012
2.36400 -0.3689303554096368
2.36500 -0.3706047959359477
2.36600 -0.37228015040982815
2.36700 -0.37395641292961324
2.36800 -0.37563357757617516
2.36900 -0.3773116384129128
2.37000 -0.37899058948575415
2.37100 -0.3806704248231442
2.37200 -0.3823511384360448
2.37300 -0.384032724317924
2.37400 -0.38571517644475733
2.37500 -0.38739848877501976
2.37600 -0.38908265524968066
2.37700 -0.39076766979219985
2.37800 -0.392453526308523
2.37900 -0.3941402186870791
2.38000 -0.3958277407987735
2.38100 -0.3975160864969841
2.38200 -0.3992052496175599
2.38300 -0.40089522397881416
2.38400 -0.40258600338152395
2.38500 -0.4042775816089213
2.38600 -0.40596995242669504
2.38700 -0.407663109582985
2.38800 -0.4093570468083795
2.38900 -0.4110517578159091
2.39000 -0.4127472363010488
2.39100 -0.4144434759417116
2.39200 -0.41614047039824686
2.39300 -0.417838213313435
2.39400 -0.41953669831248985
2.39500 -0.42123591900305335
2.39600 -0.42293586897519286
2.39700 -0.42463654180139804
2.39800 -0.42633793103658274
2.39900 -0.42804003021807924
2.40000 -0.4297428328656394
2.40100 -0.43144633248142905
2.40200 -0.4331505225500292
2.40300 -0.43485539653843625
2.40400 -0.43656094789605715
2.40500 -0.43826717005470794
2.40600 -0.43997405642861726
2.40700 -0.44168160041442095
2.40800 -0.4433897953911635
2.40900 -0.44509863472029476
2.41000 -0.44680811174567375
2.41100 -0.44851821979356377
2.41200 -0.4502289521726368
2.41300 -0.4519403021739663
2.41400 -0.4536522630710345
2.41500 -0.45536482811972906
2.41600 -0.4570779905583438
2.41700 -0.45879174360757746
2.41800 -0.46050608047053687
2.41900 -0.46222099433273556
2.42000 -0.46393647836209695
2.42100 -0.4656525257089498
2.42200 -0.46736912950603726
2.42300 -0.4690862828685104
2.42400 -0.47080397889393544
2.42500 -0.47252221066228917
2.42600 -0.4742409712359662
2.42700 -0.4759602536597772
2.42800 -0.4776800509609531
2.42900 -0.47940035614914284
2.43000 -0.4811211622164204
2.43100 -0.4828424621372843
2.43200 -0.48456424886866006
2.43300 -0.486286515349904
2.43400 -0.48800925450280397
2.43500 -0.4897324592315824
2.43600 -0.4914561224229022
2.43700 -0.49318023694586627
2.43800 -0.49490479565202017
2.43900 -0.4966297913753594
2.44000 -0.49835521693233
2.44100 -0.5000810651218327
2.44200 -0.5018073287252252
2.44300 -0.5035340005063296
2.44400 -0.5052610732114331
2.44500 -0.5069885395692943
2.44600 -0.5087163922911448
2.44700 -0.5104446240706966
2.44800 -0.5121732275841452
2.44900 -0.5139021954901756
2.45000 -0.5156315204299634
2.45100 -0.5173611950271848
2.45200 -0.5190912118880193
2.45300 -0.5208215636011548
2.45400 -0.5225522427377923
2.45500 -0.5242832418516544
2.45600 -0.526014553478988
2.45700 -0.5277461701385721
2.45800 -0.5294780843317219
2.45900 -0.5312102885422978
2.46000 -0.5329427752367085
2.46100 -0.5346755368639212
2.46200 -0.5364085658554627
2.46300 -0.5381418546254323
2.46400 -0.5398753955705045
2.46500 -0.5416091810699393
2.46600 -0.5433432034855844
2.46700 -0.5450774551618881
2.46800 -0.5468119284259035
2.46900 -0.5485466155872991
2.47000 -0.5502815089383598
2.47100 -0.552016600754004
2.47200 -0.5537518832917856
2.47300 -0.5554873487919053
2.47400 -0.5572229894772146
2.47500 -0.5589587975532303
2.47600 -0.5606947652081393
2.47700 -0.5624308846128095
2.47800 -0.5641671479207956
2.47900 -0.5659035472683526
2.48000 -0.5676400747744411
2.48100 -0.5693767225407422
2.48200 -0.5711134826516588
2.48300 -0.5728503471743344
2.48400 -0.5745873081586562
2.48500 -0.5763243576372707
2.48600 -0.5780614876255871
2.48700 -0.5797986901217955
2.48800 -0.581535957106872
2.48900 -0.5832732805445928
2.49000 -0.5850106523815404
2.49100 -0.5867480645471206
2.49200 -0.5884855089535693
2.49300 -0.5902229774959675
2.49400 -0.5919604620522477
2.49500 -0.5936979544832108
2.49600 -0.5954354466325352
2.49700 -0.59717293032679
2.49800 -0.5989103973754449
2.49900 -0.6006478395708864
2.50000 -0.6023852486884267
2.50100 -0.6041226164863187
2.50200 -0.6058599347057665
2.50300 -0.6075971950709409
2.50400 -0.6093343892889913
2.50500 -0.6110715090500599
2.50600 -0.6128085460272918
2.50700 -0.6145454918768547
2.50800 -0.6162823382379466
2.50900 -0.6180190767328144
2.51000 -0.6197556989667643
2.51100 -0.6214921965281786
2.51200 -0.6232285609885301
2.51300 -0.6249647839023964
2.51400 -0.6267008568074713
2.51500 -0.6284367712245872
2.51600 -0.6301725186577226
2.51700 -0.6319080905940234
2.51800 -0.6336434785038125
2.51900 -0.6353786738406112
2.52000 -0.6371136680411512
2.52100 -0.6388484525253936
2.52200 -0.6405830186965394
2.52300 -0.6423173579410544
2.52400 -0.6440514616286779
2.52500 -0.6457853211124444
2.52600 -0.6475189277286956
2.52700 -0.6492522727971035
2.52800 -0.6509853476206829
2.52900 -0.6527181434858107
2.53000 -0.6544506516622423
2.53100 -0.6561828634031301
2.53200 -0.6579147699450424
2.53300 -0.6596463625079793
2.53400 -0.6613776322953911
2.53500 -0.6631085704941998
2.53600 -0.6648391682748132
2.53700 -0.6665694167911476
2.53800 -0.6682993071806426
2.53900 -0.6700288305642857
2.54000 -0.6717579780466257
2.54100 -0.6734867407157972
2.54200 -0.6752151096435355
2.54300 -0.6769430758852005
2.54400 -0.6786706304797943
2.54500 -0.680397764449984
2.54600 -0.6821244688021163
2.54700 -0.683850734526245
2.54800 -0.6855765525961481
2.54900 -0.6873019139693489
2.55000 -0.6890268095871356
2.55100 -0.6907512303745864
2.55200 -0.6924751672405886
2.55300 -0.69419861107786
2.55400 -0.6959215527629696
2.55500 -0.6976439831563631
2.55600 -0.6993658931023825
2.55700 -0.7010872734292893
2.55800 -0.7028081149492839
2.55900 -0.7045284084585341
2.56000 -0.7062481447371936
2.56100 -0.7079673145494273
2.56200 -0.7096859086434331
2.56300 -0.7114039177514642
2.56400 -0.7131213325898569
2.56500 -0.7148381438590503
2.56600 -0.716554342243614
2.56700 -0.7182699184122663
2.56800 -0.7199848630179053
2.56900 -0.7216991666976305
2.57000 -0.7234128200727671
2.57100 -0.7251258137488904
2.57200 -0.7268381383158529
2.57300 -0.7285497843478089
2.57400 -0.7302607424032399
2.57500 -0.7319710030249784
2.57600 -0.733680556740237
2.57700 -0.7353893940606324
2.57800 -0.7370975054822134
2.57900 -0.7388048814854831
2.58000 -0.7405115125354307
2.58100 -0.7422173890815563
2.58200 -0.7439225015578982
2.58300 -0.7456268403830564
2.58400 -0.7473303959602262
2.58500 -0.7490331586772225
2.58600 -0.7507351189065076
2.58700 -0.7524362670052182
2.58800 -0.7541365933151961
2.58900 -0.7558360881630151
2.59000 -0.7575347418600107
2.59100 -0.7592325447023042
2.59200 -0.7609294869708395
2.59300 -0.7626255589314054
2.59400 -0.7643207508346693
2.59500 -0.766015052916203
2.59600 -0.7677084553965152
2.59700 -0.7694009484810806
2.59800 -0.7710925223603718
2.59900 -0.7727831672098835
2.60000 -0.7744728731901707
2.60100 -0.7761616304468749
2.60200 -0.7778494291107569
2.60300 -0.7795362592977252
2.60400 -0.7812221111088702
2.60500 -0.7829069746304951
2.60600 -0.7845908399341468
2.60700 -0.786273697076647
2.60800 -0.7879555361001264
2.60900 -0.7896363470320562
2.61000 -0.791316119885281
2.61100 -0.7929948446580469
2.61200 -0.7946725113340433
2.61300 -0.7963491098824278
2.61400 -0.7980246302578646
2.61500 -0.7996990624005543
2.61600 -0.8013723962362703
2.61700 -0.8030446216763917
2.61800 -0.8047157286179378
2.61900 -0.8063857069436009
2.62000 -0.8080545465217822
2.62100 -0.809722237206628
2.62200 -0.8113887688380608
2.62300 -0.8130541312418165
2.62400 -0.81471831422948
2.62500 -0.8163813075985217
2.62600 -0.8180431011323305
2.62700 -0.8197036846002508
2.62800 -0.8213630477576195
2.62900 -0.8230211803458014
2.63000 -0.8246780720922288
2.63100 -0.8263337127104302
2.63200 -0.8279880919000775
2.63300 -0.8296411993470161
2.63400 -0.8312930247233052
2.63500 -0.8329435576872531
2.63600 -0.834592787883459
2.63700 -0.8362407049428461
2.63800 -0.8378872984827045
2.63900 -0.8395325581067251
2.64000 -0.8411764734050416
2.64100 -0.8428190339542679
2.64200 -0.8444602293175386
2.64300 -0.8461000490445442
2.64400 -0.8477384826715758
2.64500 -0.8493755197215611
2.64600 -0.8510111497041073
2.64700 -0.8526453621155369
2.64800 -0.854278146438932
2.64900 -0.8559094921441732
2.65000 -0.8575393886879805
2.65100 -0.8591678255139525
2.65200 -0.8607947920526117
2.65300 -0.8624202777214415
2.65400 -0.8640442719249312
2.65500 -0.8656667640546136
2.65600 -0.8672877434891121
2.65700 -0.8689071995941791
2.65800 -0.8705251217227408
2.65900 -0.8721414992149364
2.66000 -0.8737563213981658
2.66100 -0.8753695775871283
2.66200 -0.8769812570838692
2.66300 -0.8785913491778199
2.66400 -0.8801998431458445
2.66500 -0.8818067282522832
2.66600 -0.8834119937489958
2.66700 -0.885015628875404
2.66800 -0.886617622858541
2.66900 -0.8882179649130914
2.67000 -0.88981664424144
2.67100 -0.8914136500337128
2.67200 -0.8930089714678262
2.67300 -0.894602597709532
2.67400 -0.8961945179124612
2.67500 -0.8977847212181714
2.67600 -0.8993731967561941
2.67700 -0.9009599336440793
2.67800 -0.9025449209874443
2.67900 -0.9041281478800169
2.68000 -0.9057096034036878
2.68100 -0.9072892766285546
2.68200 -0.9088671566129704
2.68300 -0.9104432324035896
2.68400 -0.9120174930354198
2.68500 -0.9135899275318671
2.68600 -0.9151605249047863
2.68700 -0.9167292741545263
2.68800 -0.9182961642699838
2.68900 -0.9198611842286504
2.69000 -0.9214243229966607
2.69100 -0.9229855695288426
2.69200 -0.9245449127687673
2.69300 -0.9261023416488006
2.69400 -0.9276578450901505
2.69500 -0.929211412002922
2.69600 -0.9307630312861601
2.69700 -0.9323126918279103
2.69800 -0.933860382505262
2.69900 -0.9354060921844047
2.70000 -0.9369498097206757
2.70100 -0.9384915239586161
2.70200 -0.9400312237320194
2.70300 -0.9415688978639855
2.70400 -0.943104535166972
2.70500 -0.9446381244428486
2.70600 -0.9461696544829482
2.70700 -0.9476991140681217
2.70800 -0.9492264919687894
2.70900 -0.9507517769449964
2.71000 -0.952274957746466
2.71100 -0.9537960231126542
2.71200 -0.9553149617728004
2.71300 -0.9568317624459876
2.71400 -0.9583464138411932
2.71500 -0.9598589046573464
2.71600 -0.9613692235833786
2.71700 -0.9628773592982854
2.71800 -0.9643833004711785
2.71900 -0.9658870357613417
2.72000 -0.9673885538182863
2.72100 -0.9688878432818094
2.72200 -0.9703848927820502
2.72300 -0.9718796909395456
2.72400 -0.9733722263652862
2.72500 -0.9748624876607764
2.72600 -0.9763504634180903
2.72700 -0.9778361422199299
2.72800 -0.9793195126396798
2.72900 -0.9808005632414712
2.73000 -0.982279282580236
2.73100 -0.9837556592017667
2.73200 -0.985229681642773
2.73300 -0.9867013384309457
2.73400 -0.9881706180850112
2.73500 -0.9896375091147942
2.73600 -0.9911020000212739
2.73700 -0.9925640792966482
2.73800 -0.9940237354243909
2.73900 -0.9954809568793136
2.74000 -0.9969357321276238
2.74100 -0.9983880496269898
2.74200 -0.9998378978265988
2.74300 -1.0012852651672197
2.74400 -1.0027301400812627
2.74500 -1.0041725109928432
2.74600 -1.0056123663178433
2.74700 -1.007049694463974
2.74800 -1.0084844838308353
2.74900 -1.009916722809984
2.75000 -1.0113463997849912
2.75100 -1.0127735031315102
2.75200 -1.0141980212173347
2.75300 -1.0156199424024681
2.75400 -1.017039255039183
2.75500 -1.018455947472088
2.75600 -1.0198700080381888
2.75700 -1.0212814250669568
2.75800 -1.0226901868803915
2.75900 -1.0240962817930856
2.76000 -1.0254996981122901
2.76100 -1.0269004241379809
2.76200 -1.028298448162923
2.76300 -1.029693758472739
2.76400 -1.0310863433459712
2.76500 -1.0324761910541516
2.76600 -1.0338632898618665
2.76700 -1.0352476280268257
2.76800 -1.036629193799926
2.76900 -1.038007975425321
2.77000 -1.0393839611404887
2.77100 -1.0407571391762995
2.77200 -1.0421274977570807
2.77300 -1.0434950251006898
2.77400 -1.0448597094185805
2.77500 -1.046221538915871
2.77600 -1.0475805017914133
2.77700 -1.0489365862378632
2.77800 -1.050289780441749
2.77900 -1.0516400725835418
2.78000 -1.0529874508377233
2.78100 -1.0543319033728589
2.78200 -1.055673418351666
2.78300 -1.0570119839310863
2.78400 -1.0583475882623534
2.78500 -1.0596802194910677
2.78600 -1.0610098657572649
2.78700 -1.06233651519549
2.78800 -1.063660155934865
2.78900 -1.0649807760991659
2.79000 -1.066298363806891
2.79100 -1.0676129071713363
2.79200 -1.068924394300664
2.79300 -1.0702328132979806
2.79400 -1.0715381522614063
2.79500 -1.0728403992841504
2.79600 -1.0741395424545825
2.79700 -1.0754355698563094
2.79800 -1.0767284695682469
2.79900 -1.0780182296646958
2.80000 -1.079304838215414
2.80100 -1.0805882832856943
2.80200 -1.0818685529364365
2.80300 -1.0831456352242257
2.80400 -1.0844195182014043
2.80500 -1.0856901899161497
2.80600 -1.0869576384125523
2.80700 -1.088221851730687
2.80800 -1.0894828179066922
2.80900 -1.090740524972847
2.81000 -1.091994960957647
2.81100 -1.0932461138858827
2.81200 -1.094493971778713
2.81300 -1.0957385226537484
2.81400 -1.0969797545251252
2.81500 -1.0982176554035834
2.81600 -1.099452213296548
2.81700 -1.1006834162082024
2.81800 -1.1019112521395722
2.81900 -1.1031357090886018
2.82000 -1.1043567750502337
2.82100 -1.1055744380164874
2.82200 -1.1067886859765401
2.82300 -1.1079995069168074
2.82400 -1.109206888821021
2.82500 -1.1104108196703102
2.82600 -1.1116112874432833
2.82700 -1.1128082801161074
2.82800 -1.114001785662591
2.82900 -1.1151917920542609
2.83000 -1.11637828726045
2.83100 -1.1175612592483744
2.83200 -1.1187406959832182
2.83300 -1.1199165854282127
2.83400 -1.1210889155447215
2.83500 -1.1222576742923223
2.83600 -1.1234228496288903
2.83700 -1.1245844295106795
2.83800 -1.1257424018924074
2.83900 -1.1268967547273403
2.84000 -1.1280474759673738
2.84100 -1.1291945535631185
2.84200 -1.1303379754639848
2.84300 -1.1314777296182672
2.84400 -1.1326138039732285
2.84500 -1.1337461864751839
2.84600 -1.1348748650695886
2.84700 -1.1359998277011218
2.84800 -1.137121062313773
2.84900 -1.1382385568509261
2.85000 -1.139352299255448
2.85100 -1.1404622774697732
2.85200 -1.1415684794359933
2.85300 -1.1426708930959375
2.85400 -1.143769506391267
2.85500 -1.1448643072635583
2.85600 -1.1459552836543923
2.85700 -1.1470424235054386
2.85800 -1.1481257147585484
2.85900 -1.1492051453558403
2.86000 -1.1502807032397884
2.86100 -1.1513523763533102
2.86200 -1.1524201526398588
2.86300 -1.1534840200435086
2.86400 -1.1545439665090464
2.86500 -1.1555999799820607
2.86600 -1.1566520484090301
2.86700 -1.1577001597374161
2.86800 -1.1587443019157522
2.86900 -1.159784462893731
2.87000 -1.1608206306223012
2.87100 -1.1618527930537532
2.87200 -1.1628809381418141
2.87300 -1.1639050538417355
2.87400 -1.1649251281103878
2.87500 -1.1659411489063514
2.87600 -1.166953104190008
2.87700 -1.1679609819236334
2.87800 -1.16896477007149
2.87900 -1.1699644565999203
2.88000 -1.1709600294774394
2.88100 -1.1719514766748262
2.88200 -1.1729387861652196
2.88300 -1.173921945924212
2.88400 -1.1749009439299412
2.88500 -1.1758757681631853
2.88600 -1.1768464066074587
2.88700 -1.1778128472491038
2.88800 -1.1787750780773885
2.88900 -1.1797330870845986
2.89000 -1.1806868622661353
2.89100 -1.1816363916206087
2.89200 -1.182581663149936
2.89300 -1.1835226648594344
2.89400 -1.1844593847579181
2.89500 -1.1853918108577974
2.89600 -1.186319931175171
2.89700 -1.1872437337299242
2.89800 -1.1881632065458285
2.89900 -1.1890783376506355
2.90000 -1.1899891150761757
2.90100 -1.1908955268584551
2.90200 -1.1917975610377551
2.90300 -1.1926952056587294
2.90400 -1.1935884487705015
2.90500 -1.194477278426765
2.90600 -1.1953616826858806
2.90700 -1.1962416496109758
2.90800 -1.1971171672700458
2.90900 -1.1979882237360484
2.91000 -1.1988548070870084
2.91100 -1.1997169054061156
2.91200 -1.2005745067818239
2.91300 -1.2014275993079524
2.91400 -1.2022761710837861
2.91500 -1.2031202102141767
2.91600 -1.203959704809643
2.91700 -1.2047946429864715
2.91800 -1.2056250128668198
2.91900 -1.2064508025788154
2.92000 -1.2072720002566604
2.92100 -1.2080885940407304
2.92200 -1.2089005720776793
2.92300 -1.20970792252054
2.92400 -1.210510633528829
2.92500 -1.2113086932686463
2.92600 -1.2121020899127812
2.92700 -1.2128908116408144
2.92800 -1.2136748466392215
2.92900 -1.2144541831014757
2.93000 -1.2152288092281545
2.93100 -1.2159987132270405
2.93200 -1.2167638833132286
2.93300 -1.2175243077092281
2.93400 -1.2182799746450694
2.93500 -1.2190308723584076
2.93600 -1.219776989094628
2.93700 -1.2205183131069515
2.93800 -1.2212548326565413
2.93900 -1.221986536012607
2.94000 -1.2227134114525111
2.94100 -1.2234354472618751
2.94200 -1.224152631734687
2.94300 -1.2248649531734062
2.94400 -1.2255723998890717
2.94500 -1.2262749602014091
2.94600 -1.226972622438936
2.94700 -1.2276653749390714
2.94800 -1.2283532060482427
2.94900 -1.229036104121994
2.95000 -1.2297140575250922
2.95100 -1.230387054631638
2.95200 -1.2310550838251728
2.95300 -1.2317181334987877
2.95400 -1.2323761920552307
2.95500 -1.2330292479070197
2.95600 -1.233677289476547
2.95700 -1.2343203051961933
2.95800 -1.234958283508433
2.95900 -1.2355912128659468
2.96000 -1.2362190817317322
2.96100 -1.2368418785792117
2.96200 -1.2374595918923434
2.96300 -1.2380722101657338
2.96400 -1.2386797219047465
2.96500 -1.2392821156256142
2.96600 -1.2398793798555499
2.96700 -1.2404715031328573
2.96800 -1.241058474007044
2.96900 -1.2416402810389329
2.97000 -1.2422169128007725
2.97100 -1.242788357876351
2.97200 -1.2433546048611093
2.97300 -1.2439156423622508
2.97400 -1.2444714589988566
2.97500 -1.2450220434019976
2.97600 -1.2455673842148471
2.97700 -1.246107470092796
2.97800 -1.246642289703564
2.97900 -1.2471718317273148
2.98000 -1.2476960848567693
2.98100 -1.2482150377973211
2.98200 -1.2487286792671481
2.98300 -1.2492369979973301
2.98400 -1.2497399827319606
2.98500 -1.2502376222282645
2.98600 -1.2507299052567105
2.98700 -1.2512168206011278
2.98800 -1.2516983570588214
2.98900 -1.2521745034406873
2.99000 -1.252645248571328
2.99100 -1.2531105812891694
2.99200 -1.2535704904465763
2.99300 -1.2540249649099695
2.99400 -1.2544739935599396
2.99500 -1.254917565291368
2.99600 -1.2553556690135403
2.99700 -1.2557882936502645
2.99800 -1.2562154281399887
2.99900 -1.256637061435917