0.00000 -3.046174197828423e-08
0.00100 -2.4369393577987797e-07
0.00200 -8.224670325785484e-07
0.00300 -1.9495514803003504e-06
0.00400 -3.8077177171282033e-06
0.00500 -6.579736159160583e-06
0.00600 -1.0448377180275718e-05
0.00700 -1.5596411082252614e-05
0.00800 -2.2206608053200398e-05
0.00900 -3.0461738112347168e-05
0.01000 -4.0544571039239925e-05
0.01100 -5.2637876285406966e-05
0.01200 -6.692442286653377e-05
0.01300 -8.358697923320435e-05
0.01400 -0.00010280831311825924
0.01500 -0.00012477119135882112
0.01600 -0.00014965837969104057
0.01700 -0.00017765264251561194
0.01800 -0.0002089367426321125
0.01900 -0.00024369344094021542
0.02000 -0.0002821054961058282
0.02100 -0.00032435566419020785
0.02200 -0.00037062669824010743
0.02300 -0.0004211013478370002
0.02400 -0.0004759623586034384
0.02500 -0.0005353924716645972
0.02600 -0.0005995744230630542
0.02700 -0.0006686909431248592
0.02800 -0.0007429247557749441
0.02900 -0.0008224585777999294
0.03000 -0.0009074751180563742
0.03100 -0.0009981570766225292
0.03200 -0.0010946871438916423
0.03300 -0.001197247999604868
0.03400 -0.0013060223118218416
0.03500 -0.0014211927358269642
0.03600 -0.001542941912969459
0.03700 -0.0016714524694352525
0.03800 -0.001806907014948729
0.03900 -0.001949488141402429
0.04000 -0.0020993784214127283
0.04100 -0.002256760406799576
0.04200 -0.0024218166269883287
0.04300 -0.0025947295873317506
0.04400 -0.002775681767350244
0.04500 -0.0029648556188883388
0.04600 -0.003162433564185554
0.04700 -0.0033685979938596297
0.04800 -0.0035835312648002525
0.04900 -0.0038074156979712873
0.05000 -0.0040404335761196055
0.05100 -0.0042827671413885795
0.05200 -0.0045345985928342755
0.05300 -0.004796110083842472
0.05400 -0.005067483719444494
0.05500 -0.005348901553530005
0.05600 -0.005640545585954787
0.05700 -0.005942597759541601
0.05800 -0.006255239956972178
0.05900 -0.006578653997568451
0.06000 -0.006913021633961083
0.06100 -0.0072585245486433666
0.06200 -0.007615344350408597
0.06300 -0.007983662570669
0.06400 -0.008363660659654278
0.06500 -0.008755519982487877
0.06600 -0.0091594218151391
0.06700 -0.009575547340249084
0.06800 -0.010004077642828813
0.06900 -0.01044519370582722
0.07000 -0.010899076405567504
0.07100 -0.011365906507049744
0.07200 -0.011845864659117957
0.07300 -0.012339131389489654
0.07400 -0.01284588709964608
0.07500 -0.013366312059581175
0.07600 -0.013900586402407477
0.07700 -0.014448890118816995
0.07800 -0.015011403051395254
0.07900 -0.015588304888786613
0.08000 -0.016179775159708996
0.08100 -0.016785993226816218
0.08200 -0.01740713828040597
0.08300 -0.018043389331971724
0.08400 -0.018694925207596687
0.08500 -0.019361924541187833
0.08600 -0.020044565767548445
0.08700 -0.020743027115287048
0.08800 -0.021457486599561256
0.08900 -0.022188122014654296
0.09000 -0.022935110926382795
0.09100 -0.023698630664333843
0.09200 -0.02447885831392955
0.09300 -0.02527597070831732
0.09400 -0.026090144420084095
0.09500 -0.026921555752792804
0.09600 -0.02777038073233917
0.09700 -0.02863679509812725
0.09800 -0.029520974294061843
0.09900 -0.030423093459356104
0.10000 -0.03134332741915261
0.10100 -0.0322818506749562
0.10200 -0.03323883739487675
0.10300 -0.03421446140368036
0.10400 -0.03520889617264714
0.10500 -0.036222314809234005
0.10600 -0.03725489004654067
0.10700 -0.038306794232577344
0.10800 -0.03937819931933238
0.10900 -0.04046927685163834
0.11000 -0.041580197955834654
0.11100 -0.04271113332822558
0.11200 -0.04386225322333144
0.11300 -0.04503372744193208
0.11400 -0.04622572531890046
0.11500 -0.04743841571082509
0.11600 -0.0486719669834199
0.11700 -0.04992654699871947
0.11800 -0.05120232310205896
0.11900 -0.05249946210883626
0.12000 -0.053818130291055796
0.12100 -0.05515849336365176
0.12200 -0.05652071647058976
0.12300 -0.057904964170745504
0.12400 -0.05931140042355867
0.12500 -0.06074018857446097
0.12600 -0.062191491340076885
0.12700 -0.0636654707931956
0.12800 -0.06516228834751303
0.12900 -0.06668210474214233
0.13000 -0.06822508002589184
0.13100 -0.06979137354130903
0.13200 -0.07138114390848913
0.13300 -0.0729945490086474
0.13400 -0.07463174596745362
0.13500 -0.07629289113812766
0.13600 -0.07797814008429504
0.13700 -0.07968764756260117
0.13800 -0.0814215675050833
0.13900 -0.08318005300129873
0.14000 -0.08496325628020902
0.14100 -0.08677132869181786
0.14200 -0.08860442068856271
0.14300 -0.09046268180645882
0.14400 -0.09234626064599426
0.14500 -0.09425530485277574
0.14600 -0.09618996109792352
0.14700 -0.09815037505821526
0.14800 -0.1001366913959772
0.14900 -0.10214905373872261
0.15000 -0.10418760465853594
0.15100 -0.10625248565120246
0.15200 -0.10834383711508234
0.15300 -0.11046179832972872
0.15400 -0.1126065074342484
0.15500 -0.11477810140540591
0.15600 -0.11697671603546853
0.15700 -0.11920248590979314
0.15800 -0.12145554438415365
0.15900 -0.12373602356180878
0.16000 -0.12604405427030932
0.16100 -0.12837976603804496
0.16200 -0.1307432870705301
0.16300 -0.13313474422642793
0.16400 -0.13555426299331289
0.16500 -0.1380019674631713
0.16600 -0.14047798030763922
0.16700 -0.1429824227529784
0.16800 -0.14551541455478895
0.16900 -0.1480770739724599
0.17000 -0.1506675177433563
0.17100 -0.1532868610567439
0.17200 -0.15593521752745076
0.17300 -0.1586126991692662
0.17400 -0.1613194163680767
0.17500 -0.1640554778547397
0.17600 -0.16682099067769512
0.17700 -0.16961606017531403
0.17800 -0.1724407899479864
0.17900 -0.17529528182994675
0.18000 -0.1781796358608394
0.18100 -0.18109395025702263
0.18200 -0.18403832138261247
0.18300 -0.1870128437202679
0.18400 -0.19001760984171637
0.18500 -0.1930527103780207
0.18600 -0.1961182339895898
0.18700 -0.19921426733593098
0.18800 -0.20234089504514752
0.18900 -0.2054981996831803
0.19000 -0.2086862617227963
0.19100 -0.2119051595123228
0.19200 -0.21515496924413036
0.19300 -0.2184357649228648
0.19400 -0.22174761833342907
0.19500 -0.22509059900871706
0.19600 -0.22846477419709982
0.19700 -0.2318702088296665
0.19800 -0.23530696548722052
0.19900 -0.23877510436703323
0.20000 -0.24227468324935586
0.20100 -0.2458057574636927
0.20200 -0.24936837985483556
0.20300 -0.25296260074866245
0.20400 -0.25658846791770207
0.20500 -0.2602460265464662
0.20600 -0.2639353191965512
0.20700 -0.267656385771512
0.20800 -0.2714092634815088
0.20900 -0.2751939868077318
0.21000 -0.2790105874666026
0.21100 -0.28285909437375695
0.21200 -0.2867395336078112
0.21300 -0.2906519283739141
0.21400 -0.2945962989670871
0.21500 -0.2985726627353557
0.21600 -0.3025810340426746
0.21700 -0.3066214242316498
0.21800 -0.3106938415860602
0.21900 -0.3147982912931818
0.22000 -0.3189347754059175
0.22100 -0.3231032928047367
0.22200 -0.3273038391594259
0.22300 -0.3315364068906561
0.22400 -0.335800985131368
0.22500 -0.3400975596879818
0.22600 -0.3444261130014302
0.22700 -0.3487866241080248
0.22800 -0.3531790686001537
0.22900 -0.35760341858681755
0.23000 -0.3620596426540083
0.23100 -0.3665477058249319
0.23200 -0.37106756952008274
0.23300 -0.37561919151717116
0.23400 -0.3802025259109099
0.23500 -0.3848175230726645
0.23600 -0.38946412960996996
0.23700 -0.3941422883259213
0.23800 -0.3988519381784402
0.23900 -0.4035930142394241
0.24000 -0.408365447653783
0.24100 -0.4131691655983674
0.24200 -0.41800409124079396
0.24300 -0.42287014369817416
0.24400 -0.4277672379957504
0.24500 -0.43269528502544713
0.24600 -0.43765419150433843
0.24700 -0.44264385993304356
0.24800 -0.44766418855405143
0.24900 -0.45271507130998206
0.25000 -0.4577963978017916
0.25100 -0.46290805324692497
0.25200 -0.4680499184374249
0.25300 -0.4732218696980019
0.25400 -0.4784237788440732
0.25500 -0.4836555131397751
0.25600 -0.48891693525595753
0.25700 -0.49420790322816754
0.25800 -0.4995282704146271
0.25900 -0.5048778854542136
0.26000 -0.5102565922244502
0.26100 -0.5156642297995129
0.26200 -0.5211006324082617
0.26300 -0.5265656293923042
0.26400 -0.5320590451640991
0.26500 -0.5375806991651046
0.26600 -0.5431304058239869
0.26700 -0.5487079745148863
0.26800 -0.5543132095157601
0.26900 -0.5599459099668013
0.27000 -0.5656058698289479
0.27100 -0.5712928778424885
0.27200 -0.5770067174857726
0.27300 -0.5827471669340353
0.27400 -0.5885139990183464
0.27500 -0.59430698118469
0.27600 -0.6001258754531866
0.27700 -0.6059704383774644
0.27800 -0.6118404210041929
0.27900 -0.6177355688327837
0.28000 -0.6236556217752726
0.28100 -0.6296003141163891
0.28200 -0.635569374473826
0.28300 -0.6415625257587171
0.28400 -0.6475794851363356
0.28500 -0.653619963987021
0.28600 -0.6596836678673452
0.28700 -0.6657702964715311
0.28800 -0.6718795435931313
0.28900 -0.6780110970869797
0.29000 -0.6841646388314238
0.29100 -0.6903398446908549
0.29200 -0.6965363844785409
0.29300 -0.7027539219197767
0.29400 -0.708992114615363
0.29500 -0.715250614005425
0.29600 -0.721529065333581
0.29700 -0.7278271076114782
0.29800 -0.7341443735836995
0.29900 -0.740480489693061
0.30000 -0.7468350760463076
0.30100 -0.7532077463802226
0.30200 -0.7595981080281592
0.30300 -0.7660057618870124
0.30400 -0.7724303023846391
0.30500 -0.7788713174477414
0.30600 -0.785328388470227
0.30700 -0.7918010902820576
0.30800 -0.7982889911185997
0.30900 -0.8047916525904932
0.31000 -0.8113086296540462
0.31100 -0.8178394705821749
0.31200 -0.8243837169359006
0.31300 -0.8309409035364165
0.31400 -0.8375105584377383
0.31500 -0.8440922028999549
0.31600 -0.8506853513630929
0.31700 -0.8572895114216059
0.31800 -0.863904183799509
0.31900 -0.8705288623261652
0.32000 -0.8771630339127495
0.32100 -0.8838061785293927
0.32200 -0.8904577691830303
0.32300 -0.8971172718959652
0.32400 -0.9037841456851639
0.32500 -0.910457842542296
0.32600 -0.9171378074145401
0.32700 -0.9238234781861614
0.32800 -0.9305142856608882
0.32900 -0.9372096535450936
0.33000 -0.9439089984318013
0.33100 -0.9506117297855349
0.33200 -0.9573172499280201
0.33300 -0.9640249540247634
0.33400 -0.970734230072515
0.33500 -0.9774444588876414
0.33600 -0.9841550140954155
0.33700 -0.9908652621202481
0.33800 -0.9975745621768703
0.33900 -1.004282266262492
0.34000 -1.0109877191499417
0.34100 -1.0176902583818184
0.34200 -1.0243892142656592
0.34300 -1.0310839098701494
0.34400 -1.0377736610223858
0.34500 -1.0444577763062148
0.34600 -1.0511355570616594
0.34700 -1.0578062973854534
0.34800 -1.0644692841327013
0.34900 -1.07112379691968
0.35000 -1.0777691081277996
0.35100 -1.08440448290874
0.35200 -1.091029179190787
0.35300 -1.0976424476863724
0.35400 -1.104243531900854
0.35500 -1.1108316681425339
0.35600 -1.1174060855339503
0.35700 -1.123966006024445
0.35800 -1.1305106444040387
0.35900 -1.1370392083186214
0.36000 -1.1435508982864797
0.36100 -1.1500449077161812
0.36200 -1.1565204229258288
0.36300 -1.162976623163708
0.36400 -1.1694126806303426
0.36500 -1.1758277605019747
0.36600 -1.1822210209554935
0.36700 -1.1885916131948224
0.36800 -1.1949386814787917
0.36900 -1.2012613631505042
0.37000 -1.207558788668224
0.37100 -1.2138300816377938
0.37200 -1.2200743588466108
0.37300 -1.2262907302991675
0.37400 -1.2324782992541867
0.37500 -1.2386361622633584
0.37600 -1.2447634092117037
0.37700 -1.25085912335958
0.37800 -1.2569223813863453
0.37900 -1.2629522534357038
0.38000 -1.2689478031627408
0.38100 -1.2749080877826766
0.38200 -1.2808321581213467
0.38300 -1.2867190586674329
0.38400 -1.2925678276264578
0.38500 -1.2983774969765642
0.38600 -1.3041470925260912
0.38700 -1.3098756339729711
0.38800 -1.3155621349659594
0.38900 -1.3212056031677148
0.39000 -1.3268050403197484
0.39100 -1.3323594423092577
0.39200 -1.3378677992378634
0.39300 -1.34332909549226
0.39400 -1.3487423098168068
0.39500 -1.3541064153880635
0.39600 -1.3594203798912992
0.39700 -1.3646831655989755
0.39800 -1.3698937294512372
0.39900 -1.3750510231384112
0.40000 -1.3801539931855369
0.40100 -1.3852015810389418
0.40200 -1.390192723154876
0.40300 -1.395126351090224
0.40400 -1.4000013915953033
0.40500 -1.4048167667087694
0.40600 -1.4095713938546397
0.40700 -1.4142641859414473
0.40800 -1.4188940514635457
0.40900 -1.4234598946045696
0.41000 -1.427960615343073
0.41100 -1.4323951095603522
0.41200 -1.43676226915047
0.41300 -1.44106098213249
0.41400 -1.4452901327649406
0.41500 -1.4494486016625105
0.41600 -1.4535352659149994
0.41700 -1.457548999208524
0.41800 -1.461488671948999
0.41900 -1.4653531513879
0.42000 -1.4691413017503214
0.42100 -1.4728519843653365
0.42200 -1.4764840577986729
0.42300 -1.480036377987711
0.42400 -1.4835077983788163
0.42500 -1.4868971700670137
0.42600 -1.4902033419380116
0.42700 -1.4934251608125872
0.42800 -1.4965614715933366
0.42900 -1.4996111174138003
0.43000 -1.5025729397899708
0.43100 -1.5054457787741884
0.43200 -1.5082284731114313
0.43300 -1.510919860398006
0.43400 -1.513518777242646
0.43500 -1.5160240594300176
0.43600 -1.518434542086646
0.43700 -1.5207490598492583
0.43800 -1.5229664470355502
0.43900 -1.5250855378173815
0.44000 -1.5271051663963986
0.44100 -1.5290241671820908
0.44200 -1.5308413749722787
0.44300 -1.5325556251360382
0.44400 -1.534165753799059
0.44500 -1.53567059803144
0.44600 -1.5370689960379194
0.44700 -1.5383597873505388
0.44800 -1.5395418130237406
0.44900 -1.5406139158318972
0.45000 -1.5415749404692674
0.45100 -1.5424237337523787
0.45200 -1.543159144824831
0.45300 -1.5437800253645175
0.45400 -1.544285229793259
0.45500 -1.5446736154888423
0.45600 -1.5449440429994616
0.45700 -1.545095376260552
0.45800 -1.545126482814011
0.45900 -1.5450362340297963
0.46000 -1.5448235053298927
0.46100 -1.5444871764146408
0.46200 -1.5440261314914154
0.46300 -1.5434392595056379
0.46400 -1.5427254543741242
0.46500 -1.5418836152207396
0.46600 -1.5409126466143621
0.46700 -1.5398114588091294
0.46800 -1.5385789679869624
0.46900 -1.537214096502348
0.47000 -1.5357157731293616
0.47100 -1.5340829333109187
0.47200 -1.532314519410235
0.47300 -1.5304094809644737
0.47400 -1.5283667749405698
0.47500 -1.5261853659931979
0.47600 -1.5238642267248783
0.47700 -1.5214023379481896
0.47800 -1.5187986889500662
0.47900 -1.516052277758162
0.48000 -1.5131621114092533
0.48100 -1.5101272062196567
0.48200 -1.5069465880576356
0.48300 -1.5036192926177714
0.48400 -1.5001443656972653
0.48500 -1.4965208634741518
0.48600 -1.492747852787389
0.48700 -1.4888244114187918
0.48800 -1.4847496283767876
0.48900 -1.4805226041819526
0.49000 -1.476142451154299
0.49100 -1.4716082937022847
0.49200 -1.4669192686134995
0.49300 -1.4620745253470009
0.49400 -1.4570732263272643
0.49500 -1.4519145472396966
0.49600 -1.446597677327696
0.49700 -1.4411218196911957
0.49800 -1.4354861915866661
0.49900 -1.429690024728532
0.50000 -1.4237325655919535
0.50100 -1.417613075716936
0.50200 -1.4113308320137286
0.50300 -1.4048851270694405
0.50400 -1.3982752694558713
0.50500 -1.3915005840384618
0.50600 -1.3845604122863475
0.50700 -1.3774541125834596
0.50800 -1.3701810605406066
0.50900 -1.3627406493085097
0.51000 -1.3551322898917157
0.51100 -1.3473554114633526
0.51200 -1.3394094616806589
0.51300 -1.3312939070012373
0.51400 -1.323008232999975
0.51500 -1.3145519446865745
0.51600 -1.305924566823628
0.51700 -1.2971256442451822
0.51800 -1.288154742175736
0.51900 -1.2790114465495903
0.52000 -1.269695364330516
0.52100 -1.2602061238316384
0.52200 -1.250543375035511
0.52300 -1.2407067899142818
0.52400 -1.2306960627499024
0.52500 -1.2205109104542937
0.52600 -1.2101510728894262
0.52700 -1.1996163131872088
0.52800 -1.1889064180691429
0.52900 -1.1780211981656492
0.53000 -1.166960488335009
0.53100 -1.155724147981827
0.53200 -1.1443120613749556
0.53300 -1.132724137964789
0.53400 -1.1209603126998606
0.53500 -1.1090205463426555
0.53600 -1.0969048257845597
0.53700 -1.0846131643598644
0.53800 -1.0721456021587428
0.53900 -1.0595022063391137
0.54000 -1.0466830714373085
0.54100 -1.0336883196774567
0.54200 -1.020518101279494
0.54300 -1.0071725947657182
0.54400 -0.9936520072657958
0.54500 -0.979956574820123
0.54600 -0.9660865626814656
0.54700 -0.9520422656147697
0.54800 -0.9378240081950594
0.54900 -0.9234321451033226
0.55000 -0.9088670614202906
0.55100 -0.8941291729180186
0.55200 -0.8792189263491601
0.55300 -0.8641367997338485
0.55400 -0.8488833026440811
0.55500 -0.833458976485498
0.55600 -0.8178643947764779
0.55700 -0.8021001634244093
0.55800 -0.7861669209990849
0.55900 -0.7700653390030625
0.56000 -0.7537961221389323
0.56100 -0.7373600085733549
0.56200 -0.7207577701977771
0.56300 -0.7039902128857176
0.56400 -0.6870581767465062
0.56500 -0.6699625363753829
0.56600 -0.6527042010998271
0.56700 -0.6352841152220211
0.56800 -0.6177032582573363
0.56900 -0.5999626451687166
0.57000 -0.5820633265968652
0.57100 -0.5640063890861052
0.57200 -0.545792955305806
0.57300 -0.5274241842672642
0.57400 -0.5089012715359196
0.57500 -0.4902254494387817
0.57600 -0.4713979872669762
0.57700 -0.45242019147325546
0.57800 -0.43329340586439224
0.57900 -0.41401901178831807
0.58000 -0.39459842831588515
0.58100 -0.3750331124171432
0.58200 -0.3553245591320114
0.58300 -0.33547430173520915
0.58400 -0.31548391189534675
0.58500 -0.2953549998280322
0.58600 -0.2750892144429031
0.58700 -0.2546882434844203
0.58800 -0.2341538136663376
0.58900 -0.21348769079971838
0.59000 -0.19269167991434416
0.59100 -0.17176762537344784
0.59200 -0.15071741098159416
0.59300 -0.12954296008562668
0.59400 -0.10824623566852183
0.59500 -0.08682924043605941
0.59600 -0.06529401689616429
0.59700 -0.04364264743080018
0.59800 -0.02187725436029988
0.59900 -2.56489425829572e-16