0.00000 0.017453292519943295
0.00100 0.03490658503988659
0.00200 0.05235987755982989
0.00300 0.06981317007977318
0.00400 0.08726646259971649
0.00500 0.10471975511965978
0.00600 0.12217304763960309
0.00700 0.13962634015954636
0.00800 0.15707963267948968
0.00900 0.17453292519943298
0.01000 0.19198621771937624
0.01100 0.20943951023931956
0.01200 0.22689280275926288
0.01300 0.24434609527920617
0.01400 0.26179938779914946
0.01500 0.2792526803190927
0.01600 0.29670597283903605
0.01700 0.31415926535897937
0.01800 0.33161255787892263
0.01900 0.34906585039886595
0.02000 0.36651914291880927
0.02100 0.3839724354387525
0.02200 0.4014257279586958
0.02300 0.4188790204786391
0.02400 0.43633231299858244
0.02500 0.45378560551852576
0.02600 0.471238898038469
0.02700 0.48869219055841234
0.02800 0.5061454830783556
0.02900 0.5235987755982989
0.03000 0.5410520681182422
0.03100 0.5585053606381855
0.03200 0.5759586531581288
0.03300 0.5934119456780721
0.03400 0.6108652381980154
0.03500 0.6283185307179587
0.03600 0.6457718232379019
0.03700 0.6632251157578453
0.03800 0.6806784082777886
0.03900 0.6981317007977319
0.04000 0.7155849933176752
0.04100 0.7330382858376185
0.04200 0.7504915783575619
0.04300 0.767944870877505
0.04400 0.7853981633974483
0.04500 0.8028514559173916
0.04600 0.8203047484373349
0.04700 0.8377580409572782
0.04800 0.8552113334772216
0.04900 0.8726646259971649
0.05000 0.8901179185171082
0.05100 0.9075712110370515
0.05200 0.9250245035569947
0.05300 0.942477796076938
0.05400 0.9599310885968814
0.05500 0.9773843811168247
0.05600 0.9948376736367679
0.05700 1.0122909661567112
0.05800 1.0297442586766545
0.05900 1.0471975511965979
0.06000 1.0646508437165412
0.06100 1.0821041362364845
0.06200 1.0995574287564276
0.06300 1.117010721276371
0.06400 1.1344640137963142
0.06500 1.1519173063162575
0.06600 1.1693705988362009
0.06700 1.1868238913561442
0.06800 1.2042771838760875
0.06900 1.2217304763960308
0.07000 1.2391837689159741
0.07100 1.2566370614359175
0.07200 1.2740903539558606
0.07300 1.2915436464758039
0.07400 1.3089969389957472
0.07500 1.3264502315156905
0.07600 1.3439035240356338
0.07700 1.3613568165555772
0.07800 1.3788101090755205
0.07900 1.3962634015954638
0.08000 1.4137166941154071
0.08100 1.4311699866353504
0.08200 1.4486232791552938
0.08300 1.466076571675237
0.08400 1.4835298641951804
0.08500 1.5009831567151237
0.08600 1.518436449235067
0.08700 1.53588974175501
0.08800 1.5533430342749532
0.08900 1.5707963267948966
0.09000 1.5882496193148399
0.09100 1.6057029118347832
0.09200 1.6231562043547265
0.09300 1.6406094968746698
0.09400 1.6580627893946132
0.09500 1.6755160819145565
0.09600 1.6929693744344998
0.09700 1.7104226669544431
0.09800 1.7278759594743864
0.09900 1.7453292519943298
0.10000 1.762782544514273
0.10100 1.7802358370342164
0.10200 1.7976891295541597
0.10300 1.815142422074103
0.10400 1.8325957145940461
0.10500 1.8500490071139895
0.10600 1.8675022996339328
0.10700 1.884955592153876
0.10800 1.9024088846738194
0.10900 1.9198621771937627
0.11000 1.937315469713706
0.11100 1.9547687622336494
0.11200 1.9722220547535927
0.11300 1.9896753472735358
0.11400 2.0071286397934793
0.11500 2.0245819323134224
0.11600 2.042035224833366
0.11700 2.059488517353309
0.11800 2.0769418098732526
0.11900 2.0943951023931957
0.12000 2.111848394913139
0.12100 2.1293016874330823
0.12200 2.1467549799530254
0.12300 2.164208272472969
0.12400 2.181661564992912
0.12500 2.199114857512855
0.12600 2.2165681500327987
0.12700 2.234021442552742
0.12800 2.2514747350726854
0.12900 2.2689280275926285
0.13000 2.286381320112572
0.13100 2.303834612632515
0.13200 2.3212879051524586
0.13300 2.3387411976724017
0.13400 2.3561944901923453
0.13500 2.3736477827122884
0.13600 2.391101075232232
0.13700 2.408554367752175
0.13800 2.4260076602721186
0.13900 2.4434609527920617
0.14000 2.460914245312005
0.14100 2.4783675378319483
0.14200 2.495820830351892
0.14300 2.513274122871835
0.14400 2.530727415391778
0.14500 2.548180707911721
0.14600 2.5656340004316647
0.14700 2.5830872929516078
0.14800 2.600540585471551
0.14900 2.6179938779914944
0.15000 2.6354471705114375
0.15100 2.652900463031381
0.15200 2.670353755551324
0.15300 2.6878070480712677
0.15400 2.705260340591211
0.15500 2.7227136331111543
0.15600 2.7401669256310974
0.15700 2.757620218151041
0.15800 2.775073510670984
0.15900 2.7925268031909276
0.16000 2.8099800957108707
0.16100 2.8274333882308142
0.16200 2.8448866807507573
0.16300 2.862339973270701
0.16400 2.879793265790644
0.16500 2.8972465583105875
0.16600 2.9146998508305306
0.16700 2.932153143350474
0.16800 2.9496064358704173
0.16900 2.967059728390361
0.17000 2.984513020910304
0.17100 3.0019663134302474
0.17200 3.0194196059501905
0.17300 3.036872898470134
0.17400 3.054326190990077
0.17500 3.07177948351002
0.17600 3.0892327760299634
0.17700 3.1066860685499065
0.17800 3.12413936106985
0.17900 3.141592653589793
0.18000 3.1590459461097367
0.18100 3.1764992386296798
0.18200 3.1939525311496233
0.18300 3.2114058236695664
0.18400 3.22885911618951
0.18500 3.246312408709453
0.18600 3.2637657012293966
0.18700 3.2812189937493397
0.18800 3.298672286269283
0.18900 3.3161255787892263
0.19000 3.33357887130917
0.19100 3.351032163829113
0.19200 3.3684854563490565
0.19300 3.3859387488689996
0.19400 3.403392041388943
0.19500 3.4208453339088862
0.19600 3.4382986264288298
0.19700 3.455751918948773
0.19800 3.4732052114687164
0.19900 3.4906585039886595
0.20000 3.508111796508603
0.20100 3.525565089028546
0.20200 3.5430183815484892
0.20300 3.560471674068433
0.20400 3.577924966588376
0.20500 3.5953782591083194
0.20600 3.6128315516282625
0.20700 3.630284844148206
0.20800 3.6477381366681487
0.20900 3.6651914291880923
0.21000 3.6826447217080354
0.21100 3.700098014227979
0.21200 3.717551306747922
0.21300 3.7350045992678655
0.21400 3.7524578917878086
0.21500 3.769911184307752
0.21600 3.7873644768276953
0.21700 3.804817769347639
0.21800 3.822271061867582
0.21900 3.8397243543875255
0.22000 3.8571776469074686
0.22100 3.874630939427412
0.22200 3.892084231947355
0.22300 3.9095375244672987
0.22400 3.926990816987242
0.22500 3.9444441095071854
0.22600 3.9618974020271285
0.22700 3.9793506945470716
0.22800 3.996803987067015
0.22900 4.014257279586959
0.23000 4.031710572106902
0.23100 4.049163864626845
0.23200 4.066617157146788
0.23300 4.084070449666732
0.23400 4.101523742186675
0.23500 4.118977034706618
0.23600 4.136430327226561
0.23700 4.153883619746505
0.23800 4.171336912266448
0.23900 4.188790204786391
0.24000 4.2062434973063345
0.24100 4.223696789826278
0.24200 4.241150082346221
0.24300 4.258603374866165
0.24400 4.276056667386108
0.24500 4.293509959906051
0.24600 4.310963252425994
0.24700 4.328416544945938
0.24800 4.345869837465881
0.24900 4.363323129985824
0.25000 4.380776422505767
0.25100 4.39822971502571
0.25200 4.415683007545654
0.25300 4.4331363000655974
0.25400 4.4505895925855405
0.25500 4.468042885105484
0.25600 4.485496177625428
0.25700 4.502949470145371
0.25800 4.520402762665314
0.25900 4.537856055185257
0.26000 4.555309347705201
0.26100 4.572762640225144
0.26200 4.590215932745087
0.26300 4.60766922526503
0.26400 4.625122517784974
0.26500 4.642575810304917
0.26600 4.66002910282486
0.26700 4.6774823953448035
0.26800 4.6949356878647475
0.26900 4.712388980384691
0.27000 4.729842272904634
0.27100 4.747295565424577
0.27200 4.764748857944521
0.27300 4.782202150464464
0.27400 4.799655442984407
0.27500 4.81710873550435
0.27600 4.834562028024294
0.27700 4.852015320544237
0.27800 4.86946861306418
0.27900 4.886921905584123
0.28000 4.904375198104066
0.28100 4.92182849062401
0.28200 4.9392817831439535
0.28300 4.956735075663897
0.28400 4.97418836818384
0.28500 4.991641660703784
0.28600 5.009094953223727
0.28700 5.02654824574367
0.28800 5.044001538263612
0.28900 5.061454830783556
0.29000 5.078908123303499
0.29100 5.096361415823442
0.29200 5.113814708343385
0.29300 5.131268000863329
0.29400 5.1487212933832724
0.29500 5.1661745859032155
0.29600 5.183627878423159
0.29700 5.201081170943102
0.29800 5.218534463463046
0.29900 5.235987755982989
0.30000 5.253441048502932
0.30100 5.270894341022875
0.30200 5.288347633542819
0.30300 5.305800926062762
0.30400 5.323254218582705
0.30500 5.340707511102648
0.30600 5.358160803622592
0.30700 5.375614096142535
0.30800 5.3930673886624785
0.30900 5.410520681182422
0.31000 5.427973973702366
0.31100 5.445427266222309
0.31200 5.462880558742252
0.31300 5.480333851262195
0.31400 5.497787143782139
0.31500 5.515240436302082
0.31600 5.532693728822025
0.31700 5.550147021341968
0.31800 5.567600313861912
0.31900 5.585053606381855
0.32000 5.602506898901798
0.32100 5.619960191421741
0.32200 5.637413483941685
0.32300 5.6548667764616285
0.32400 5.672320068981572
0.32500 5.689773361501515
0.32600 5.707226654021459
0.32700 5.724679946541402
0.32800 5.742133239061345
0.32900 5.759586531581288
0.33000 5.777039824101231
0.33100 5.794493116621175
0.33200 5.811946409141118
0.33300 5.829399701661061
0.33400 5.846852994181004
0.33500 5.864306286700948
0.33600 5.881759579220891
0.33700 5.8992128717408345
0.33800 5.916666164260778
0.33900 5.934119456780722
0.34000 5.951572749300665
0.34100 5.969026041820608
0.34200 5.986479334340551
0.34300 6.003932626860495
0.34400 6.021385919380438
0.34500 6.038839211900381
0.34600 6.056292504420324
0.34700 6.073745796940268
0.34800 6.091199089460211
0.34900 6.108652381980154
0.35000 6.1261056745000975
0.35100 6.14355896702004
0.35200 6.161012259539984
0.35300 6.178465552059927
0.35400 6.19591884457987
0.35500 6.213372137099813
0.35600 6.230825429619757
0.35700 6.2482787221397
0.35800 6.265732014659643
0.35900 6.283185307179586
0.36000 6.30063859969953
0.36100 6.318091892219473
0.36200 6.335545184739416
0.36300 6.3529984772593595
0.36400 6.3704517697793035
0.36500 6.387905062299247
0.36600 6.40535835481919
0.36700 6.422811647339133
0.36800 6.440264939859077
0.36900 6.45771823237902
0.37000 6.475171524898963
0.37100 6.492624817418906
0.37200 6.51007810993885
0.37300 6.527531402458793
0.37400 6.544984694978736
0.37500 6.562437987498679
0.37600 6.5798912800186224
0.37700 6.597344572538566
0.37800 6.6147978650585095
0.37900 6.632251157578453
0.38000 6.649704450098396
0.38100 6.66715774261834
0.38200 6.684611035138283
0.38300 6.702064327658226
0.38400 6.719517620178169
0.38500 6.736970912698113
0.38600 6.754424205218056
0.38700 6.771877497737999
0.38800 6.789330790257942
0.38900 6.806784082777886
0.39000 6.824237375297829
0.39100 6.8416906678177725
0.39200 6.859143960337716
0.39300 6.8765972528576595
0.39400 6.894050545377603
0.39500 6.911503837897546
0.39600 6.928957130417489
0.39700 6.946410422937433
0.39800 6.963863715457376
0.39900 6.981317007977319
0.40000 6.998770300497262
0.40100 7.016223593017206
0.40200 7.033676885537149
0.40300 7.051130178057092
0.40400 7.068583470577035
0.40500 7.0860367630969785
0.40600 7.1034900556169225
0.40700 7.120943348136866
0.40800 7.138396640656809
0.40900 7.155849933176752
0.41000 7.173303225696696
0.41100 7.190756518216639
0.41200 7.208209810736582
0.41300 7.225663103256525
0.41400 7.243116395776469
0.41500 7.260569688296412
0.41600 7.278022980816354
0.41700 7.2954762733362974
0.41800 7.312929565856241
0.41900 7.3303828583761845
0.42000 7.347836150896128
0.42100 7.365289443416071
0.42200 7.382742735936014
0.42300 7.400196028455958
0.42400 7.417649320975901
0.42500 7.435102613495844
0.42600 7.452555906015787
0.42700 7.470009198535731
0.42800 7.487462491055674
0.42900 7.504915783575617
0.43000 7.52236907609556
0.43100 7.539822368615504
0.43200 7.5572756611354475
0.43300 7.574728953655391
0.43400 7.592182246175334
0.43500 7.609635538695278
0.43600 7.627088831215221
0.43700 7.644542123735164
0.43800 7.661995416255107
0.43900 7.679448708775051
0.44000 7.696902001294994
0.44100 7.714355293814937
0.44200 7.73180858633488
0.44300 7.749261878854824
0.44400 7.766715171374767
0.44500 7.78416846389471
0.44600 7.8016217564146535
0.44700 7.8190750489345975
0.44800 7.836528341454541
0.44900 7.853981633974484
0.45000 7.871434926494427
0.45100 7.888888219014371
0.45200 7.906341511534314
0.45300 7.923794804054257
0.45400 7.9412480965742
0.45500 7.958701389094143
0.45600 7.976154681614087
0.45700 7.99360797413403
0.45800 8.011061266653973
0.45900 8.028514559173917
0.46000 8.04596785169386
0.46100 8.063421144213804
0.46200 8.080874436733748
0.46300 8.09832772925369
0.46400 8.115781021773634
0.46500 8.133234314293576
0.46600 8.15068760681352
0.46700 8.168140899333464
0.46800 8.185594191853406
0.46900 8.20304748437335
0.47000 8.220500776893294
0.47100 8.237954069413236
0.47200 8.25540736193318
0.47300 8.272860654453122
0.47400 8.290313946973066
0.47500 8.30776723949301
0.47600 8.325220532012953
0.47700 8.342673824532897
0.47800 8.36012711705284
0.47900 8.377580409572783
0.48000 8.395033702092725
0.48100 8.412486994612669
0.48200 8.429940287132611
0.48300 8.447393579652555
0.48400 8.4648468721725
0.48500 8.482300164692441
0.48600 8.499753457212385
0.48700 8.51720674973233
0.48800 8.534660042252272
0.48900 8.552113334772216
0.49000 8.569566627292158
0.49100 8.587019919812102
0.49200 8.604473212332046
0.49300 8.621926504851988
0.49400 8.639379797371932
0.49500 8.656833089891876
0.49600 8.674286382411818
0.49700 8.691739674931762
0.49800 8.709192967451704
0.49900 8.726646259971648
0.50000 8.744099552491592
0.50100 8.761552845011535
0.50200 8.779006137531479
0.50300 8.79645943005142
0.50400 8.813912722571365
0.50500 8.831366015091309
0.50600 8.848819307611251
0.50700 8.866272600131195
0.50800 8.883725892651139
0.50900 8.901179185171081
0.51000 8.918632477691025
0.51100 8.936085770210967
0.51200 8.953539062730911
0.51300 8.970992355250855
0.51400 8.988445647770797
0.51500 9.005898940290741
0.51600 9.023352232810685
0.51700 9.040805525330628
0.51800 9.058258817850572
0.51900 9.075712110370514
0.52000 9.093165402890458
0.52100 9.110618695410402
0.52200 9.128071987930344
0.52300 9.145525280450288
0.52400 9.162978572970232
0.52500 9.180431865490174
0.52600 9.197885158010118
0.52700 9.21533845053006
0.52800 9.232791743050004
0.52900 9.250245035569948
0.53000 9.26769832808989
0.53100 9.285151620609835
0.53200 9.302604913129777
0.53300 9.32005820564972
0.53400 9.337511498169665
0.53500 9.354964790689607
0.53600 9.372418083209551
0.53700 9.389871375729495
0.53800 9.407324668249437
0.53900 9.424777960769381
0.54000 9.442231253289323
0.54100 9.459684545809267
0.54200 9.477137838329211
0.54300 9.494591130849154
0.54400 9.512044423369098
0.54500 9.529497715889041
0.54600 9.546951008408984
0.54700 9.564404300928928
0.54800 9.58185759344887
0.54900 9.599310885968814
0.55000 9.616764178488758
0.55100 9.6342174710087
0.55200 9.651670763528644
0.55300 9.669124056048588
0.55400 9.68657734856853
0.55500 9.704030641088474
0.55600 9.721483933608416
0.55700 9.73893722612836
0.55800 9.756390518648304
0.55900 9.773843811168247
0.56000 9.79129710368819
0.56100 9.808750396208133
0.56200 9.826203688728077
0.56300 9.84365698124802
0.56400 9.861110273767963
0.56500 9.878563566287907
0.56600 9.896016858807851
0.56700 9.913470151327793
0.56800 9.930923443847737
0.56900 9.94837673636768
0.57000 9.965830028887623
0.57100 9.983283321407567
0.57200 10.00073661392751
0.57300 10.018189906447454
0.57400 10.035643198967398
0.57500 10.05309649148734
0.57600 10.070549784007282
0.57700 10.088003076527224
0.57800 10.105456369047168
0.57900 10.122909661567112
0.58000 10.140362954087054
0.58100 10.157816246606998
0.58200 10.17526953912694
0.58300 10.192722831646885
0.58400 10.210176124166829
0.58500 10.22762941668677
0.58600 10.245082709206715
0.58700 10.262536001726659
0.58800 10.279989294246601
0.58900 10.297442586766545
0.59000 10.314895879286487
0.59100 10.332349171806431
0.59200 10.349802464326375
0.59300 10.367255756846317
0.59400 10.384709049366261
0.59500 10.402162341886203
0.59600 10.419615634406147
0.59700 10.437068926926091
0.59800 10.454522219446034
0.59900 10.471975511965978