0.00000 -4.8738787165872385e-11
0.00100 -3.8991029732686033e-10
0.00200 -1.3159472534764165e-09
0.00300 -3.1192823785996794e-09
0.00400 -6.092348395656846e-09
0.00500 -1.0527578027551574e-08
0.00600 -1.671740399707944e-08
0.00700 -2.495425902685145e-08
0.00800 -3.553057583918762e-08
0.00900 -4.873878715597559e-08
0.01000 -6.487132569848945e-08
0.01100 -8.422062418716363e-08
0.01200 -1.0707911534131669e-07
0.01300 -1.3373923187882047e-07
0.01400 -1.6449340651570964e-07
0.01500 -1.996340719657256e-07
0.01600 -2.394536609397914e-07
0.01700 -2.8424460614541114e-07
0.01800 -3.342993402859901e-07
0.01900 -3.899102960600701e-07
0.02000 -4.5136990616047397e-07
0.02100 -5.189706032733568e-07
0.02200 -5.930048200771569e-07
0.02300 -6.737649892414409e-07
0.02400 -7.615435434256405e-07
0.02500 -8.566329152776744e-07
0.02600 -9.593255374324485e-07
0.02700 -1.069913842510236e-06
0.02800 -1.1886902631149221e-06
0.02900 -1.3159472318321164e-06
0.03000 -1.4519771812271284e-06
0.03100 -1.5970725438427946e-06
0.03200 -1.7515257521971561e-06
0.03300 -1.9156292387809838e-06
0.03400 -2.089675436055143e-06
0.03500 -2.273956776447793e-06
0.03600 -2.4687656923514154e-06
0.03700 -2.6743946161196753e-06
0.03800 -2.8911359800640893e-06
0.03900 -3.119282216450523e-06
0.04000 -3.359125757495491e-06
0.04100 -3.6109590353622624e-06
0.04200 -3.875074482156773e-06
0.04300 -4.151764529923322e-06
0.04400 -4.441321610640078e-06
0.04500 -4.744038156214338e-06
0.04600 -5.060206598477608e-06
0.04700 -5.390119369180425e-06
0.04800 -5.73406889998697e-06
0.04900 -6.092347622469433e-06
0.05000 -6.465247968102149e-06
0.05100 -6.853062368255485e-06
0.05200 -7.256083254189479e-06
0.05300 -7.674603057047224e-06
0.05400 -8.108914207847985e-06
0.05500 -8.55930913748007e-06
0.05600 -9.026080276693412e-06
0.05700 -9.509520056091883e-06
0.05800 -1.0009920906125347e-05
0.05900 -1.052757525708139e-05
0.06000 -1.10627755390768e-05
0.06100 -1.1615814182048729e-05
0.06200 -1.2186983615745565e-05
0.06300 -1.2776576269717491e-05
0.06400 -1.3384884573306745e-05
0.06500 -1.4012200955637568e-05
0.06600 -1.4658817845605813e-05
0.06700 -1.532502767186825e-05
0.06800 -1.601112286283154e-05
0.06900 -1.671739584664087e-05
0.07000 -1.7444139051168225e-05
0.07100 -1.819164490400037e-05
0.07200 -1.896020583242643e-05
0.07300 -1.975011426342517e-05
0.07400 -2.0561662623651836e-05
0.07500 -2.139514333942472e-05
0.07600 -2.2250848836711266e-05
0.07700 -2.312907154111394e-05
0.07800 -2.4030103877855528e-05
0.07900 -2.495423827176423e-05
0.08000 -2.5901767147258236e-05
0.08100 -2.687298292833004e-05
0.08200 -2.7868178038530148e-05
0.08300 -2.8887644900950638e-05
0.08400 -2.9931675938208107e-05
0.08500 -3.100056357242632e-05
0.08600 -3.209460022521834e-05
0.08700 -3.321407831766836e-05
0.08800 -3.4359290270313056e-05
0.08900 -3.553052850312236e-05
0.09000 -3.672808543548009e-05
0.09100 -3.7952253486163834e-05
0.09200 -3.9203325073324606e-05
0.09300 -4.048159261446592e-05
0.09400 -4.178734852642249e-05
0.09500 -4.312088522533835e-05
0.09600 -4.448249512664467e-05
0.09700 -4.5872470645036924e-05
0.09800 -4.7291104194451724e-05
0.09900 -4.8738688188043085e-05
0.10000 -5.02155150381582e-05
0.10100 -5.172187715631279e-05
0.10200 -5.32580669531659e-05
0.10300 -5.482437683849415e-05
0.10400 -5.642109922116559e-05
0.10500 -5.8048526509113025e-05
0.10600 -5.9706951109306616e-05
0.10700 -6.13966654277263e-05
0.10800 -6.311796186933331e-05
0.10900 -6.487113283804157e-05
0.11000 -6.665647073668813e-05
0.11100 -6.847426796700341e-05
0.11200 -7.032481692958064e-05
0.11300 -7.220841002384487e-05
0.11400 -7.412533964802151e-05
0.11500 -7.607589819910397e-05
0.11600 -7.806037807282125e-05
0.11700 -8.007907166360444e-05
0.11800 -8.213227136455293e-05
0.11900 -8.422026956740001e-05
0.12000 -8.63433586624778e-05
0.12100 -8.850183103868174e-05
0.12200 -9.069597908343418e-05
0.12300 -9.292609518264769e-05
0.12400 -9.519247172068762e-05
0.12500 -9.749540108033409e-05
0.12600 -9.98351756427432e-05
0.12700 -0.0001022120877874079
0.12800 -0.00010462642989211793
0.12900 -0.0001070784943329194
0.13000 -0.00010956857348407359
0.13100 -0.00011209695971801494
0.13200 -0.00011466394540530894
0.13300 -0.00011726982291460859
0.13400 -0.00011991488461261083
0.13500 -0.00012259942286401213
0.13600 -0.00012532373003146328
0.13700 -0.00012808809847552352
0.13800 -0.00013089282055461427
0.13900 -0.00013373818862497182
0.14000 -0.0001366244950405995
0.14100 -0.00013955203215321928
0.14200 -0.00014252109231222226
0.14300 -0.00014553196786461903
0.14400 -0.00014858495115498878
0.14500 -0.00015168033452542826
0.14600 -0.00015481841031549928
0.14700 -0.00015799947086217627
0.14800 -0.00016122380849979242
0.14900 -0.00016449171555998578
0.15000 -0.00016780348437164404
0.15100 -0.0001711594072608487
0.15200 -0.00017455977655081887
0.15300 -0.00017800488456185375
0.15400 -0.0001814950236112748
0.15500 -0.00018503048601336677
0.15600 -0.00018861156407931848
0.15700 -0.00019223855011716226
0.15800 -0.00019591173643171292
0.15900 -0.00019963141532450588
0.16000 -0.00020339787909373454
0.16100 -0.00020721142003418685
0.16200 -0.00021107233043718112
0.16300 -0.00021498090259050072
0.16400 -0.00021893742877832846
0.16500 -0.0002229422012811798
0.16600 -0.00022699551237583557
0.16700 -0.00023109765433527323
0.16800 -0.00023524891942859814
0.16900 -0.0002394495999209736
0.17000 -0.00024369998807354952
0.17100 -0.00024800037614339146
0.17200 -0.00025235105638340743
0.17300 -0.00025675232104227546
0.17400 -0.0002612044623643682
0.17500 -0.0002657077725896788
0.17600 -0.0002702625439537449
0.17700 -0.00027486906868757105
0.17800 -0.0002795276390175518
0.17900 -0.00028423854716539266
0.18000 -0.0002890020853480311
0.18100 -0.00029381854577755596
0.18200 -0.0002986882206611256
0.18300 -0.00030361140220088703
0.18400 -0.0003085883825938918
0.18500 -0.00031361945403201214
0.18600 -0.00031870490870185655
0.18700 -0.00032384503878468376
0.18800 -0.0003290401364563158
0.18900 -0.0003342904938870504
0.19000 -0.0003395964032415727
0.19100 -0.00034495815667886506
0.19200 -0.0003503760463521173
0.19300 -0.0003558503644086347
0.19400 -0.00036138140298974577
0.19500 -0.000366969454230709
0.19600 -0.0003726148102606182
0.19700 -0.0003783177632023076
0.19800 -0.0003840786051722552
0.19900 -0.00038989762828048574
0.20000 -0.0003957751246304721
0.20100 -0.00040171138631903656
0.20200 -0.0004077067054362503
0.20300 -0.00041376137406533194
0.20400 -0.00041987568428254556
0.20500 -0.00042604992815709747
0.20600 -0.00043228439775103134
0.20700 -0.0004385793851191241
0.20800 -0.000444935182308778
0.20900 -0.0004513520813599149
0.21000 -0.00045783037430486667
0.21100 -0.000464370353168266
0.21200 -0.00047097230996693656
0.21300 -0.00047763653670978006
0.21400 -0.00048436332539766543
0.21500 -0.0004911529680233139
0.21600 -0.0004980057565711843
0.21700 -0.0005049219830173583
0.21800 -0.0005119019393294224
0.21900 -0.0005189459174663501
0.22000 -0.0005260542093783839
0.22100 -0.0005332271070069135
0.22200 -0.0005404649022843564
0.22300 -0.0005477678871340339
0.22400 -0.0005551363534700488
0.22500 -0.0005625705931971602
0.22600 -0.0005700708982106586
0.22700 -0.0005776375603962379
0.22800 -0.0005852708716298685
0.22900 -0.0005929711237776679
0.23000 -0.0006007386086957707
0.23100 -0.0006085736182301968
0.23200 -0.0006164764442167197
0.23300 -0.0006244473784807317
0.23400 -0.0006324867128371108
0.23500 -0.0006405947390900828
0.23600 -0.0006487717490330861
0.23700 -0.0006570180344486318
0.23800 -0.0006653338871081655
0.23900 -0.0006737195987719258
0.24000 -0.0006821754611888031
0.24100 -0.0006907017660961963
0.24200 -0.0006992988052198686
0.24300 -0.0007079668702738017
0.24400 -0.0007167062529600503
0.24500 -0.0007255172449685928
0.24600 -0.0007344001379771838
0.24700 -0.0007433552236512025
0.24800 -0.0007523827936435023
0.24900 -0.000761483139594257
0.25000 -0.0007706565531308082
0.25100 -0.0007799033258675086
0.25200 -0.000789223749405567
0.25300 -0.0007986181153328894
0.25400 -0.0008080867152239208
0.25500 -0.000817629840639485
0.25600 -0.0008272477831266226
0.25700 -0.0008369408342184291
0.25800 -0.0008467092854338897
0.25900 -0.0008565534282777155
0.26000 -0.0008664735542401753
0.26100 -0.0008764699547969296
0.26200 -0.0008865429214088593
0.26300 -0.0008966927455218971
0.26400 -0.0009069197185668553
0.26500 -0.0009172241319592514
0.26600 -0.0009276062770991354
0.26700 -0.0009380664453709141
0.26800 -0.0009486049281431715
0.26900 -0.0009592220167684945
0.27000 -0.0009699180025832899
0.27100 -0.000980693176907605
0.27200 -0.000991547831044944
0.27300 -0.0010024822562820861
0.27400 -0.0010134967438888986
0.27500 -0.0010245915851181517
0.27600 -0.0010357670712053306
0.27700 -0.0010470234933684442
0.27800 -0.0010583611428078383
0.27900 -0.0010697803107060009
0.28000 -0.0010812812882273694
0.28100 -0.0010928643665181368
0.28200 -0.0011045298367060548
0.28300 -0.0011162779899002366
0.28400 -0.0011281091171909574
0.28500 -0.0011400235096494554
0.28600 -0.001152021458327729
0.28700 -0.0011641032542583339
0.28800 -0.0011762691884541782
0.28900 -0.0011885195519083195
0.29000 -0.0012008546355937514
0.29100 -0.0012132747304631993
0.29200 -0.0012257801274489107
0.29300 -0.001238371117462439
0.29400 -0.001251047991394435
0.29500 -0.001263811040114429
0.29600 -0.001276660554470617
0.29700 -0.0012895968252896414
0.29800 -0.0013026201433763728
0.29900 -0.00131573079951369
0.30000 -0.0013289290844622557
0.30100 -0.001342215288960296
0.30200 -0.0013555897037233736
0.30300 -0.0013690526194441617
0.30400 -0.0013826043267922163
0.30500 -0.0013962451164137462
0.30600 -0.0014099752789313818
0.30700 -0.0014237951049439444
0.30800 -0.0014377048850262092
0.30900 -0.001451704909728673
0.31000 -0.0014657954695773134
0.31100 -0.001479976855073355
0.31200 -0.0014942493566930234
0.31300 -0.001508613264887309
0.31400 -0.0015230688700817194
0.31500 -0.0015376164626760374
0.31600 -0.0015522563330440744
0.31700 -0.00156698877153342
0.31800 -0.0015818140684651948
0.31900 -0.0015967325141338002
0.32000 -0.0016117443988066613
0.32100 -0.0016268500127239783
0.32200 -0.0016420496460984664
0.32300 -0.0016573435891151004
0.32400 -0.0016727321319308553
0.32500 -0.001688215564674444
0.32600 -0.0017037941774460594
0.32700 -0.0017194682603171043
0.32800 -0.001735238103329932
0.32900 -0.0017511039964975752
0.33000 -0.0017670662298034782
0.33100 -0.0017831250932012282
0.33200 -0.0017992808766142806
0.33300 -0.0018155338699356869
0.33400 -0.0018318843630278198
0.33500 -0.001848332645722095
0.33600 -0.0018648790078186937
0.33700 -0.001881523739086281
0.33800 -0.001898267129261726
0.33900 -0.0019151094680498167
0.34000 -0.0019320510451229735
0.34100 -0.0019490921501209644
0.34200 -0.0019662330726506177
0.34300 -0.0019834741022855267
0.34400 -0.002000815528565762
0.34500 -0.0020182576409975756
0.34600 -0.0020358007290531073
0.34700 -0.002053445082170085
0.34800 -0.002071190989751528
0.34900 -0.0020890387411654433
0.35000 -0.00210698862574453
0.35100 -0.0021250409327858663
0.35200 -0.002143195951550612
0.35300 -0.002161453971263693
0.35400 -0.0021798152811134995
0.35500 -0.00219828017025157
0.35600 -0.00221684892779228
0.35700 -0.0022355218428125293
0.35800 -0.0022542992043514207
0.35900 -0.0022731813014099478
0.36000 -0.0022921684229506726
0.36100 -0.0023112608578974014
0.36200 -0.002330458895134867
0.36300 -0.0023497628235083965
0.36400 -0.002369172931823591
0.36500 -0.0023886895088459925
0.36600 -0.0024083128433007557
0.36700 -0.0024280432238723126
0.36800 -0.0024478809392040417
0.36900 -0.0024678262778979306
0.37000 -0.002487879528514237
0.37100 -0.002508040979571151
0.37200 -0.002528310919544451
0.37300 -0.002548689636867163
0.37400 -0.0025691774199292153
0.37500 -0.002589774557077089
0.37600 -0.0026104813366134706
0.37700 -0.0026312980467969017
0.37800 -0.0026522249758414254
0.37900 -0.0026732624119162342
0.38000 -0.002694410643145309
0.38100 -0.0027156699576070657
0.38200 -0.0027370406433339916
0.38300 -0.002758522988312286
0.38400 -0.0027801172804814943
0.38500 -0.002801823807734145
0.38600 -0.0028236428579153767
0.38700 -0.002845574718822575
0.38800 -0.002867619678204997
0.38900 -0.0028897780237633983
0.39000 -0.00291205004314966
0.39100 -0.0029344360239664073
0.39200 -0.002956936253766634
0.39300 -0.0029795510200533205
0.39400 -0.0030022806102790504
0.39500 -0.0030251253118456257
0.39600 -0.0030480854121036787
0.39700 -0.003071161198352284
0.39800 -0.00309435295783857
0.39900 -0.003117660977757322
0.40000 -0.0031410855452505913
0.40100 -0.0031646269474072935
0.40200 -0.0031882854712628147
0.40300 -0.0032120614037986104
0.40400 -0.0032359550319417995
0.40500 -0.003259966642564762
0.40600 -0.0032840965224847315
0.40700 -0.0033083449584633885
0.40800 -0.003332712237206447
0.40900 -0.0033571986453632434
0.41000 -0.00338180446952632
0.41100 -0.0034065299962310145
0.41200 -0.003431375511955031
0.41300 -0.003456341303118028
0.41400 -0.003481427656081192
0.41500 -0.0035066348571468143
0.41600 -0.0035319631925578585
0.41700 -0.0035574129484975438
0.41800 -0.0035829844110888995
0.41900 -0.0036086778663943432
0.42000 -0.00363449360041524
0.42100 -0.003660431899091467
0.42200 -0.0036864930483009725
0.42300 -0.0037126773338593388
0.42400 -0.0037389850415193346
0.42500 -0.0037654164569704746
0.42600 -0.003791971865838562
0.42700 -0.003818651553685252
0.42800 -0.003845455806007591
0.42900 -0.003872384908237564
0.43000 -0.003899439145741645
0.43100 -0.0039266188038203295
0.43200 -0.0039539241677076795
0.43300 -0.003981355522570862
0.43400 -0.004008913153509685
0.43500 -0.004036597345556127
0.43600 -0.004064408383673872
0.43700 -0.004092346552757834
0.43800 -0.004120412137633692
0.43900 -0.00414860542305741
0.44000 -0.004176926693714758
0.44100 -0.004205376234220836
0.44200 -0.00423395432911959
0.44300 -0.0042626612628833315
0.44400 -0.004291497319912251
0.44500 -0.004320462784533926
0.44600 -0.0043495579410028325
0.44700 -0.004378783073499855
0.44800 -0.004408138466131794
0.44900 -0.004437624402930859
0.45000 -0.00446724116785418
0.45100 -0.004496989044783301
0.45200 -0.004526868317523678
0.45300 -0.004556879269804178
0.45400 -0.004587022185276559
0.45500 -0.00461729734751497
0.45600 -0.00464770504001544
0.45700 -0.004678245546195352
0.45800 -0.004708919149392942
0.45900 -0.004739726132866769
0.46000 -0.004770666779795193
0.46100 -0.00480174137327586
0.46200 -0.004832950196325167
0.46300 -0.004864293531877743
0.46400 -0.0048957716627859105
0.46500 -0.004927384871819158
0.46600 -0.004959133441663604
0.46700 -0.004991017654921459
0.46800 -0.005023037794110486
0.46900 -0.005055194141663464
0.47000 -0.0050874869799276325
0.47100 -0.005119916591164159
0.47200 -0.00515248325754758
0.47300 -0.005185187261165258
0.47400 -0.0052180288840168185
0.47500 -0.005251008408013608
0.47600 -0.005284126114978122
0.47700 -0.005317382286643456
0.47800 -0.005350777204652737
0.47900 -0.005384311150558559
0.48000 -0.005417984405822424
0.48100 -0.005451797251814158
0.48200 -0.005485749969811352
0.48300 -0.0055198428409987815
0.48400 -0.0055540761464678325
0.48500 -0.005588450167215921
0.48600 -0.0056229651841459135
0.48700 -0.005657621478065541
0.48800 -0.005692419329686819
0.48900 -0.0057273590196254475
0.49000 -0.005762440828400237
0.49100 -0.005797665036432499
0.49200 -0.005833031924045461
0.49300 -0.005868541771463664
0.49400 -0.0059041948588123665
0.49500 -0.0059399914661169345
0.49600 -0.005975931873302245
0.49700 -0.006012016360192072
0.49800 -0.006048245206508482
0.49900 -0.006084618691871217
0.50000 -0.006121137095797082
0.50100 -0.00615780069769933
0.50200 -0.006194609776887032
0.50300 -0.006231564612564478
0.50400 -0.0062686654838305204
0.50500 -0.0063059126696779775
0.50600 -0.006343306448992984
0.50700 -0.006380847100554368
0.50800 -0.0064185349030330165
0.50900 -0.006456370134991237
0.51000 -0.006494353074882118
0.51100 -0.006532484001048886
0.51200 -0.0065707631917242635
0.51300 -0.006609190925029826
0.51400 -0.006647767478975348
0.51500 -0.006686493131458147
0.51600 -0.006725368160262439
0.51700 -0.006764392843058685
0.51800 -0.006803567457402911
0.51900 -0.00684289228073607
0.52000 -0.006882367590383364
0.52100 -0.006921993663553583
0.52200 -0.006961770777338435
0.52300 -0.007001699208711877
0.52400 -0.007041779234529428
0.52500 -0.007082011131527512
0.52600 -0.007122395176322765
0.52700 -0.007162931645411356
0.52800 -0.007203620815168307
0.52900 -0.007244462961846803
0.53000 -0.0072854583615774935
0.53100 -0.007326607290367822
0.53200 -0.007367910024101315
0.53300 -0.007409366838536882
0.53400 -0.007450978009308135
0.53500 -0.007492743811922665
0.53600 -0.007534664521761347
0.53700 -0.007576740414077636
0.53800 -0.007618971763996855
0.53900 -0.007661358846515469
0.54000 -0.007703901936500395
0.54100 -0.007746601308688259
0.54200 -0.007789457237684696
0.54300 -0.007832469997963616
0.54400 -0.007875639863866477
0.54500 -0.007918967109601565
0.54600 -0.007962452009243252
0.54700 -0.00800609483673128
0.54800 -0.008049895865870004
0.54900 -0.008093855370327668
0.55000 -0.00813797362363566
0.55100 -0.008182250899187766
0.55200 -0.00822668747023943
0.55300 -0.008271283609906987
0.55400 -0.008316039591166932
0.55500 -0.00836095568685516
0.55600 -0.008406032169666197
0.55700 -0.00845126931215246
0.55800 -0.00849666738672347
0.55900 -0.008542226665645115
0.56000 -0.008587947421038853
0.56100 -0.008633829924880966
0.56200 -0.008679874449001772
0.56300 -0.008726081265084857
0.56400 -0.008772450644666288
0.56500 -0.008818982859133838
0.56600 -0.008865678179726205
0.56700 -0.008912536877532216
0.56800 -0.008959559223490045
0.56900 -0.009006745488386416
0.57000 -0.009054095942855814
0.57100 -0.00910161085737968
0.57200 -0.009149290502285617
0.57300 -0.009197135147746586
0.57400 -0.009245145063780092
0.57500 -0.00929332052024739
0.57600 -0.009341661786852659
0.57700 -0.009390169133142208
0.57800 -0.009438842828503633
0.57900 -0.009487683142165016
0.58000 -0.009536690343194095
0.58100 -0.009585864700497446
0.58200 -0.00963520648281965
0.58300 -0.009684715958742459
0.58400 -0.009734393396683971
0.58500 -0.009784239064897794
0.58600 -0.009834253231472193
0.58700 -0.009884436164329267
0.58800 -0.009934788131224098
0.58900 -0.009985309399743889
0.59000 -0.010036000237307142
0.59100 -0.010086860911162782
0.59200 -0.010137891688389314
0.59300 -0.010189092835893955
0.59400 -0.010240464620411786
0.59500 -0.010292007308504872
0.59600 -0.010343721166561405
0.59700 -0.010395606460794841
0.59800 -0.010447663457243008
0.59900 -0.01049989242176725
0.60000 -0.010552293620051535
0.60100 -0.010604867317601583
0.60200 -0.010657613779743978
0.60300 -0.010710533271625286
0.60400 -0.010763626058211158
0.60500 -0.01081689240428544
0.60600 -0.010870332574449287
0.60700 -0.01092394683312025
0.60800 -0.010977735444531381
0.60900 -0.011031698672730347
0.61000 -0.011085836781578484
0.61100 -0.011140150034749927
0.61200 -0.011194638695730676
0.61300 -0.011249303027817684
0.61400 -0.011304143294117948
0.61500 -0.011359159757547576
0.61600 -0.01141435268083086
0.61700 -0.011469722326499374
0.61800 -0.011525268956891018
0.61900 -0.011580992834149099
0.62000 -0.011636894220221383
0.62100 -0.011692973376859168
0.62200 -0.011749230565616353
0.62300 -0.011805666047848464
0.62400 -0.011862280084711732
0.62500 -0.01191907293716213
0.62600 -0.011976044865954424
0.62700 -0.012033196131641225
0.62800 -0.012090526994572012
0.62900 -0.012148037714892194
0.63000 -0.012205728552542117
0.63100 -0.012263599767256123
0.63200 -0.012321651618561564
0.63300 -0.012379884365777829
0.63400 -0.012438298268015376
0.63500 -0.012496893584174749
0.63600 -0.012555670572945581
0.63700 -0.012614629492805639
0.63800 -0.01267377060201981
0.63900 -0.01273309415863912
0.64000 -0.012792600420499728
0.64100 -0.012852289645221955
0.64200 -0.012912162090209255
0.64300 -0.012972218012647224
0.64400 -0.013032457669502605
0.64500 -0.013092881317522254
0.64600 -0.013153489213232148
0.64700 -0.013214281612936366
0.64800 -0.01327525877271607
0.64900 -0.013336420948428462
0.65000 -0.013397768395705804
0.65100 -0.013459301369954357
0.65200 -0.013521020126353363
0.65300 -0.013582924919854003
0.65400 -0.013645016005178366
0.65500 -0.013707293636818422
0.65600 -0.013769758069034958
0.65700 -0.013832409555856549
0.65800 -0.0138952483510785
0.65900 -0.013958274708261803
0.66000 -0.01402148888073207
0.66100 -0.014084891121578489
0.66200 -0.014148481683652764
0.66300 -0.014212260819568034
0.66400 -0.014276228781697818
0.66500 -0.014340385822174966
0.66600 -0.014404732192890535
0.66700 -0.014469268145492766
0.66800 -0.014533993931385974
0.66900 -0.014598909801729478
0.67000 -0.014664016007436508
0.67100 -0.01472931279917314
0.67200 -0.01479480042735717
0.67300 -0.014860479142157029
0.67400 -0.01492634919349072
0.67500 -0.014992410831024674
0.67600 -0.015058664304172664
0.67700 -0.01512510986209471
0.67800 -0.015191747753695948
0.67900 -0.01525857822762553
0.68000 -0.015325601532275501
0.68100 -0.015392817915779698
0.68200 -0.0154602276260126
0.68300 -0.015527830910588227
0.68400 -0.015595628016859002
0.68500 -0.015663619191914616
0.68600 -0.0157318046825809
0.68700 -0.015800184735418686
0.68800 -0.015868759596722657
0.68900 -0.01593752951252023
0.69000 -0.016006494728570377
0.69100 -0.016075655490362495
0.69200 -0.01614501204311524
0.69300 -0.01621456463177538
0.69400 -0.01628431350101665
0.69500 -0.016354258895238543
0.69600 -0.016424401058565193
0.69700 -0.016494740234844183
0.69800 -0.016565276667645377
0.69900 -0.01663601060025974
0.70000 -0.016706942275698182
0.70100 -0.016778071936690335
0.70200 -0.016849399825683408
0.70300 -0.016920926184840965
0.70400 -0.016992651256041793
0.70500 -0.017064575280878635
0.70600 -0.01713669850065702
0.70700 -0.017209021156394097
0.70800 -0.017281543488817372
0.70900 -0.01735426573836356
0.71000 -0.017427188145177325
0.71100 -0.01750031094911009
0.71200 -0.017573634389718838
0.71300 -0.017647158706264852
0.71400 -0.01772088413771253
0.71500 -0.017794810922728138
0.71600 -0.017868939299678574
0.71700 -0.017943269506630173
0.71800 -0.01801780178134742
0.71900 -0.018092536361291753
0.72000 -0.018167473483620307
0.72100 -0.01824261338518466
0.72200 -0.0183179563025296
0.72300 -0.018393502471891848
0.72400 -0.018469252129198848
0.72500 -0.01854520551006747
0.72600 -0.018621362849802748
0.72700 -0.018697724383396664
0.72800 -0.018774290345526797
0.72900 -0.018851060970555146
0.73000 -0.018928036492526782
0.73100 -0.019005217145168608
0.73200 -0.019082603161888072
0.73300 -0.01916019477577188
0.73400 -0.0192379922195847
0.73500 -0.01931599572576791
0.73600 -0.019394205526438245
0.73700 -0.01947262185338654
0.73800 -0.019551244938076435
0.73900 -0.019630075011643048
0.74000 -0.01970911230489169
0.74100 -0.019788357048296512
0.74200 -0.019867809471999277
0.74300 -0.019947469805807954
0.74400 -0.02002733827919544
0.74500 -0.02010741512129825
0.74600 -0.02018770056091516
0.74700 -0.0202681948265059
0.74800 -0.020348898146189814
0.74900 -0.02042981074774452
0.75000 -0.020510932858604582
0.75100 -0.02059226470586015
0.75200 -0.020673806516255642
0.75300 -0.020755558516188367
0.75400 -0.020837520931707185
0.75500 -0.02091969398851117
0.75600 -0.021002077911948195
0.75700 -0.02108467292701364
0.75800 -0.021167479258349005
0.75900 -0.02125049713024049
0.76000 -0.0213337267666177
0.76100 -0.021417168391052222
0.76200 -0.021500822226756252
0.76300 -0.02158468849658124
0.76400 -0.021668767423016468
0.76500 -0.021753059228187696
0.76600 -0.02183756413385574
0.76700 -0.021922282361415097
0.76800 -0.022007214131892546
0.76900 -0.02209235966594573
0.77000 -0.022177719183861792
0.77100 -0.022263292905555895
0.77200 -0.02234908105056989
0.77300 -0.022435083838070854
0.77400 -0.02252130148684968
0.77500 -0.022607734215319662
0.77600 -0.02269438224151507
0.77700 -0.02278124578308973
0.77800 -0.022868325057315564
0.77900 -0.02295562028108118
0.78000 -0.023043131670890442
0.78100 -0.023130859442861
0.78200 -0.023218803812722864
0.78300 -0.02330696499581698
0.78400 -0.023395343207093702
0.78500 -0.02348393866111144
0.78600 -0.023572751572035113
0.78700 -0.023661782153634747
0.78800 -0.02375103061928399
0.78900 -0.023840497181958624
0.79000 -0.02393018205423514
0.79100 -0.02402008544828921
0.79200 -0.02411020757589426
0.79300 -0.02420054864841996
0.79400 -0.02429110887683073
0.79500 -0.02438188847168429
0.79600 -0.02447288764313014
0.79700 -0.024564106600908055
0.79800 -0.024655545554346646
0.79900 -0.024747204712361755
0.80000 -0.02483908428345507
0.80100 -0.024931184475712548
0.80200 -0.025023505496802892
0.80300 -0.025116047553976097
0.80400 -0.025208810854061858
0.80500 -0.02530179560346812
0.80600 -0.025395002008179512
0.80700 -0.025488430273755816
0.80800 -0.02558208060533047
0.80900 -0.02567595320760899
0.81000 -0.025770048284867467
0.81100 -0.025864366040951017
0.81200 -0.025958906679272215
0.81300 -0.026053670402809585
0.81400 -0.026148657414106016
0.81500 -0.026243867915267224
0.81600 -0.026339302107960184
0.81700 -0.02643496019341159
0.81800 -0.026530842372406254
0.81900 -0.02662694884528558
0.82000 -0.026723279811945954
0.82100 -0.0268198354718372
0.82200 -0.026916616023960983
0.82300 -0.02701362166686924
0.82400 -0.027110852598662576
0.82500 -0.0272083090169887
0.82600 -0.027305991119040824
0.82700 -0.027403899101556054
0.82800 -0.027502033160813823
0.82900 -0.027600393492634254
0.83000 -0.02769898029237658
0.83100 -0.02779779375493752
0.83200 -0.027896834074749674
0.83300 -0.027996101445779943
0.83400 -0.028095596061527832
0.83500 -0.028195318115023897
0.83600 -0.028295267798828076
0.83700 -0.028395445305028102
0.83800 -0.02849585082523784
0.83900 -0.02859648455059566
0.84000 -0.028697346671762818
0.84100 -0.02879843737892175
0.84200 -0.028899756861774522
0.84300 -0.029001305309541116
0.84400 -0.029103082910957773
0.84500 -0.029205089854275397
0.84600 -0.029307326327257823
0.84700 -0.029409792517180195
0.84800 -0.029512488610827326
0.84900 -0.029615414794491958
0.85000 -0.029718571253973168
0.85100 -0.029821958174574614
0.85200 -0.02992557574110291
0.85300 -0.030029424137865978
0.85400 -0.030133503548671243
0.85500 -0.03023781415682405
0.85600 -0.030342356145125947
0.85700 -0.03044712969587296
0.85800 -0.03055213499085392
0.85900 -0.03065737221134876
0.86000 -0.030762841538126806
0.86100 -0.030868543151445032
0.86200 -0.030974477231046432
0.86300 -0.031080643956158217
0.86400 -0.031187043505490137
0.86500 -0.03129367605723277
0.86600 -0.03140054178905574
0.86700 -0.031507640878106084
0.86800 -0.03161497350100641
0.86900 -0.03172253983385322
0.87000 -0.0318303400522152
0.87100 -0.031938374331131385
0.87200 -0.03204664284510953
0.87300 -0.03215514576812425
0.87400 -0.03226388327361532
0.87500 -0.03237285553448594
0.87600 -0.03248206272310093
0.87700 -0.032591505011285
0.87800 -0.03270118257032095
0.87900 -0.03281109557094794
0.88000 -0.0329212441833597
0.88100 -0.033031628577202723
0.88200 -0.03314224892157453
0.88300 -0.033253105385021915
0.88400 -0.03336419813553902
0.88500 -0.03347552734056574
0.88600 -0.03358709316698576
0.88700 -0.03369889578112483
0.88800 -0.03381093534874902
0.88900 -0.03392321203506281
0.89000 -0.03403572600470734
0.89100 -0.034148477421758604
0.89200 -0.03426146644972563
0.89300 -0.03437469325154864
0.89400 -0.03448815798959728
0.89500 -0.03460186082566872
0.89600 -0.034715801920985945
0.89700 -0.03482998143619578
0.89800 -0.034944399531367194
0.89900 -0.03505905636598935
0.90000 -0.035173952098969834
0.90100 -0.035289086888632824
0.90200 -0.03540446089271718
0.90300 -0.03552007426837461
0.90400 -0.03563592717216788
0.90500 -0.03575201976006889
0.90600 -0.035868352187456834
0.90700 -0.03598492460911634
0.90800 -0.036101737179235614
0.90900 -0.03621879005140453
0.91000 -0.03633608337861279
0.91100 -0.0364536173132481
0.91200 -0.03657139200709417
0.91300 -0.03668940761132889
0.91400 -0.036807664276522496
0.91500 -0.0369261621526356
0.91600 -0.037044901389017344
0.91700 -0.03716388213440346
0.91800 -0.03728310453691446
0.91900 -0.037402568744053594
0.92000 -0.03752227490270507
0.92100 -0.037642223159132106
0.92200 -0.03776241365897496
0.92300 -0.03788284654724912
0.92400 -0.03800352196834327
0.92500 -0.03812444006601748
0.92600 -0.038245600983401164
0.92700 -0.03836700486299126
0.92800 -0.038488651846650235
0.92900 -0.03861054207560414
0.93000 -0.03873267569044073
0.93100 -0.03885505283110745
0.93200 -0.03897767363690952
0.93300 -0.03910053824650805
0.93400 -0.03922364679791796
0.93500 -0.03934699942850611
0.93600 -0.039470596274989375
0.93700 -0.03959443747343254
0.93800 -0.039718523159246504
0.93900 -0.0398428534671862
0.94000 -0.03996742853134864
0.94100 -0.040092248485171025
0.94200 -0.040217313461428615
0.94300 -0.040342623592232896
0.94400 -0.04046817900902949
0.94500 -0.04059397984259622
0.94600 -0.04072002622304112
0.94700 -0.040846318279800405
0.94800 -0.040972856141636496
0.94900 -0.041099639936636054
0.95000 -0.04122666979220789
0.95100 -0.04135394583508104
0.95200 -0.04148146819130272
0.95300 -0.041609236986236274
0.95400 -0.04173725234455926
0.95500 -0.04186551439026131
0.95600 -0.041994023246642205
0.95700 -0.04212277903630978
0.95800 -0.04225178188117791
0.95900 -0.04238103190246454
0.96000 -0.04251052922068954
0.96100 -0.04264027395567274
0.96200 -0.042770266226531864
0.96300 -0.04290050615168051
0.96400 -0.04303099384882606
0.96500 -0.04316172943496763
0.96600 -0.04329271302639405
0.96700 -0.04342394473868179
0.96800 -0.04355542468669292
0.96900 -0.04368715298457294
0.97000 -0.043819129745748864
0.97100 -0.04395135508292707
0.97200 -0.04408382910809119
0.97300 -0.0442165519325001
0.97400 -0.0443495236666858
0.97500 -0.04448274442045137
0.97600 -0.044616214302868835
0.97700 -0.04474993342227709
0.97800 -0.044883901886279824
0.97900 -0.04501811980174339
0.98000 -0.04515258727479477
0.98100 -0.04528730441081937
0.98200 -0.04542227131445903
0.98300 -0.04555748808960981
0.98400 -0.04569295483941995
0.98500 -0.04582867166628771
0.98600 -0.04596463867185932
0.98700 -0.04610085595702674
0.98800 -0.046237323621925674
0.98900 -0.04637404176593329
0.99000 -0.04651101048766624
0.99100 -0.04664822988497846
0.99200 -0.04678570005495898
0.99300 -0.04692342109392989
0.99400 -0.047061393097444094
0.99500 -0.047199616160283224
0.99600 -0.04733809037645552
0.99700 -0.04747681583919359
0.99800 -0.0476157926409523
0.99900 -0.04775502087340662
1.00000 -0.0478945006274495
1.00100 -0.048034231993189576
1.00200 -0.04817421505994922
1.00300 -0.04831444991626206
1.00400 -0.048454936649871175
1.00500 -0.04859567534772656
1.00600 -0.04873666609598327
1.00700 -0.04887790897999893
1.00800 -0.04901940408433185
1.00900 -0.04916115149273853
1.01000 -0.049303151288171775
1.01100 -0.049445403552778204
1.01200 -0.049587908367896366
1.01300 -0.04973066581405419
1.01400 -0.049873675970967105
1.01500 -0.0500169389175356
1.01600 -0.05016045473184317
1.01700 -0.05030422349115397
1.01800 -0.05044824527191077
1.01900 -0.05059252014973246
1.02000 -0.05073704819941221
1.02100 -0.05088182949491484
1.02200 -0.051026864109374986
1.02300 -0.05117215211509445
1.02400 -0.05131769358354039
1.02500 -0.051463488585342776
1.02600 -0.05160953719029226
1.02700 -0.05175583946733798
1.02800 -0.051902395484585216
1.02900 -0.05204920530929323
1.03000 -0.0521962690078729
1.03100 -0.05234358664588468
1.03200 -0.052491158288036036
1.03300 -0.052638983998179525
1.03400 -0.052787063839310235
1.03500 -0.0529353978735637
1.03600 -0.05308398616221357
1.03700 -0.05323282876566937
1.03800 -0.05338192574347417
1.03900 -0.053531277154302385
1.04000 -0.05368088305595739
1.04100 -0.053830743505369386
1.04200 -0.05398085855859291
1.04300 -0.05413122827080483
1.04400 -0.05428185269630174
1.04500 -0.05443273188849792
1.04600 -0.05458386589992283
1.04700 -0.05473525478221905
1.04800 -0.05488689858613969
1.04900 -0.05503879736154636
1.05000 -0.05519095115740671
1.05100 -0.05534336002179214
1.05200 -0.05549602400187543
1.05300 -0.05564894314392865
1.05400 -0.05580211749332051
1.05500 -0.05595554709451434
1.05600 -0.05610923199106551
1.05700 -0.056263172225619384
1.05800 -0.05641736783990869
1.05900 -0.0565718188747514
1.06000 -0.05672652537004828
1.06100 -0.05688148736478069
1.06200 -0.05703670489700803
1.06300 -0.057192178003865654
1.06400 -0.057347906721562224
1.06500 -0.05750389108537768
1.06600 -0.05766013112966059
1.06700 -0.05781662688782608
1.06800 -0.057973378392353205
1.06900 -0.05813038567478282
1.07000 -0.05828764876571504
1.07100 -0.05844516769480703
1.07200 -0.05860294249077044
1.07300 -0.058760973181369316
1.07400 -0.0589192597934174
1.07500 -0.059077802352776085
1.07600 -0.0592366008843517
1.07700 -0.05939565541209345
1.07800 -0.059554965958990756
1.07900 -0.05971453254707114
1.08000 -0.05987435519739753
1.08100 -0.060034433930066196
1.08200 -0.06019476876420406
1.08300 -0.060355359717966524
1.08400 -0.0605162068085349
1.08500 -0.06067731005211419
1.08600 -0.06083866946393047
1.08700 -0.06100028505822869
1.08800 -0.061162156848270095
1.08900 -0.06132428484632996
1.09000 -0.06148666906369502
1.09100 -0.06164930951066127
1.09200 -0.06181220619653124
1.09300 -0.06197535912961192
1.09400 -0.06213876831721203
1.09500 -0.06230243376563985
1.09600 -0.06246635548020051
1.09700 -0.06263053346519391
1.09800 -0.06279496772391197
1.09900 -0.06295965825863636
1.10000 -0.06312460507063596
1.10100 -0.06328980816016463
1.10200 -0.06345526752645844
1.10300 -0.06362098316773354
1.10400 -0.0637869550811835
1.10500 -0.06395318326297694
1.10600 -0.06411966770825507
1.10700 -0.06428640841112931
1.10800 -0.06445340536467864
1.10900 -0.06462065856094736
1.11000 -0.06478816799094239
1.11100 -0.06495593364463116
1.11200 -0.06512395551093873
1.11300 -0.06529223357774562
1.11400 -0.06546076783188517
1.11500 -0.0656295582591412
1.11600 -0.06579860484424538
1.11700 -0.06596790757087494
1.11800 -0.06613746642164997
1.11900 -0.0663072813781312
1.12000 -0.0664773524208172
1.12100 -0.06664767952914226
1.12200 -0.06681826268147345
1.12300 -0.06698910185510867
1.12400 -0.0671601970262736
1.12500 -0.06733154817011966
1.12600 -0.06750315526072122
1.12700 -0.06767501827107326
1.12800 -0.06784713717308877
1.12900 -0.06801951193759635
1.13000 -0.0681921425343375
1.13100 -0.06836502893196443
1.13200 -0.06853817109803721
1.13300 -0.06871156899902156
1.13400 -0.06888522260028601
1.13500 -0.06905913186609978
1.13600 -0.06923329675962986
1.13700 -0.06940771724293876
1.13800 -0.06958239327698185
1.13900 -0.06975732482160497
1.14000 -0.06993251183554167
1.14100 -0.070107954276411
1.14200 -0.07028365210071465
1.14300 -0.07045960526383466
1.14400 -0.07063581372003072
1.14500 -0.07081227742243781
1.14600 -0.07098899632306341
1.14700 -0.07116597037278527
1.14800 -0.07134319952134852
1.14900 -0.07152068371736352
1.15000 -0.07169842290830285
1.15100 -0.07187641704049921
1.15200 -0.07205466605914256
1.15300 -0.07223316990827765
1.15400 -0.07241192853080164
1.15500 -0.07259094186846117
1.15600 -0.07277020986185022
1.15700 -0.07294973245040717
1.15800 -0.0731295095724126
1.15900 -0.07330954116498635
1.16000 -0.07348982716408532
1.16100 -0.07367036750450058
1.16200 -0.0738511621198551
1.16300 -0.07403221094260085
1.16400 -0.07421351390401654
1.16500 -0.0743950709342048
1.16600 -0.07457688196208986
1.16700 -0.07475894691541458
1.16800 -0.07494126572073839
1.16900 -0.07512383830343418
1.17000 -0.07530666458768615
1.17100 -0.07548974449648686
1.17200 -0.07567307795163498
1.17300 -0.07585666487373241
1.17400 -0.07604050518218197
1.17500 -0.07622459879518442
1.17600 -0.07640894562973638
1.17700 -0.07659354560162722
1.17800 -0.07677839862543684
1.17900 -0.07696350461453286
1.18000 -0.07714886348106814
1.18100 -0.07733447513597805
1.18200 -0.07752033948897803
1.18300 -0.07770645644856079
1.18400 -0.07789282592199398
1.18500 -0.07807944781531719
1.18600 -0.07826632203333975
1.18700 -0.07845344847963778
1.18800 -0.0786408270565519
1.18900 -0.07882845766518423
1.19000 -0.07901634020539618
1.19100 -0.07920447457580548
1.19200 -0.07939286067378389
1.19300 -0.07958149839545418
1.19400 -0.079770387635688
1.19500 -0.07995952828810278
1.19600 -0.08014892024505944
1.19700 -0.08033856339765957
1.19800 -0.08052845763574298
1.19900 -0.08071860284788479
1.20000 -0.08090899892139322
1.20100 -0.08109964574230644
1.20200 -0.08129054319539047
1.20300 -0.08148169116413613
1.20400 -0.08167308953075661
1.20500 -0.08186473817618477
1.20600 -0.08205663698007062
1.20700 -0.0822487858207784
1.20800 -0.08244118457538428
1.20900 -0.08263383311967347
1.21000 -0.08282673132813774
1.21100 -0.08301987907397261
1.21200 -0.0832132762290749
1.21300 -0.08340692266403986
1.21400 -0.0836008182481588
1.21500 -0.08379496284941612
1.21600 -0.08398935633448697
1.21700 -0.08418399856873433
1.21800 -0.08437888941620665
1.21900 -0.08457402873963481
1.22000 -0.08476941640042988
1.22100 -0.08496505225868016
1.22200 -0.08516093617314871
1.22300 -0.08535706800127052
1.22400 -0.08555344759915011
1.22500 -0.08575007482155848
1.22600 -0.08594694952193098
1.22700 -0.08614407155236407
1.22800 -0.0863414407636131
1.22900 -0.0865390570050894
1.23000 -0.08673692012485783
1.23100 -0.08693502996963383
1.23200 -0.08713338638478103
1.23300 -0.08733198921430838
1.23400 -0.08753083830086769
1.23500 -0.08772993348575064
1.23600 -0.08792927460888655
1.23700 -0.08812886150883928
1.23800 -0.08832869402280488
1.23900 -0.0885287719866087
1.24000 -0.08872909523470288
1.24100 -0.08892966360016348
1.24200 -0.08913047691468814
1.24300 -0.08933153500859295
1.24400 -0.08953283771081028
1.24500 -0.08973438484888561
1.24600 -0.08993617624897528
1.24700 -0.09013821173584347
1.24800 -0.09034049113285979
1.24900 -0.0905430142619964
1.25000 -0.09074578094382552
1.25100 -0.09094879099751653
1.25200 -0.09115204424083352
1.25300 -0.09135554049013236
1.25400 -0.09155927956035832
1.25500 -0.09176326126504313
1.25600 -0.09196748541630241
1.25700 -0.09217195182483295
1.25800 -0.09237666029991012
1.25900 -0.092581610649385
1.26000 -0.09278680267968191
1.26100 -0.09299223619579555
1.26200 -0.09319791100128853
1.26300 -0.09340382689828829
1.26400 -0.09360998368748497
1.26500 -0.09381638116812818
1.26600 -0.09402301913802472
1.26700 -0.0942298973935356
1.26800 -0.09443701572957361
1.26900 -0.09464437393960037
1.27000 -0.09485197181562396
1.27100 -0.09505980914819585
1.27200 -0.0952678857264086
1.27300 -0.09547620133789274
1.27400 -0.09568475576881467
1.27500 -0.09589354880387327
1.27600 -0.09610258022629789
1.27700 -0.09631184981784503
1.27800 -0.0965213573587963
1.27900 -0.09673110262795502
1.28000 -0.09694108540264418
1.28100 -0.09715130545870342
1.28200 -0.09736176257048627
1.28300 -0.09757245651085782
1.28400 -0.09778338705119147
1.28500 -0.0979945539613669
1.28600 -0.09820595700976677
1.28700 -0.0984175959632745
1.28800 -0.09862947058727126
1.28900 -0.0988415806456335
1.29000 -0.0990539259007301
1.29100 -0.09926650611341985
1.29200 -0.09947932104304849
1.29300 -0.09969237044744635
1.29400 -0.09990565408292539
1.29500 -0.10011917170427675
1.29600 -0.1003329230647678
1.29700 -0.10054690791613974
1.29800 -0.10076112600860453
1.29900 -0.10097557709084272
1.30000 -0.10119026091000018
1.30100 -0.10140517721168597
1.30200 -0.10162032573996922
1.30300 -0.10183570623737671
1.30400 -0.10205131844489
1.30500 -0.10226716210194293
1.30600 -0.10248323694641874
1.30700 -0.10269954271464755
1.30800 -0.10291607914140356
1.30900 -0.10313284595990255
1.31000 -0.10334984290179879
1.31100 -0.10356706969718296
1.31200 -0.10378452607457878
1.31300 -0.10400221176094104
1.31400 -0.10422012648165226
1.31500 -0.10443826996052054
1.31600 -0.10465664191977647
1.31700 -0.10487524208007078
1.31800 -0.10509407016047133
1.31900 -0.10531312587846084
1.32000 -0.10553240894993375
1.32100 -0.10575191908919401
1.32200 -0.10597165600895193
1.32300 -0.106191619420322
1.32400 -0.10641180903281974
1.32500 -0.1066322245543594
1.32600 -0.10685286569125098
1.32700 -0.10707373214819788
1.32800 -0.1072948236282939
1.32900 -0.1075161398330209
1.33000 -0.10773768046224579
1.33100 -0.10795944521421814
1.33200 -0.10818143378556731
1.33300 -0.1084036458713
1.33400 -0.10862608116479733
1.33500 -0.10884873935781238
1.33600 -0.10907162014046737
1.33700 -0.10929472320125119
1.33800 -0.10951804822701648
1.33900 -0.10974159490297725
1.34000 -0.10996536291270596
1.34100 -0.11018935193813112
1.34200 -0.1104135616595343
1.34300 -0.1106379917555479
1.34400 -0.11086264190315197
1.34500 -0.1110875117776722
1.34600 -0.11131260105277657
1.34700 -0.11153790940047334
1.34800 -0.11176343649110779
1.34900 -0.11198918199336023
1.35000 -0.11221514557424268
1.35100 -0.11244132689909679
1.35200 -0.1126677256315908
1.35300 -0.1128943414337171
1.35400 -0.11312117396578955
1.35500 -0.11334822288644081
1.35600 -0.11357548785261969
1.35700 -0.11380296851958863
1.35800 -0.1140306645409207
1.35900 -0.1142585755684977
1.36000 -0.11448670125250655
1.36100 -0.11471504124143758
1.36200 -0.11494359518208118
1.36300 -0.11517236271952572
1.36400 -0.11540134349715446
1.36500 -0.11563053715664336
1.36600 -0.11585994333795803
1.36700 -0.11608956167935151
1.36800 -0.1163193918173613
1.36900 -0.11654943338680701
1.37000 -0.11677968602078756
1.37100 -0.11701014935067872
1.37200 -0.11724082300613027
1.37300 -0.11747170661506369
1.37400 -0.11770279980366925
1.37500 -0.11793410219640366
1.37600 -0.1181656134159872
1.37700 -0.11839733308340152
1.37800 -0.11862926081788644
1.37900 -0.11886139623693799
1.38000 -0.11909373895630529
1.38100 -0.11932628858998832
1.38200 -0.11955904475023513
1.38300 -0.11979200704753927
1.38400 -0.12002517509063727
1.38500 -0.120258548486506
1.38600 -0.12049212684036004
1.38700 -0.12072590975564926
1.38800 -0.12095989683405606
1.38900 -0.12119408767549285
1.39000 -0.12142848187809946
1.39100 -0.12166307903824075
1.39200 -0.12189787875050362
1.39300 -0.12213288060769492
1.39400 -0.12236808420083854
1.39500 -0.12260348911917301
1.39600 -0.12283909495014879
1.39700 -0.12307490127942605
1.39800 -0.12331090769087154
1.39900 -0.1235471137665567
1.40000 -0.12378351908675449
1.40100 -0.12402012322993736
1.40200 -0.1242569257727742
1.40300 -0.12449392629012833
1.40400 -0.12473112435505448
1.40500 -0.12496851953879663
1.40600 -0.12520611141078505
1.40700 -0.1254438995386343
1.40800 -0.1256818834881403
1.40900 -0.12592006282327775
1.41000 -0.12615843710619803
1.41100 -0.1263970058972262
1.41200 -0.12663576875485882
1.41300 -0.12687472523576118
1.41400 -0.1271138748947651
1.41500 -0.12735321728486598
1.41600 -0.12759275195722075
1.41700 -0.1278324784611449
1.41800 -0.12807239634411058
1.41900 -0.12831250515174333
1.42000 -0.12855280442782033
1.42100 -0.12879329371426734
1.42200 -0.12903397255115662
1.42300 -0.12927484047670404
1.42400 -0.12951589702726707
1.42500 -0.12975714173734185
1.42600 -0.129998574139561
1.42700 -0.13024019376469098
1.42800 -0.13048200014162975
1.42900 -0.1307239927974041
1.43000 -0.13096617125716756
1.43100 -0.13120853504419747
1.43200 -0.13145108367989283
1.43300 -0.13169381668377167
1.43400 -0.131936733573469
1.43500 -0.13217983386473356
1.43600 -0.13242311707142632
1.43700 -0.13266658270551723
1.43800 -0.1329102302770834
1.43900 -0.13315405929430615
1.44000 -0.13339806926346914
1.44100 -0.13364225968895518
1.44200 -0.1338866300732447
1.44300 -0.1341311799169126
1.44400 -0.13437590871862626
1.44500 -0.1346208159751429
1.44600 -0.1348659011813072
1.44700 -0.135111163830049
1.44800 -0.135356603412381
1.44900 -0.1356022194173959
1.45000 -0.1358480113322646
1.45100 -0.13609397864223322
1.45200 -0.1363401208306213
1.45300 -0.13658643737881893
1.45400 -0.13683292776628478
1.45500 -0.1370795914705432
1.45600 -0.13732642796718242
1.45700 -0.13757343672985176
1.45800 -0.13782061723025973
1.45900 -0.13806796893817092
1.46000 -0.13831549132140464
1.46100 -0.13856318384583147
1.46200 -0.13881104597537192
1.46300 -0.13905907717199334
1.46400 -0.1393072768957082
1.46500 -0.1395556446045711
1.46600 -0.13980417975467702
1.46700 -0.14005288180015868
1.46800 -0.1403017501931843
1.46900 -0.1405507843839553
1.47000 -0.14079998382070405
1.47100 -0.14104934794969123
1.47200 -0.14129887621520407
1.47300 -0.14154856805955363
1.47400 -0.14179842292307265
1.47500 -0.1420484402441132
1.47600 -0.14229861945904468
1.47700 -0.14254896000225098
1.47800 -0.14279946130612883
1.47900 -0.14305012280108498
1.48000 -0.1433009439155344
1.48100 -0.14355192407589773
1.48200 -0.14380306270659904
1.48300 -0.14405435923006374
1.48400 -0.14430581306671625
1.48500 -0.14455742363497753
1.48600 -0.14480919035126347
1.48700 -0.14506111262998178
1.48800 -0.14531318988353056
1.48900 -0.14556542152229562
1.49000 -0.14581780695464855
1.49100 -0.14607034558694398
1.49200 -0.1463230368235182
1.49300 -0.14657588006668618
1.49400 -0.14682887471673994
1.49500 -0.14708202017194588
1.49600 -0.14733531582854312
1.49700 -0.14758876108074068
1.49800 -0.147842355320716
1.49900 -0.1480960979386122
1.50000 -0.14834998832253637
1.50100 -0.14860402585855692
1.50200 -0.14885820993070195
1.50300 -0.1491125399209567
1.50400 -0.1493670152092616
1.50500 -0.14962163517350996
1.50600 -0.1498763991895464
1.50700 -0.15013130663116364
1.50800 -0.15038635687010163
1.50900 -0.1506415492760445
1.51000 -0.15089688321661898
1.51100 -0.1511523580573919
1.51200 -0.15140797316186846
1.51300 -0.15166372789149002
1.51400 -0.15191962160563185
1.51500 -0.15217565366160116
1.51600 -0.15243182341463535
1.51700 -0.15268813021789912
1.51800 -0.15294457342248335
1.51900 -0.15320115237740248
1.52000 -0.1534578664295926
1.52100 -0.15371471492390934
1.52200 -0.153971697203126
1.52300 -0.15422881260793136
1.52400 -0.15448606047692787
1.52500 -0.15474344014662908
1.52600 -0.15500095095145847
1.52700 -0.1552585922237467
1.52800 -0.15551636329373006
1.52900 -0.15577426348954826
1.53000 -0.15603229213724254
1.53100 -0.1562904485607535
1.53200 -0.15654873208191947
1.53300 -0.1568071420204743
1.53400 -0.1570656776940454
1.53500 -0.1573243384181518
1.53600 -0.15758312350620235
1.53700 -0.15784203226949362
1.53800 -0.15810106401720786
1.53900 -0.15836021805641148
1.54000 -0.1586194936920526
1.54100 -0.1588788902269597
1.54200 -0.15913840696183904
1.54300 -0.15939804319527348
1.54400 -0.15965779822371992
1.54500 -0.15991767134150806
1.54600 -0.16017766184083793
1.54700 -0.16043776901177842
1.54800 -0.16069799214226502
1.54900 -0.16095833051809866
1.55000 -0.16121878342294288
1.55100 -0.16147935013832299
1.55200 -0.16174002994362324
1.55300 -0.16200082211608607
1.55400 -0.16226172593080918
1.55500 -0.1625227406607446
1.55600 -0.1627838655766963
1.55700 -0.16304509994731886
1.55800 -0.16330644303911512
1.55900 -0.16356789411643494
1.56000 -0.16382945244147307
1.56100 -0.16409111727426756
1.56200 -0.16435288787269772
1.56300 -0.16461476349248294
1.56400 -0.1648767433871801
1.56500 -0.1651388268081827
1.56600 -0.16540101300471843
1.56700 -0.16566330122384787
1.56800 -0.1659256907104625
1.56900 -0.16618818070728328
1.57000 -0.16645077045485868
1.57100 -0.16671345919156313
1.57200 -0.16697624615359513
1.57300 -0.16723913057497597
1.57400 -0.16750211168754758
1.57500 -0.16776518872097132
1.57600 -0.16802836090272583
1.57700 -0.1682916274581059
1.57800 -0.16855498761022042
1.57900 -0.16881844057999096
1.58000 -0.16908198558615004
1.58100 -0.16934562184523977
1.58200 -0.16960934857160964
1.58300 -0.1698731649774158
1.58400 -0.1701370702726185
1.58500 -0.17040106366498145
1.58600 -0.17066514436006938
1.58700 -0.1709293115612472
1.58800 -0.1711935644696778
1.58900 -0.17145790228432117
1.59000 -0.17172232420193229
1.59100 -0.17198682941705987
1.59200 -0.17225141712204475
1.59300 -0.17251608650701852
1.59400 -0.1727808367599017
1.59500 -0.17304566706640265
1.59600 -0.1733105766100157
1.59700 -0.17357556457202003
1.59800 -0.17384063013147774
1.59900 -0.174105772465233
1.60000 -0.17437099074791
1.60100 -0.17463628415191182
1.60200 -0.17490165184741902
1.60300 -0.17516709300238806
1.60400 -0.17543260678254985
1.60500 -0.17569819235140866
1.60600 -0.17596384887024033
1.60700 -0.17622957549809115
1.60800 -0.17649537139177626
1.60900 -0.1767612357058785
1.61000 -0.17702716759274695
1.61100 -0.1772931662024955
1.61200 -0.17755923068300158
1.61300 -0.17782536017990497
1.61400 -0.17809155383660602
1.61500 -0.178357810794265
1.61600 -0.17862413019180012
1.61700 -0.17889051116588686
1.61800 -0.17915695285095595
1.61900 -0.17942345437919302
1.62000 -0.17969001488053643
1.62100 -0.17995663348267657
1.62200 -0.1802233093110544
1.62300 -0.1804900414888603
1.62400 -0.18075682913703273
1.62500 -0.1810236713742572
1.62600 -0.18129056731696483
1.62700 -0.1815575160793314
1.62800 -0.1818245167732757
1.62900 -0.1820915685084592
1.63000 -0.18235867039228384
1.63100 -0.18262582152989174
1.63200 -0.1828930210241635
1.63300 -0.1831602679757174
1.63400 -0.18342756148290795
1.63500 -0.18369490064182517
1.63600 -0.1839622845462931
1.63700 -0.18422971228786902
1.63800 -0.18449718295584194
1.63900 -0.18476469563723225
1.64000 -0.1850322494167897
1.64100 -0.18529984337699318
1.64200 -0.18556747659804917
1.64300 -0.18583514815789107
1.64400 -0.18610285713217764
1.64500 -0.1863706025942927
1.64600 -0.18663838361534352
1.64700 -0.18690619926416022
1.64800 -0.18717404860729436
1.64900 -0.1874419307090187
1.65000 -0.18770984463132528
1.65100 -0.18797778943392537
1.65200 -0.18824576417424785
1.65300 -0.18851376790743885
1.65400 -0.18878179968636025
1.65500 -0.18904985856158935
1.65600 -0.18931794358141754
1.65700 -0.18958605379184976
1.65800 -0.18985418823660313
1.65900 -0.19012234595710692
1.66000 -0.19039052599250073
1.66100 -0.19065872737963438
1.66200 -0.1909269491530667
1.66300 -0.19119519034506507
1.66400 -0.191463449985604
1.66500 -0.19173172710236505
1.66600 -0.19200002072073574
1.66700 -0.19226832986380857
1.66800 -0.19253665355238062
1.66900 -0.19280499080495256
1.67000 -0.19307334063772819
1.67100 -0.19334170206461324
1.67200 -0.1936100740972152
1.67300 -0.19387845574484228
1.67400 -0.19414684601450297
1.67500 -0.19441524391090495
1.67600 -0.19468364843645505
1.67700 -0.1949520585912579
1.67800 -0.1952204733731159
1.67900 -0.19548889177752818
1.68000 -0.1957573127976904
1.68100 -0.19602573542449347
1.68200 -0.19629415864652386
1.68300 -0.1965625814500621
1.68400 -0.19683100281908308
1.68500 -0.19709942173525472
1.68600 -0.19736783717793813
1.68700 -0.19763624812418643
1.68800 -0.1979046535487448
1.68900 -0.1981730524240495
1.69000 -0.19844144372022796
1.69100 -0.19870982640509743
1.69200 -0.19897819944416564
1.69300 -0.1992465618006292
1.69400 -0.1995149124353741
1.69500 -0.19978325030697458
1.69600 -0.20005157437169332
1.69700 -0.2003198835834806
1.69800 -0.20058817689397407
1.69900 -0.2008564532524983
1.70000 -0.20112471160606468
1.70100 -0.20139295089937054
1.70200 -0.20166117007479953
1.70300 -0.20192936807242062
1.70400 -0.2021975438299883
1.70500 -0.20246569628294184
1.70600 -0.2027338243644056
1.70700 -0.20300192700518785
1.70800 -0.20327000313378166
1.70900 -0.20353805167636357
1.71000 -0.20380607155679425
1.71100 -0.20407406169661754
1.71200 -0.20434202101506077
1.71300 -0.2046099484290344
1.71400 -0.20487784285313182
1.71500 -0.20514570319962902
1.71600 -0.20541352837848506
1.71700 -0.205681317297341
1.71800 -0.2059490688615206
1.71900 -0.20621678197402976
1.72000 -0.20648445553555683
1.72100 -0.20675208844447177
1.72200 -0.20701967959682693
1.72300 -0.20728722788635662
1.72400 -0.20755473220447715
1.72500 -0.2078221914402864
1.72600 -0.2080896044805648
1.72700 -0.20835697020977395
1.72800 -0.20862428751005804
1.72900 -0.2088915552612429
1.73000 -0.20915877234083655
1.73100 -0.20942593762402886
1.73200 -0.20969304998369218
1.73300 -0.20996010829038084
1.73400 -0.2102271114123318
1.73500 -0.21049405821546424
1.73600 -0.2107609475633802
1.73700 -0.21102777831736427
1.73800 -0.21129454933638417
1.73900 -0.21156125947709054
1.74000 -0.2118279075938176
1.74100 -0.21209449253858273
1.74200 -0.2123610131610873
1.74300 -0.2126274683087166
1.74400 -0.21289385682654022
1.74500 -0.213160177557312
1.74600 -0.21342642934147094
1.74700 -0.21369261101714074
1.74800 -0.21395872142013073
1.74900 -0.21422475938393593
1.75000 -0.21449072373973746
1.75100 -0.21475661331640264
1.75200 -0.21502242694048587
1.75300 -0.21528816343622859
1.75400 -0.21555382162555986
1.75500 -0.2158194003280968
1.75600 -0.21608489836114494
1.75700 -0.21635031453969863
1.75800 -0.2166156476764418
1.75900 -0.216880896581748
1.76000 -0.21714606006368142
1.76100 -0.2174111369279967
1.76200 -0.21767612597814023
1.76300 -0.21794102601525023
1.76400 -0.21820583583815742
1.76500 -0.21847055424338543
1.76600 -0.218735180025152
1.76700 -0.21899971197536863
1.76800 -0.21926414888364207
1.76900 -0.21952848953727447
1.77000 -0.21979273272126434
1.77100 -0.2200568772183068
1.77200 -0.2203209218087948
1.77300 -0.22058486527081944
1.77400 -0.2208487063801708
1.77500 -0.22111244391033869
1.77600 -0.2213760766325136
1.77700 -0.221639603315587
1.77800 -0.22190302272615256
1.77900 -0.22216633362850677
1.78000 -0.2224295347846499
1.78100 -0.2226926249542865
1.78200 -0.2229556028948267
1.78300 -0.22321846736138673
1.78400 -0.22348121710679
1.78500 -0.22374385088156803
1.78600 -0.22400636743396118
1.78700 -0.22426876550991964
1.78800 -0.2245310438531046
1.78900 -0.224793201204889
1.79000 -0.22505523630435856
1.79100 -0.22531714788831272
1.79200 -0.22557893469126594
1.79300 -0.22584059544544863
1.79400 -0.2261021288808077
1.79500 -0.22636353372500853
1.79600 -0.2266248087034353
1.79700 -0.2268859525391926
1.79800 -0.2271469639531061
1.79900 -0.22740784166372427
1.80000 -0.22766858438731893
1.80100 -0.22792919083788693
1.80200 -0.228189659727151
1.80300 -0.22844998976456118
1.80400 -0.22871017965729593
1.80500 -0.22897022811026344
1.80600 -0.22923013382610286
1.80700 -0.2294898955051857
1.80800 -0.2297495118456168
1.80900 -0.23000898154323624
1.81000 -0.23026830329161999
1.81100 -0.23052747578208183
1.81200 -0.23078649770367438
1.81300 -0.23104536774319082
1.81400 -0.23130408458516571
1.81500 -0.2315626469118772
1.81600 -0.23182105340334783
1.81700 -0.2320793027373464
1.81800 -0.23233739358938907
1.81900 -0.2325953246327416
1.82000 -0.23285309453841974
1.82100 -0.23311070197519176
1.82200 -0.23336814560957958
1.82300 -0.23362542410586054
1.82400 -0.2338825361260685
1.82500 -0.23413948032999615
1.82600 -0.2343962553751962
1.82700 -0.23465285991698326
1.82800 -0.23490929260843502
1.82900 -0.23516555210039494
1.83000 -0.23542163704147265
1.83100 -0.23567754607804686
1.83200 -0.23593327785426627
1.83300 -0.23618883101205201
1.83400 -0.23644420419109866
1.83500 -0.23669939602887682
1.83600 -0.23695440516063437
1.83700 -0.2372092302193987
1.83800 -0.23746386983597817
1.83900 -0.2377183226389645
1.84000 -0.23797258725473414
1.84100 -0.23822666230745043
1.84200 -0.23848054641906577
1.84300 -0.23873423820932316
1.84400 -0.23898773629575829
1.84500 -0.23924103929370186
1.84600 -0.23949414581628112
1.84700 -0.23974705447442227
1.84800 -0.23999976387685212
1.84900 -0.24025227263010085
1.85000 -0.24050457933850328
1.85100 -0.24075668260420155
1.85200 -0.24100858102714703
1.85300 -0.24126027320510265
1.85400 -0.24151175773364478
1.85500 -0.2417630332061656
1.85600 -0.2420140982138754
1.85700 -0.24226495134580475
1.85800 -0.24251559118880653
1.85900 -0.24276601632755876
1.86000 -0.24301622534456604
1.86100 -0.24326621682016278
1.86200 -0.2435159893325149
1.86300 -0.24376554145762255
1.86400 -0.2440148717693221
1.86500 -0.244263978839289
1.86600 -0.2445128612370399
1.86700 -0.24476151752993522
1.86800 -0.2450099462831813
1.86900 -0.24525814605983348
1.87000 -0.24550611542079795
1.87100 -0.2457538529248347
1.87200 -0.24600135712856003
1.87300 -0.2462486265864488
1.87400 -0.24649565985083732
1.87500 -0.24674245547192583
1.87600 -0.24698901199778123
1.87700 -0.24723532797433964
1.87800 -0.2474814019454089
1.87900 -0.24772723245267167
1.88000 -0.24797281803568771
1.88100 -0.24821815723189694
1.88200 -0.248463248576622
1.88300 -0.24870809060307114
1.88400 -0.24895268184234073
1.88500 -0.24919702082341857
1.88600 -0.2494411060731863
1.88700 -0.24968493611642248
1.88800 -0.2499285094758054
1.88900 -0.25017182467191595
1.89000 -0.25041488022324054
1.89100 -0.25065767464617417
1.89200 -0.2509002064550233
1.89300 -0.25114247416200886
1.89400 -0.25138447627726906
1.89500 -0.2516262113088629
1.89600 -0.25186767776277275
1.89700 -0.2521088741429077
1.89800 -0.25234979895110643
1.89900 -0.25259045068714076
1.90000 -0.2528308278487181
1.90100 -0.2530709289314853
1.90200 -0.25331075242903145
1.90300 -0.2535502968328913
1.90400 -0.25378956063254815
1.90500 -0.2540285423154376
1.90600 -0.2542672403669503
1.90700 -0.2545056532704358
1.90800 -0.25474377950720517
1.90900 -0.2549816175565353
1.91000 -0.2552191658956712
1.91100 -0.25545642299983
1.91200 -0.2556933873422046
1.91300 -0.25593005739396646
1.91400 -0.2561664316242693
1.91500 -0.2564025085002529
1.91600 -0.25663828648704606
1.91700 -0.2568737640477707
1.91800 -0.2571089396435448
1.91900 -0.2573438117334865
1.92000 -0.25757837877471745
1.92100 -0.2578126392223663
1.92200 -0.25804659152957254
1.92300 -0.2582802341474903
1.92400 -0.25851356552529153
1.92500 -0.25874658411017026
1.92600 -0.258979288347346
1.92700 -0.25921167668006756
1.92800 -0.25944374754961685
1.92900 -0.2596754993953128
1.93000 -0.2599069306545149
1.93100 -0.26013803976262734
1.93200 -0.2603688251531027
1.93300 -0.2605992852574459
1.93400 -0.2608294185052182
1.93500 -0.26105922332404086
1.93600 -0.26128869813959965
1.93700 -0.26151784137564815
1.93800 -0.2617466514540123
1.93900 -0.26197512679459417
1.94000 -0.26220326581537623
1.94100 -0.26243106693242507
1.94200 -0.262658528559896
1.94300 -0.26288564911003676
1.94400 -0.2631124269931919
1.94500 -0.26333886061780676
1.94600 -0.26356494839043215
1.94700 -0.263790688715728
1.94800 -0.26401607999646765
1.94900 -0.26424112063354294
1.95000 -0.26446580902596734
1.95100 -0.264690143570881
1.95200 -0.26491412266355513
1.95300 -0.26513774469739604
1.95400 -0.2653610080639496
1.95500 -0.2655839111529059
1.95600 -0.2658064523521036
1.95700 -0.266028630047534
1.95800 -0.2662504426233463
1.95900 -0.2664718884618515
1.96000 -0.26669296594352726
1.96100 -0.26691367344702205
1.96200 -0.2671340093491606
1.96300 -0.26735397202494754
1.96400 -0.26757355984757264
1.96500 -0.2677927711884153
1.96600 -0.26801160441704935
1.96700 -0.2682300579012476
1.96800 -0.2684481300069867
1.96900 -0.26866581909845194
1.97000 -0.268883123538042
1.97100 -0.2691000416863735
1.97200 -0.26931657190228664
1.97300 -0.269532712542849
1.97400 -0.2697484619633613
1.97500 -0.26996381851736184
1.97600 -0.27017878055663175
1.97700 -0.27039334643119967
1.97800 -0.270607514489347
1.97900 -0.27082128307761266
1.98000 -0.27103465054079867
1.98100 -0.27124761522197427
1.98200 -0.27146017546248224
1.98300 -0.27167232960194276
1.98400 -0.27188407597825975
1.98500 -0.27209541292762507
1.98600 -0.2723063387845244
1.98700 -0.272516851881742
1.98800 -0.2727269505503663
1.98900 -0.272936633119795
1.99000 -0.27314589791774047
1.99100 -0.2733547432702349
1.99200 -0.27356316750163606
1.99300 -0.27377116893463205
1.99400 -0.2739787458902474
1.99500 -0.27418589668784793
1.99600 -0.2743926196451467
1.99700 -0.27459891307820916
1.99800 -0.27480477530145864
1.99900 -0.27501020462768216
2.00000 -0.27521519936803585
2.00100 -0.2754197578320506
2.00200 -0.2756238783276374
2.00300 -0.27582755916109336
2.00400 -0.2760307986371073
2.00500 -0.2762335950587654
2.00600 -0.2764359467275566
2.00700 -0.27663785194337903
2.00800 -0.27683930900454523
2.00900 -0.27704031620778835
2.01000 -0.27724087184826735
2.01100 -0.2774409742195736
2.01200 -0.2776406216137366
2.01300 -0.2778398123212295
2.01400 -0.27803854463097516
2.01500 -0.2782368168303525
2.01600 -0.2784346272052022
2.01700 -0.27863197403983264
2.01800 -0.2788288556170261
2.01900 -0.27902527021804474
2.02000 -0.2792212161226369
2.02100 -0.27941669160904303
2.02200 -0.27961169495400173
2.02300 -0.27980622443275627
2.02400 -0.2800002783190606
2.02500 -0.2801938548851856
2.02600 -0.2803869524019253
2.02700 -0.28057956913860327
2.02800 -0.28077170336307894
2.02900 -0.28096335334175393
2.03000 -0.2811545173395781
2.03100 -0.28134519362005667
2.03200 -0.28153538044525594
2.03300 -0.2817250760758102
2.03400 -0.2819142787709279
2.03500 -0.2821029867883983
2.03600 -0.28229119838459815
2.03700 -0.2824789118144981
2.03800 -0.2826661253316691
2.03900 -0.2828528371882894
2.04000 -0.28303904563515114
2.04100 -0.2832247489216667
2.04200 -0.28340994529587576
2.04300 -0.2835946330044518
2.04400 -0.28377881029270907
2.04500 -0.28396247540460917
2.04600 -0.284145626582768
2.04700 -0.2843282620684626
2.04800 -0.28451038010163787
2.04900 -0.2846919789209138
2.05000 -0.28487305676359204
2.05100 -0.2850536118656629
2.05200 -0.28523364246181265
2.05300 -0.2854131467854303
2.05400 -0.2855921230686146
2.05500 -0.28577056954218094
2.05600 -0.2859484844356692
2.05700 -0.28612586597735
2.05800 -0.2863027123942323
2.05900 -0.2864790219120704
2.06000 -0.2866547927553714
2.06100 -0.28683002314740225
2.06200 -0.287004711310197
2.06300 -0.2871788554645641
2.06400 -0.28735245383009395
2.06500 -0.2875255046251659
2.06600 -0.28769800606695606
2.06700 -0.2878699563714441
2.06800 -0.2880413537534214
2.06900 -0.2882121964264979
2.07000 -0.2883824826031102
2.07100 -0.28855221049452845
2.07200 -0.28872137831086425
2.07300 -0.2888899842610783
2.07400 -0.28905802655298807
2.07500 -0.2892255033932748
2.07600 -0.289392412987492
2.07700 -0.2895587535400729
2.07800 -0.28972452325433773
2.07900 -0.2898897203325021
2.08000 -0.2900543429756843
2.08100 -0.29021838938391353
2.08200 -0.2903818577561375
2.08300 -0.29054474629023014
2.08400 -0.2907070531829999
2.08500 -0.29086877663019745
2.08600 -0.2910299148265238
2.08700 -0.29119046596563775
2.08800 -0.29135042824016494
2.08900 -0.2915097998417047
2.09000 -0.2916685789608393
2.09100 -0.2918267637871408
2.09200 -0.29198435250918037
2.09300 -0.29214134331453573
2.09400 -0.2922977343897998
2.09500 -0.2924535239205882
2.09600 -0.29260871009154854
2.09700 -0.2927632910863678
2.09800 -0.29291726508778115
2.09900 -0.29307063027758
2.10000 -0.29322338483662064
2.10100 -0.29337552694483254
2.10200 -0.2935270547812267
2.10300 -0.2936779665239041
2.10400 -0.29382826035006426
2.10500 -0.29397793443601394
2.10600 -0.2941269869571755
2.10700 -0.29427541608809504
2.10800 -0.29442322000245214
2.10900 -0.2945703968730673
2.11000 -0.2947169448719114
2.11100 -0.294862862170114
2.11200 -0.2950081469379722
2.11300 -0.2951527973449595
2.11400 -0.2952968115597346
2.11500 -0.2954401877501496
2.11600 -0.29558292408325987
2.11700 -0.29572501872533224
2.11800 -0.2958664698418541
2.11900 -0.2960072755975422
2.12000 -0.29614743415635186
2.12100 -0.2962869436814859
2.12200 -0.2964258023354036
2.12300 -0.29656400827982954
2.12400 -0.2967015596757632
2.12500 -0.29683845468348785
2.12600 -0.2969746914625795
2.12700 -0.2971102681719161
2.12800 -0.29724518296968716
2.12900 -0.2973794340134027
2.13000 -0.2975130194599024
2.13100 -0.2976459374653651
2.13200 -0.2977781861853181
2.13300 -0.2979097637746464
2.13400 -0.29804066838760235
2.13500 -0.29817089817781467
2.13600 -0.29830045129829846
2.13700 -0.29842932590146404
2.13800 -0.29855752013912706
2.13900 -0.29868503216251746
2.14000 -0.29881186012228966
2.14100 -0.2989380021685317
2.14200 -0.29906345645077526
2.14300 -0.29918822111800464
2.14400 -0.29931229431866724
2.14500 -0.29943567420068307
2.14600 -0.2995583589114542
2.14700 -0.29968034659787474
2.14800 -0.29980163540634075
2.14900 -0.29992222348276
2.15000 -0.30004210897256184
2.15100 -0.3001612900207072
2.15200 -0.30027976477169827
2.15300 -0.30039753136958885
2.15400 -0.30051458795799413
2.15500 -0.3006309326801007
2.15600 -0.3007465636786767
2.15700 -0.30086147909608185
2.15800 -0.30097567707427775
2.15900 -0.3010891557548377
2.16000 -0.3012019132789571
2.16100 -0.3013139477874639
2.16200 -0.3014252574208285
2.16300 -0.3015358403191738
2.16400 -0.3016456946222862
2.16500 -0.30175481846962554
2.16600 -0.30186321000033545
2.16700 -0.3019708673532538
2.16800 -0.3020777886669231
2.16900 -0.3021839720796012
2.17000 -0.3022894157292714
2.17100 -0.3023941177536533
2.17200 -0.30249807629021314
2.17300 -0.3026012894761746
2.17400 -0.3027037554485292
2.17500 -0.30280547234404703
2.17600 -0.3029064382992876
2.17700 -0.3030066514506101
2.17800 -0.3031061099341849
2.17900 -0.3032048118860035
2.18000 -0.30330275544188984
2.18100 -0.3033999387375109
2.18200 -0.3034963599083879
2.18300 -0.30359201708990674
2.18400 -0.3036869084173292
2.18500 -0.3037810320258039
2.18600 -0.30387438605037725
2.18700 -0.30396696862600453
2.18800 -0.30405877788756064
2.18900 -0.30414981196985164
2.19000 -0.3042400690076257
2.19100 -0.3043295471355839
2.19200 -0.3044182444883921
2.19300 -0.30450615920069146
2.19400 -0.30459328940711
2.19500 -0.30467963324227415
2.19600 -0.30476518884081927
2.19700 -0.30484995433740175
2.19800 -0.3049339278667101
2.19900 -0.3050171075634763
2.20000 -0.30509949156248717
2.20100 -0.3051810779985959
2.20200 -0.30526186500673375
2.20300 -0.30534185072192116
2.20400 -0.30542103327927966
2.20500 -0.30549941081404325
2.20600 -0.3055769814615701
2.20700 -0.30565374335735407
2.20800 -0.30572969463703653
2.20900 -0.3058048334364181
2.21000 -0.3058791578914703
2.21100 -0.3059526661383472
2.21200 -0.3060253563133974
2.21300 -0.3060972265531759
2.21400 -0.30616827499445576
2.21500 -0.3062384997742401
2.21600 -0.30630789902977423
2.21700 -0.30637647089855713
2.21800 -0.30644421351835394
2.21900 -0.3065111250272076
2.22000 -0.3065772035634511
2.22100 -0.30664244726571965
2.22200 -0.3067068542729624
2.22300 -0.30677042272445504
2.22400 -0.30683315075981177
2.22500 -0.3068950365189973
2.22600 -0.3069560781423397
2.22700 -0.30701627377054197
2.22800 -0.30707562154469453
2.22900 -0.30713411960628795
2.23000 -0.3071917660972249
2.23100 -0.3072485591598327
2.23200 -0.30730449693687556
2.23300 -0.3073595775715674
2.23400 -0.3074137992075838
2.23500 -0.30746715998907537
2.23600 -0.30751965806067916
2.23700 -0.30757129156753216
2.23800 -0.3076220586552837
2.23900 -0.3076719574701078
2.24000 -0.3077209861587158
2.24100 -0.3077691428683699
2.24200 -0.30781642574689483
2.24300 -0.3078628329426912
2.24400 -0.3079083626047481
2.24500 -0.30795301288265614
2.24600 -0.30799678192662
2.24700 -0.3080396678874718
2.24800 -0.3080816689166832
2.24900 -0.3081227831663794
2.25000 -0.30816300878935127
2.25100 -0.30820234393906876
2.25200 -0.3082407867696938
2.25300 -0.3082783354360936
2.25400 -0.30831498809385344
2.25500 -0.30835074289929015
2.25600 -0.3083855980094649
2.25700 -0.30841955158219675
2.25800 -0.3084526017760756
2.25900 -0.3084847467504757
2.26000 -0.30851598466556884
2.26100 -0.3085463136823375
2.26200 -0.30857573196258853
2.26300 -0.3086042376689662
2.26400 -0.30863182896496616
2.26500 -0.308658504014948
2.26600 -0.30868426098414964
2.26700 -0.3087090980387001
2.26800 -0.30873301334563386
2.26900 -0.3087560050729035
2.27000 -0.30877807138939395
2.27100 -0.3087992104649359
2.27200 -0.30881942047031957
2.27300 -0.30883869957730814
2.27400 -0.30885704595865177
2.27500 -0.30887445778810135
2.27600 -0.308890933240422
2.27700 -0.308906470491407
2.27800 -0.308921067717892
2.27900 -0.3089347230977685
2.28000 -0.3089474348099975
2.28100 -0.3089592010346242
2.28200 -0.3089700199527916
2.28300 -0.3089798897467541
2.28400 -0.3089888085998923
2.28500 -0.3089967746967262
2.28600 -0.30900378622293023
2.28700 -0.3090098413653465
2.28800 -0.3090149383119996
2.28900 -0.30901907525211036
2.29000 -0.30902225037611036
2.29100 -0.30902446187565585
2.29200 -0.3090257079436425
2.29300 -0.309025986774219
2.29400 -0.3090252965628022
2.29500 -0.3090236355060909
2.29600 -0.30902100180208053
2.29700 -0.3090173936500773
2.29800 -0.309012809250713
2.29900 -0.3090072468059592
2.30000 -0.30900070451914197
2.30100 -0.3089931805949562
2.30200 -0.30898467323948053
2.30300 -0.3089751806601915
2.30400 -0.3089647010659785
2.30500 -0.30895323266715846
2.30600 -0.3089407736754903
2.30700 -0.3089273223041898
2.30800 -0.30891287676794443
2.30900 -0.3088974352829282
2.31000 -0.30888099606681596
2.31100 -0.30886355733879883
2.31200 -0.30884511731959896
2.31300 -0.30882567423148416
2.31400 -0.30880522629828305
2.31500 -0.3087837717454
2.31600 -0.3087613087998302
2.31700 -0.3087378356901744
2.31800 -0.3087133506466544
2.31900 -0.3086878519011276
2.32000 -0.3086613376871025
2.32100 -0.308633806239754
2.32200 -0.3086052557959379
2.32300 -0.30857568459420676
2.32400 -0.3085450908748248
2.32500 -0.30851347287978326
2.32600 -0.30848082885281564
2.32700 -0.3084471570394131
2.32800 -0.3084124556868398
2.32900 -0.3083767230441479
2.33000 -0.3083399573621938
2.33100 -0.3083021568936526
2.33200 -0.30826331989303435
2.33300 -0.3082234446166991
2.33400 -0.30818252932287243
2.33500 -0.30814057227166136
2.33600 -0.3080975717250696
2.33700 -0.308053525947013
2.33800 -0.30800843320333593
2.33900 -0.3079622917618259
2.34000 -0.3079150998922301
2.34100 -0.3078668558662709
2.34200 -0.30781755795766136
2.34300 -0.30776720444212113
2.34400 -0.30771579359739254
2.34500 -0.307663323703256
2.34600 -0.3076097930415461
2.34700 -0.3075551998961677
2.34800 -0.3074995425531113
2.34900 -0.30744281930046957
2.35000 -0.30738502842845306
2.35100 -0.30732616822940606
2.35200 -0.30726623699782296
2.35300 -0.3072052330303642
2.35400 -0.30714315462587227
2.35500 -0.3070800000853879
2.35600 -0.3070157677121661
2.35700 -0.3069504558116927
2.35800 -0.30688406269170015
2.35900 -0.30681658666218375
2.36000 -0.3067480260354183
2.36100 -0.30667837912597395
2.36200 -0.306607644250733
2.36300 -0.3065358197289057
2.36400 -0.30646290388204694
2.36500 -0.3063888950340728
2.36600 -0.30631379151127647
2.36700 -0.30623759164234515
2.36800 -0.3061602937583764
2.36900 -0.30608189619289483
2.37000 -0.30600239728186807
2.37100 -0.305921795363724
2.37200 -0.3058400887793669
2.37300 -0.3057572758721944
2.37400 -0.30567335498811393
2.37500 -0.3055883244755593
2.37600 -0.30550218268550744
2.37700 -0.3054149279714955
2.37800 -0.30532655868963715
2.37900 -0.3052370731986395
2.38000 -0.3051464698598201
2.38100 -0.3050547470371233
2.38200 -0.30496190309713783
2.38300 -0.30486793640911286
2.38400 -0.3047728453449757
2.38500 -0.3046766282793481
2.38600 -0.30457928358956377
2.38700 -0.3044808096556849
2.38800 -0.30438120486051934
2.38900 -0.30428046758963795
2.39000 -0.30417859623139115
2.39100 -0.3040755891769265
2.39200 -0.3039714448202054
2.39300 -0.30386616155802065
2.39400 -0.30375973779001325
2.39500 -0.30365217191869
2.39600 -0.3035434623494402
2.39700 -0.30343360749055365
2.39800 -0.30332260575323716
2.39900 -0.3032104555516324
2.40000 -0.30309715530283277
2.40100 -0.30298270342690126
2.40200 -0.3028670983468877
2.40300 -0.3027503384888457
2.40400 -0.3026324222818506
2.40500 -0.302513348158017
2.40600 -0.3023931145525158
2.40700 -0.30227171990359186
2.40800 -0.3021491626525818
2.40900 -0.3020254412439314
2.41000 -0.3019005541252127
2.41100 -0.3017744997471428
2.41200 -0.3016472765636002
2.41300 -0.30151888303164304
2.41400 -0.3013893176115271
2.41500 -0.30125857876672296
2.41600 -0.3011266649639338
2.41700 -0.3009935746731136
2.41800 -0.3008593063674843
2.41900 -0.30072385852355427
2.42000 -0.30058722962113543
2.42100 -0.30044941814336185
2.42200 -0.300310422576707
2.42300 -0.30017024141100185
2.42400 -0.300028873139453
2.42500 -0.2998863162586605
2.42600 -0.29974256926863574
2.42700 -0.29959763067281936
2.42800 -0.2994514989780997
2.42900 -0.2993041726948304
2.43000 -0.29915565033684854
2.43100 -0.2990059304214931
2.43200 -0.29885501146962257
2.43300 -0.2987028920056333
2.43400 -0.2985495705574778
2.43500 -0.2983950456566828
2.43600 -0.2982393158383673
2.43700 -0.29808237964126105
2.43800 -0.2979242356077228
2.43900 -0.2977648822837584
2.44000 -0.29760431821903904
2.44100 -0.2974425419669199
2.44200 -0.29727955208445833
2.44300 -0.297115347132432
2.44400 -0.2969499256753575
2.44500 -0.2967832862815089
2.44600 -0.29661542752293585
2.44700 -0.2964463479754822
2.44800 -0.29627604621880455
2.44900 -0.29610452083639044
2.45000 -0.29593177041557733
2.45100 -0.29575779354757087
2.45200 -0.29558258882746336
2.45300 -0.2954061548542524
2.45400 -0.29522849023085984
2.45500 -0.2950495935641498
2.45600 -0.294869463464948
2.45700 -0.29468809854805966
2.45800 -0.29450549743228893
2.45900 -0.294321658740457
2.46000 -0.29413658109942137
2.46100 -0.293950263140094
2.46200 -0.2937627034974608
2.46300 -0.2935739008105997
2.46400 -0.2933838537226999
2.46500 -0.2931925608810807
2.46600 -0.29300002093721017
2.46700 -0.292806232546724
2.46800 -0.29261119436944477
2.46900 -0.29241490506940016
2.47000 -0.29221736331484294
2.47100 -0.2920185677782688
2.47200 -0.291818517136436
2.47300 -0.2916172100703838
2.47400 -0.2914146452654528
2.47500 -0.2912108214113021
2.47600 -0.29100573720192974
2.47700 -0.29079939133569105
2.47800 -0.2905917825153183
2.47900 -0.29038290944793926
2.48000 -0.29017277084509685
2.48100 -0.28996136542276746
2.48200 -0.28974869190138136
2.48300 -0.28953474900584064
2.48400 -0.28931953546553923
2.48500 -0.28910305001438164
2.48600 -0.2888852913908029
2.48700 -0.2886662583377865
2.48800 -0.28844594960288517
2.48900 -0.2882243639382391
2.49000 -0.28800150010059583
2.49100 -0.2877773568513294
2.49200 -0.2875519329564594
2.49300 -0.2873252271866708
2.49400 -0.28709723831733325
2.49500 -0.2868679651285201
2.49600 -0.28663740640502805
2.49700 -0.28640556093639696
2.49800 -0.28617242751692856
2.49900 -0.2859380049457065
2.50000 -0.2857022920266154
2.50100 -0.28546528756836076
2.50200 -0.2852269903844883
2.50300 -0.2849873992934034
2.50400 -0.2847465131183906
2.50500 -0.2845043306876335
2.50600 -0.28426085083423397
2.50700 -0.2840160723962318
2.50800 -0.2837699942166247
2.50900 -0.2835226151433872
2.51000 -0.2832739340294912
2.51100 -0.2830239497329248
2.51200 -0.2827726611167123
2.51300 -0.2825200670489338
2.51400 -0.28226616640274566
2.51500 -0.28201095805639864
2.51600 -0.28175444089325924
2.51700 -0.28149661380182806
2.51800 -0.28123747567576113
2.51900 -0.2809770254138881
2.52000 -0.28071526192023305
2.52100 -0.2804521841040336
2.52200 -0.28018779087976187
2.52300 -0.2799220811671425
2.52400 -0.27965505389117434
2.52500 -0.2793867079821491
2.52600 -0.2791170423756719
2.52700 -0.27884605601268064
2.52800 -0.27857374783946626
2.52900 -0.27830011680769234
2.53000 -0.27802516187441534
2.53100 -0.27774888200210457
2.53200 -0.27747127615866174
2.53300 -0.27719234331744097
2.53400 -0.2769120824572696
2.53500 -0.27663049256246675
2.53600 -0.2763475726228648
2.53700 -0.27606332163382796
2.53800 -0.27577773859627386
2.53900 -0.27549082251669194
2.54000 -0.2752025724071649
2.54100 -0.2749129872853878
2.54200 -0.2746220661746888
2.54300 -0.27432980810404867
2.54400 -0.27403621210812146
2.54500 -0.27374127722725367
2.54600 -0.2734450025075057
2.54700 -0.27314738700067104
2.54800 -0.2728484297642963
2.54900 -0.2725481298617018
2.55000 -0.2722464863620021
2.55100 -0.27194349834012516
2.55200 -0.27163916487683293
2.55300 -0.2713334850587419
2.55400 -0.2710264579783431
2.55500 -0.27071808273402204
2.55600 -0.270408358430079
2.55700 -0.2700972841767494
2.55800 -0.26978485909022454
2.55900 -0.2694710822926705
2.56000 -0.26915595291224975
2.56100 -0.26883947008314046
2.56200 -0.26852163294555725
2.56300 -0.26820244064577164
2.56400 -0.2678818923361318
2.56500 -0.2675599871750832
2.56600 -0.2672367243271884
2.56700 -0.2669121029631487
2.56800 -0.2665861222598226
2.56900 -0.26625878140024745
2.57000 -0.2659300795736594
2.57100 -0.26560001597551336
2.57200 -0.26526858980750445
2.57300 -0.26493580027758684
2.57400 -0.264601646599995
2.57500 -0.2642661279952644
2.57600 -0.26392924369025095
2.57700 -0.2635909929181519
2.57800 -0.26325137491852607
2.57900 -0.2629103889373149
2.58000 -0.2625680342268617
2.58100 -0.2622243100459328
2.58200 -0.26187921565973743
2.58300 -0.26153275033994927
2.58400 -0.26118491336472555
2.58500 -0.2608357040187279
2.58600 -0.26048512159314313
2.58700 -0.26013316538570347
2.58800 -0.25977983470070654
2.58900 -0.2594251288490367
2.59000 -0.25906904714818413
2.59100 -0.25871158892226775
2.59200 -0.2583527535020522
2.59300 -0.2579925402249714
2.59400 -0.25763094843514717
2.59500 -0.25726797748341046
2.59600 -0.25690362672732187
2.59700 -0.2565378955311914
2.59800 -0.2561707832660996
2.59900 -0.2558022893099182
2.60000 -0.2554324130473298
2.60100 -0.2550611538698488
2.60200 -0.2546885111758422
2.60300 -0.2543144843705493
2.60400 -0.25393907286610323
2.60500 -0.25356227608155035
2.60600 -0.2531840934428712
2.60700 -0.25280452438300133
2.60800 -0.2524235683418515
2.60900 -0.2520412247663279
2.61000 -0.25165749311035257
2.61100 -0.2512723728348854
2.61200 -0.25088586340794233
2.61300 -0.2504979643046173
2.61400 -0.2501086750071022
2.61500 -0.24971799500470826
2.61600 -0.24932592379388502
2.61700 -0.24893246087824222
2.61800 -0.24853760576856915
2.61900 -0.24814135798285653
2.62000 -0.24774371704631556
2.62100 -0.24734468249139901
2.62200 -0.24694425385782193
2.62300 -0.24654243069258217
2.62400 -0.2461392125499805
2.62500 -0.2457345989916409
2.62600 -0.24532858958653148
2.62700 -0.2449211839109853
2.62800 -0.24451238154872007
2.62900 -0.24410218209085896
2.63000 -0.24369058513595063
2.63100 -0.24327759028999127
2.63200 -0.24286319716644283
2.63300 -0.24244740538625498
2.63400 -0.24203021457788523
2.63500 -0.24161162437731953
2.63600 -0.24119163442809194
2.63700 -0.2407702443813061
2.63800 -0.24034745389565504
2.63900 -0.2399232626374419
2.64000 -0.23949767028060018
2.64100 -0.23907067650671446
2.64200 -0.23864228100504012
2.64300 -0.23821248347252505
2.64400 -0.23778128361382855
2.64500 -0.23734868114134297
2.64600 -0.23691467577521277
2.64700 -0.23647926724335688
2.64800 -0.23604245528148723
2.64900 -0.23560423963313
2.65000 -0.23516462004964578
2.65100 -0.2347235962902504
2.65200 -0.23428116812203445
2.65300 -0.2338373353199842
2.65400 -0.2333920976670018
2.65500 -0.23294545495392618
2.65600 -0.23249740697955204
2.65700 -0.2320479535506515
2.65800 -0.23159709448199367
2.65900 -0.23114482959636562
2.66000 -0.23069115872459167
2.66100 -0.2302360817055548
2.66200 -0.22977959838621595
2.66300 -0.22932170862163515
2.66400 -0.2288624122749912
2.66500 -0.22840170921760203
2.66600 -0.2279395993289448
2.66700 -0.2274760824966772
2.66800 -0.22701115861665577
2.66900 -0.2265448275929579
2.67000 -0.2260770893379007
2.67100 -0.22560794377206253
2.67200 -0.22513739082430198
2.67300 -0.2246654304317783
2.67400 -0.22419206253997212
2.67500 -0.22371728710270525
2.67600 -0.2232411040821605
2.67700 -0.22276351344890236
2.67800 -0.2222845151818966
2.67900 -0.22180410926853106
2.68000 -0.22132229570463496
2.68100 -0.22083907449449913
2.68200 -0.22035444565089635
2.68300 -0.21986840919510187
2.68400 -0.21938096515691205
2.68500 -0.21889211357466556
2.68600 -0.21840185449526273
2.68700 -0.2179101879741866
2.68800 -0.21741711407552142
2.68900 -0.21692263287197314
2.69000 -0.21642674444488977
2.69100 -0.21592944888428137
2.69200 -0.2154307462888396
2.69300 -0.2149306367659572
2.69400 -0.21442912043174878
2.69500 -0.21392619741106964
2.69600 -0.2134218678375374
2.69700 -0.21291613185354946
2.69800 -0.21240898961030485
2.69900 -0.21190044126782268
2.70000 -0.21139048699496302
2.70100 -0.21087912696944536
2.70200 -0.21036636137786982
2.70300 -0.2098521904157356
2.70400 -0.2093366142874618
2.70500 -0.20881963320640615
2.70600 -0.2083012473948854
2.70700 -0.2077814570841943
2.70800 -0.20726026251462612
2.70900 -0.20673766393549148
2.71000 -0.20621366160513835
2.71100 -0.2056882557909712
2.71200 -0.20516144676947173
2.71300 -0.20463323482621673
2.71400 -0.20410362025589898
2.71500 -0.20357260336234548
2.71600 -0.20304018445853894
2.71700 -0.202506363866635
2.71800 -0.20197114191798263
2.71900 -0.20143451895314363
2.72000 -0.20089649532191284
2.72100 -0.20035707138333558
2.72200 -0.19981624750572816
2.72300 -0.19927402406669706
2.72400 -0.19873040145315926
2.72500 -0.1981853800613594
2.72600 -0.1976389602968905
2.72700 -0.19709114257471264
2.72800 -0.1965419273191734
2.72900 -0.19599131496402486
2.73000 -0.1954393059524445
2.73100 -0.19488590073705334
2.73200 -0.19433109977993668
2.73300 -0.19377490355266055
2.73400 -0.19321731253629337
2.73500 -0.19265832722142315
2.73600 -0.19209794810817765
2.73700 -0.1915361757062428
2.73800 -0.19097301053488194
2.73900 -0.19040845312295407
2.74000 -0.1898425040089343
2.74100 -0.18927516374093117
2.74200 -0.1887064328767058
2.74300 -0.1881363119836914
2.74400 -0.18756480163901204
2.74500 -0.1869919024295004
2.74600 -0.1864176149517175
2.74700 -0.18584193981197092
2.74800 -0.18526487762633428
2.74900 -0.18468642902066462
2.75000 -0.18410659463062187
2.75100 -0.1835253751016874
2.75200 -0.1829427710891828
2.75300 -0.18235878325828755
2.75400 -0.18177341228405838
2.75500 -0.18118665885144736
2.75600 -0.18059852365532078
2.75700 -0.18000900740047715
2.75800 -0.17941811080166548
2.75900 -0.17882583458360385
2.76000 -0.17823217948099826
2.76100 -0.17763714623855995
2.76200 -0.1770407356110246
2.76300 -0.17644294836316904
2.76400 -0.17584378526983213
2.76500 -0.17524324711593015
2.76600 -0.17464133469647675
2.76700 -0.1740380488165994
2.76800 -0.17343339029155988
2.76900 -0.17282735994676995
2.77000 -0.17221995861781073
2.77100 -0.17161118715044965
2.77200 -0.1710010464006598
2.77300 -0.17038953723463685
2.77400 -0.16977666052881635
2.77500 -0.16916241716989291
2.77600 -0.1685468080548372
2.77700 -0.1679298340909141
2.77800 -0.16731149619569974
2.77900 -0.1666917952970997
2.78000 -0.16607073233336725
2.78100 -0.1654483082531194
2.78200 -0.1648245240153559
2.78300 -0.16419938058947553
2.78400 -0.1635728789552957
2.78500 -0.16294502010306716
2.78600 -0.16231580503349374
2.78700 -0.16168523475774754
2.78800 -0.16105331029748923
2.78900 -0.16042003268488214
2.79000 -0.15978540296261184
2.79100 -0.15914942218390196
2.79200 -0.15851209141253278
2.79300 -0.15787341172285696
2.79400 -0.15723338419981722
2.79500 -0.1565920099389633
2.79600 -0.15594929004646996
2.79700 -0.15530522563915242
2.79800 -0.15465981784448393
2.79900 -0.15401306780061266
2.80000 -0.15336497665637952
2.80100 -0.15271554557133316
2.80200 -0.15206477571574817
2.80300 -0.15141266827064068
2.80400 -0.15075922442778658
2.80500 -0.15010444538973708
2.80600 -0.14944833236983468
2.80700 -0.14879088659223122
2.80800 -0.14813210929190385
2.80900 -0.14747200171467112
2.81000 -0.14681056511720972
2.81100 -0.14614780076707007
2.81200 -0.1454837099426949
2.81300 -0.14481829393343273
2.81400 -0.1441515540395557
2.81500 -0.14348349157227575
2.81600 -0.14281410785375953
2.81700 -0.14214340421714713
2.81800 -0.14147138200656498
2.81900 -0.14079804257714382
2.82000 -0.14012338729503393
2.82100 -0.13944741753742187
2.82200 -0.13877013469254532
2.82300 -0.13809154015970918
2.82400 -0.13741163534930154
2.82500 -0.13673042168280977
2.82600 -0.13604790059283542
2.82700 -0.13536407352311008
2.82800 -0.13467894192851082
2.82900 -0.1339925072750769
2.83000 -0.1333047710400233
2.83100 -0.13261573471175786
2.83200 -0.1319253997898946
2.83300 -0.13123376778527207
2.83400 -0.13054084021996587
2.83500 -0.12984661862730484
2.83600 -0.12915110455188616
2.83700 -0.12845429954959123
2.83800 -0.12775620518759984
2.83900 -0.1270568230444047
2.84000 -0.12635615470982753
2.84100 -0.12565420178503398
2.84200 -0.12495096588254714
2.84300 -0.12424644862626356
2.84400 -0.12354065165146756
2.84500 -0.1228335766048459
2.84600 -0.12212522514450266
2.84700 -0.12141559893997328
2.84800 -0.12070469967223932
2.84900 -0.11999252903374365
2.85000 -0.11927908872840323
2.85100 -0.1185643804716254
2.85200 -0.11784840599031965
2.85300 -0.1171311670229157
2.85400 -0.11641266531937336
2.85500 -0.11569290264119947
2.85600 -0.11497188076146027
2.85700 -0.11424960146479775
2.85800 -0.11352606654744107
2.85900 -0.11280127781722153
2.86000 -0.11207523709358592
2.86100 -0.11134794620761253
2.86200 -0.11061940700202053
2.86300 -0.10988962133118753
2.86400 -0.10915859106116152
2.86500 -0.10842631806967445
2.86600 -0.10769280424615613
2.86700 -0.10695805149174728
2.86800 -0.10622206171931174
2.86900 -0.10548483685345317
2.87000 -0.1047463788305243
2.87100 -0.1040066895986425
2.87200 -0.10326577111770155
2.87300 -0.10252362535938646
2.87400 -0.10178025430718422
2.87500 -0.10103565995639799
2.87600 -0.10028984431416021
2.87700 -0.09954280939944427
2.87800 -0.0987945572430782
2.87900 -0.09804508988775666
2.88000 -0.09729440938805368
2.88100 -0.09654251781043584
2.88200 -0.09578941723327394
2.88300 -0.09503510974685475
2.88400 -0.09427959745339523
2.88500 -0.09352288246705352
2.88600 -0.09276496691394111
2.88700 -0.09200585293213488
2.88800 -0.0912455426716899
2.88900 -0.0904840382946511
2.89000 -0.08972134197506397
2.89100 -0.08895745589898889
2.89200 -0.08819238226451
2.89300 -0.0874261232817498
2.89400 -0.08665868117287863
2.89500 -0.08589005817212622
2.89600 -0.0851202565257947
2.89700 -0.08434927849227003
2.89800 -0.08357712634203138
2.89900 -0.0828038023576636
2.90000 -0.08202930883386879
2.90100 -0.08125364807747755
2.90200 -0.08047682240745876
2.90300 -0.07969883415493177
2.90400 -0.07891968566317685
2.90500 -0.07813937928764624
2.90600 -0.07735791739597495
2.90700 -0.07657530236799122
2.90800 -0.07579153659572652
2.90900 -0.07500662248342846
2.91000 -0.07422056244756865
2.91100 -0.07343335891685414
2.91200 -0.07264501433223751
2.91300 -0.07185553114692847
2.91400 -0.07106491182640229
2.91500 -0.07027315884840991
2.91600 -0.0694802747029891
2.91700 -0.06868626189247469
2.91800 -0.06789112293150694
2.91900 -0.06709486034704198
2.92000 -0.06629747667836157
2.92100 -0.06549897447708379
2.92200 -0.06469935630717062
2.92300 -0.06389862474493901
2.92400 -0.06309678237906917
2.92500 -0.06229383181061498
2.92600 -0.061489775653012765
2.92700 -0.060684616532090216
2.92800 -0.059878357086075196
2.92900 -0.05907099996560645
2.93000 -0.0582625478337403
2.93100 -0.05745300336596092
2.93200 -0.056642369250188486
2.93300 -0.0558306481867889
2.93400 -0.05501784288858043
2.93500 -0.05420395608084456
2.93600 -0.053388990501332
2.93700 -0.05257294890027371
2.93800 -0.05175583404038664
2.93900 -0.05093764869688405
2.94000 -0.05011839565748128
2.94100 -0.04929807772240708
2.94200 -0.048476697704408024
2.94300 -0.047654258428758485
2.94400 -0.04683076273326789
2.94500 -0.04600621346828802
2.94600 -0.04518061349672229
2.94700 -0.044353965694030315
2.94800 -0.04352627294823808
2.94900 -0.04269753815994349
2.95000 -0.04186776424232503
2.95100 -0.04103695412114787
2.95200 -0.04020511073477118
2.95300 -0.039372237034155044
2.95400 -0.038538335982868835
2.95500 -0.03770341055709519
2.95600 -0.03686746374563938
2.95700 -0.036030498549934016
2.95800 -0.03519251798404776
2.95900 -0.03435352507468956
2.96000 -0.033513522861216026
2.96100 -0.03267251439563727
2.96200 -0.03183050274262511
2.96300 -0.030987490979515926
2.96400 -0.030143482196319012
2.96500 -0.02929847949572103
2.96600 -0.02845248599309387
2.96700 -0.027605504816498164
2.96800 -0.02675753910668966
2.96900 -0.025908592017125157
2.97000 -0.025058666713968853
2.97100 -0.024207766376095157
2.97200 -0.023355894195096157
2.97300 -0.022503053375285128
2.97400 -0.021649247133704183
2.97500 -0.02079447870012652
2.97600 -0.019938751317062593
2.97700 -0.019082068239763977
2.97800 -0.018224432736230454
2.97900 -0.017365848087211883
2.98000 -0.01650631758621378
2.98100 -0.01564584453950156
2.98200 -0.014784432266106328
2.98300 -0.013922084097826132
2.98400 -0.013058803379233045
2.98500 -0.012194593467674408
2.98600 -0.011329457733280085
2.98700 -0.01046339955896314
2.98800 -0.009596422340425412
2.98900 -0.00872852948615985
2.99000 -0.00785972441745607
2.99100 -0.006990010568401375
2.99200 -0.006119391385885764
2.99300 -0.005247870329603651
2.99400 -0.00437545087205979
2.99500 -0.0035021364985689594
2.99600 -0.0026279307072603632
2.99700 -0.0017528370090808313
2.99800 -0.0008768589277977212
2.99900 -5.12978851659144e-17