0.00000 0.00013962634015953786
0.00100 0.00027925268031882055
0.00200 0.000418879020476572
0.00300 0.0005585053606294748
0.00400 0.000698131700771149
0.00500 0.0008377580408911314
0.00600 0.0009773843809738553
0.00700 0.0011170107209976293
0.00800 0.001256637060933616
0.00900 0.0013962634007448115
0.01000 0.001535889740385026
0.01100 0.0016755160797978612
0.01200 0.0018151424189156906
0.01300 0.0019547687576586367
0.01400 0.0020943950959335543
0.01500 0.002234021433633006
0.01600 0.002373647770634242
0.01700 0.0025132741067981808
0.01800 0.002652900441968388
0.01900 0.002792526775970054
0.02000 0.002932153108608974
0.02100 0.00307177943967053
0.02200 0.0032114057689186662
0.02300 0.0033510320960948676
0.02400 0.0034906584209171447
0.02500 0.0036302847430790073
0.02600 0.0037699110622484437
0.02700 0.003909537378066906
0.02800 0.004049163690148283
0.02900 0.004188789998077882
0.03000 0.004328416301411405
0.03100 0.004468042599673937
0.03200 0.0046076688923589095
0.03300 0.004747295178927098
0.03400 0.004886921458805588
0.03500 0.005026547731386756
0.03600 0.005166173996027255
0.03700 0.0053058002520469895
0.03800 0.005445426498728093
0.03900 0.005585052735313913
0.04000 0.00572467896100798
0.04100 0.005864305174973
0.04200 0.006003931376329823
0.04300 0.006143557564156426
0.04400 0.006283183737486895
0.04500 0.0064228098953104
0.04600 0.006562436036570177
0.04700 0.006702062160162503
0.04800 0.006841688264935684
0.04900 0.0069813143496890205
0.05000 0.007120940413171801
0.05100 0.007260566454082273
0.05200 0.007400192471066622
0.05300 0.0075398184627179605
0.05400 0.007679444427575288
0.05500 0.007819070364122492
0.05600 0.007958696270787314
0.05700 0.008098322145940326
0.05800 0.008237947987893924
0.05900 0.008377573794901293
0.06000 0.008517199565155396
0.06100 0.00865682529678795
0.06200 0.008796450987868397
0.06300 0.0089360766364029
0.06400 0.009075702240333305
0.06500 0.009215327797536131
0.06600 0.009354953305821553
0.06700 0.009494578762932365
0.06800 0.00963420416654297
0.06900 0.009773829514258366
0.07000 0.00991345480361311
0.07100 0.010053080032070307
0.07200 0.010192705197020587
0.07300 0.010332330295781084
0.07400 0.010471955325594416
0.07500 0.010611580283627662
0.07600 0.010751205166971345
0.07700 0.010890829972638408
0.07800 0.011030454697563193
0.07900 0.011170079338600425
0.08000 0.011309703892524186
0.08100 0.011449328356026897
0.08200 0.011588952725718296
0.08300 0.011728576998124414
0.08400 0.011868201169686567
0.08500 0.01200782523676032
0.08600 0.01214744919561447
0.08700 0.012287073042430034
0.08800 0.012426696773299222
0.08900 0.012566320384224413
0.09000 0.012705943871117141
0.09100 0.012845567229797066
0.09200 0.012985190455990961
0.09300 0.013124813545331692
0.09400 0.013264436493357191
0.09500 0.013404059295509438
0.09600 0.013543681947133446
0.09700 0.01368330444347622
0.09800 0.013822926779685772
0.09900 0.013962548950810064
0.10000 0.014102170951796009
0.10100 0.014241792777488445
0.10200 0.014381414422629116
0.10300 0.014521035881855635
0.10400 0.014660657149700496
0.10500 0.014800278220590024
0.10600 0.01493989908884337
0.10700 0.015079519748671482
0.10800 0.015219140194176087
0.10900 0.015358760419348673
0.11000 0.01549838041806947
0.11100 0.015638000184106424
0.11200 0.01577761971111418
0.11300 0.01591723899263305
0.11400 0.016056858022088016
0.11500 0.016196476792787688
0.11600 0.01633609529792329
0.11700 0.016475713530567645
0.11800 0.016615331483674157
0.11900 0.016754949150075766
0.12000 0.01689456652248396
0.12100 0.01703418359348773
0.12200 0.017173800355552566
0.12300 0.017313416801019426
0.12400 0.01745303292210372
0.12500 0.017592648710894287
0.12600 0.01773226415935238
0.12700 0.017871879259310643
0.12800 0.018011494002472078
0.12900 0.018151108380409047
0.13000 0.01829072238456223
0.13100 0.018430336006239632
0.13200 0.01856994923661553
0.13300 0.01870956206672948
0.13400 0.018849174487485264
0.13500 0.01898878648964991
0.13600 0.019128398063852654
0.13700 0.019268009200583903
0.13800 0.01940761989019424
0.13900 0.01954723012289339
0.14000 0.019686839888749197
0.14100 0.01982644917768662
0.14200 0.01996605797948669
0.14300 0.020105666283785514
0.14400 0.02024527408007324
0.14500 0.020384881357693032
0.14600 0.020524488105840066
0.14700 0.0206640943135605
0.14800 0.02080369996975045
0.14900 0.020943305063154966
0.15000 0.021082909582367044
0.15100 0.02122251351582657
0.15200 0.021362116851819307
0.15300 0.02150171957847589
0.15400 0.02164132168377078
0.15500 0.021780923155521287
0.15600 0.0219205239813865
0.15700 0.022060124148866298
0.15800 0.022199723645300325
0.15900 0.022339322457866958
0.16000 0.022478920573582303
0.16100 0.02261851797929917
0.16200 0.022758114661706047
0.16300 0.022897710607326083
0.16400 0.02303730580251608
0.16500 0.02317690023346545
0.16600 0.023316493886195205
0.16700 0.023456086746556953
0.16800 0.023595678800231865
0.16900 0.023735270032729648
0.17000 0.02387486042938753
0.17100 0.024014449975369244
0.17200 0.024154038655664026
0.17300 0.024293626455085548
0.17400 0.024433213358270946
0.17500 0.024572799349679774
0.17600 0.024712384413593
0.17700 0.024851968534111972
0.17800 0.0249915516951574
0.17900 0.025131133880468347
0.18000 0.02527071507360121
0.18100 0.025410295257928688
0.18200 0.025549874416638755
0.18300 0.02568945253273369
0.18400 0.025829029589028978
0.18500 0.02596860556815238
0.18600 0.02610818045254283
0.18700 0.02624775422444949
0.18800 0.02638732686593066
0.18900 0.026526898358852816
0.19000 0.02666646868488957
0.19100 0.026806037825520636
0.19200 0.026945605762030842
0.19300 0.027085172475509078
0.19400 0.027224737946847297
0.19500 0.027364302156739507
0.19600 0.027503865085680708
0.19700 0.027643426713965937
0.19800 0.027782987021689184
0.19900 0.027922545988742418
0.20000 0.02806210359481456
0.20100 0.028201659819390424
0.20200 0.028341214641749796
0.20300 0.02848076804096628
0.20400 0.0286203199959064
0.20500 0.02875987048522852
0.20600 0.028899419487381825
0.20700 0.029038966980605336
0.20800 0.02917851294292685
0.20900 0.029318057352161964
0.21000 0.029457600185913032
0.21100 0.02959714142156812
0.21200 0.029736681036300065
0.21300 0.029876219007065382
0.21400 0.030015755310603267
0.21500 0.030155289923434612
0.21600 0.03029482282186094
0.21700 0.030434353981963414
0.21800 0.030573883379601815
0.21900 0.03071341099041351
0.22000 0.030852936789812473
0.22100 0.030992460752988206
0.22200 0.031131982854904792
0.22300 0.03127150307029979
0.22400 0.031411021373683345
0.22500 0.03155053773933702
0.22600 0.03169005214131288
0.22700 0.031829564553432464
0.22800 0.031969074949285727
0.22900 0.03210858330223005
0.23000 0.032248089585389245
0.23100 0.03238759377165246
0.23200 0.03252709583367328
0.23300 0.03266659574386859
0.23400 0.03280609347441764
0.23500 0.03294558899726098
0.23600 0.03308508228409948
0.23700 0.0332245733063933
0.23800 0.033364062035360846
0.23900 0.0335035484419778
0.24000 0.03364303249697608
0.24100 0.033782514170842805
0.24200 0.03392199343381932
0.24300 0.03406147025590013
0.24400 0.03420094460683195
0.24500 0.03434041645611262
0.24600 0.034479885772990125
0.24700 0.03461935252646157
0.24800 0.03475881668527217
0.24900 0.03489827821791425
0.25000 0.03503773709262618
0.25100 0.03517719327739139
0.25200 0.03531664673993738
0.25300 0.03545609744773467
0.25400 0.03559554536799577
0.25500 0.03573499046767421
0.25600 0.0358744327134635
0.25700 0.03601387207179611
0.25800 0.036153308508842456
0.25900 0.03629274199050992
0.26000 0.03643217248244176
0.26100 0.03657159995001617
0.26200 0.03671102435834525
0.26300 0.036850445672273933
0.26400 0.03698986385637906
0.26500 0.03712927887496829
0.26600 0.03726869069207913
0.26700 0.0374080992714779
0.26800 0.03754750457665872
0.26900 0.03768690657084254
0.27000 0.03782630521697602
0.27100 0.03796570047773065
0.27200 0.03810509231550162
0.27300 0.03824448069240689
0.27400 0.03838386557028613
0.27500 0.03852324691069969
0.27600 0.038662624674927676
0.27700 0.03880199882396882
0.27800 0.038941369318539566
0.27900 0.03908073611907298
0.28000 0.039220099185717776
0.28100 0.03935945847833734
0.28200 0.03949881395650861
0.28300 0.039638165579521184
0.28400 0.03977751330637622
0.28500 0.03991685709578546
0.28600 0.040056196906170245
0.28700 0.040195532695660424
0.28800 0.04033486442209341
0.28900 0.04047419204301318
0.29000 0.04061351551566919
0.29100 0.04075283479701541
0.29200 0.04089214984370933
0.29300 0.04103146061211089
0.29400 0.041170767058281536
0.29500 0.041310069137983164
0.29600 0.041449366806677136
0.29700 0.04158866001952324
0.29800 0.04172794873137869
0.29900 0.04186723289679714
0.30000 0.042006512470027645
0.30100 0.04214578740501365
0.30200 0.04228505765539201
0.30300 0.04242432317449194
0.30400 0.042563583915334054
0.30500 0.04270283983062927
0.30600 0.04284209087277793
0.30700 0.042981336993868656
0.30800 0.04312057814567743
0.30900 0.043259814279666554
0.31000 0.04339904534698364
0.31100 0.0435382712984606
0.31200 0.04367749208461267
0.31300 0.043816707655637326
0.31400 0.04395591796141337
0.31500 0.044095122951499845
0.31600 0.04423432257513508
0.31700 0.04437351678123563
0.31800 0.044512705518395326
0.31900 0.04465188873488424
0.32000 0.04479106637864763
0.32100 0.04493023839730506
0.32200 0.045069404738149244
0.32300 0.04520856534814513
0.32400 0.04534772017392888
0.32500 0.045486869161806845
0.32600 0.04562601225775458
0.32700 0.0457651494074158
0.32800 0.045904280556101434
0.32900 0.04604340564878857
0.33000 0.04618252463011945
0.33100 0.046321637444400515
0.33200 0.04646074403560132
0.33300 0.04659984434735362
0.33400 0.04673893832295028
0.33500 0.04687802590534434
0.33600 0.04701710703714795
0.33700 0.04715618166063141
0.33800 0.047295249717722164
0.33900 0.04743431115000376
0.34000 0.04757336589871488
0.34100 0.04771241390474835
0.34200 0.04785145510865004
0.34300 0.04799048945061802
0.34400 0.048129516870501425
0.34500 0.04826853730779952
0.34600 0.04840755070166065
0.34700 0.04854655699088127
0.34800 0.048685556113904974
0.34900 0.048824548008821404
0.35000 0.04896353261336533
0.35100 0.0491025098649156
0.35200 0.04924147970049421
0.35300 0.04938044205676517
0.35400 0.04951939687003368
0.35500 0.04965834407624493
0.35600 0.04979728361098328
0.35700 0.04993621540947117
0.35800 0.050075139406568124
0.35900 0.05021405553676973
0.36000 0.050352963734206765
0.36100 0.050491863932643995
0.36200 0.05063075606547935
0.36300 0.05076964006574285
0.36400 0.050908515866095586
0.36500 0.051047383398828805
0.36600 0.05118624259586281
0.36700 0.051325093388746044
0.36800 0.05146393570865402
0.36900 0.05160276948638844
0.37000 0.05174159465237605
0.37100 0.05188041113666776
0.37200 0.052019218868937574
0.37300 0.05215801777848165
0.37400 0.05229680779421726
0.37500 0.05243558884468183
0.37600 0.05257436085803193
0.37700 0.052713123762042256
0.37800 0.05285187748410466
0.37900 0.0529906219512272
0.38000 0.05312935709003303
0.38100 0.05326808282675953
0.38200 0.05340679908725721
0.38300 0.05354550579698881
0.38400 0.05368420288102824
0.38500 0.0538228902640596
0.38600 0.053961567870376224
0.38700 0.05410023562387964
0.38800 0.05423889344807857
0.38900 0.05437754126608806
0.39000 0.05451617900062831
0.39100 0.054654806574023794
0.39200 0.05479342390820227
0.39300 0.05493203092469372
0.39400 0.05507062754462945
0.39500 0.05520921368874104
0.39600 0.055347789277359366
0.39700 0.0554863542304136
0.39800 0.0556249084674303
0.39900 0.05576345190753228
0.40000 0.055901984469437754
0.40100 0.05604050607145928
0.40200 0.05617901663150277
0.40300 0.056317516067066586
0.40400 0.056456004295240406
0.40500 0.05659448123270437
0.40600 0.05673294679572804
0.40700 0.056871400900169386
0.40800 0.05700984346147391
0.40900 0.05714827439467352
0.41000 0.05728669361438563
0.41100 0.05742510103481215
0.41200 0.05756349656973851
0.41300 0.05770188013253272
0.41400 0.05784025163614428
0.41500 0.05797861099310329
0.41600 0.058116958115519424
0.41700 0.05825529291508099
0.41800 0.058393615303053904
0.41900 0.058531925190280734
0.42000 0.058670222487179687
0.42100 0.05880850710374368
0.42200 0.05894677894953932
0.42300 0.05908503793370591
0.42400 0.05922328396495457
0.42500 0.05936151695156711
0.42600 0.05949973680139518
0.42700 0.05963794342185918
0.42800 0.05977613671994739
0.42900 0.05991431660221494
0.43000 0.060052482974782814
0.43100 0.0601906357433369
0.43200 0.06032877481312704
0.43300 0.060466900088965964
0.43400 0.060605011475228454
0.43500 0.06074310887585024
0.43600 0.06088119219432706
0.43700 0.06101926133371377
0.43800 0.061157316196623235
0.43900 0.061295356685225455
0.44000 0.06143338270124657
0.44100 0.061571394145967864
0.44200 0.061709390920224795
0.44300 0.061847372924406084
0.44400 0.06198534005845266
0.44500 0.06212329222185673
0.44600 0.062261229313660814
0.44700 0.06239915123245677
0.44800 0.06253705787638482
0.44900 0.06267494914313258
0.45000 0.06281282492993412
0.45100 0.06295068513356894
0.45200 0.06308852965036103
0.45300 0.06322635837617799
0.45400 0.06336417120642986
0.45500 0.06350196803606838
0.45600 0.06363974875958588
0.45700 0.06377751327101432
0.45800 0.06391526146392447
0.45900 0.06405299323142473
0.46000 0.06419070846616035
0.46100 0.06432840706031234
0.46200 0.0644660889055966
0.46300 0.06460375389326291
0.46400 0.06474140191409399
0.46500 0.06487903285840448
0.46600 0.06501664661604009
0.46700 0.06515424307637656
0.46800 0.0652918221283187
0.46900 0.06542938366029948
0.47000 0.065566927560279
0.47100 0.06570445371574361
0.47200 0.06584196201370494
0.47300 0.0659794523406989
0.47400 0.0661169245827847
0.47500 0.066254378625544
0.47600 0.06639181435407988
0.47700 0.06652923165301591
0.47800 0.0666666304064952
0.47900 0.06680401049817938
0.48000 0.06694137181124776
0.48100 0.06707871422839631
0.48200 0.06721603763183671
0.48300 0.0673533419032954
0.48400 0.06749062692401266
0.48500 0.06762789257474164
0.48600 0.0677651387357474
0.48700 0.06790236528680596
0.48800 0.06803957210720339
0.48900 0.06817675907573484
0.49000 0.06831392607070358
0.49100 0.06845107296992003
0.49200 0.06858819965070091
0.49300 0.06872530598986822
0.49400 0.06886239186374826
0.49500 0.06899945714817081
0.49600 0.06913650171846807
0.49700 0.06927352544947374
0.49800 0.06941052821552218
0.49900 0.06954750989044733
0.50000 0.06968447034758182
0.50100 0.06982140945975608
0.50200 0.06995832709929732
0.50300 0.07009522313802868
0.50400 0.07023209744726819
0.50500 0.07036894989782792
0.50600 0.07050578036001304
0.50700 0.07064258870362075
0.50800 0.07077937479793957
0.50900 0.07091613851174823
0.51000 0.07105287971331478
0.51100 0.07118959827039568
0.51200 0.07132629405023488
0.51300 0.07146296691956286
0.51400 0.07159961674459567
0.51500 0.07173624339103406
0.51600 0.07187284672406248
0.51700 0.0720094266083483
0.51800 0.07214598290804067
0.51900 0.07228251548676974
0.52000 0.0724190242076457
0.52100 0.07255550893325785
0.52200 0.07269196952567367
0.52300 0.07282840584643786
0.52400 0.07296481775657149
0.52500 0.07310120511657106
0.52600 0.07323756778640748
0.52700 0.07337390562552536
0.52800 0.07351021849284181
0.52900 0.07364650624674576
0.53000 0.07378276874509691
0.53100 0.07391900584522487
0.53200 0.07405521740392819
0.53300 0.07419140327747349
0.53400 0.07432756332159457
0.53500 0.07446369739149138
0.53600 0.0745998053418292
0.53700 0.07473588702673772
0.53800 0.07487194229981015
0.53900 0.07500797101410217
0.54000 0.0751439730221312
0.54100 0.07527994817587536
0.54200 0.07541589632677266
0.54300 0.07555181732571999
0.54400 0.07568771102307226
0.54500 0.07582357726864153
0.54600 0.07595941591169604
0.54700 0.07609522680095934
0.54800 0.07623100978460938
0.54900 0.07636676471027758
0.55000 0.07650249142504799
0.55100 0.07663818977545629
0.55200 0.07677385960748902
0.55300 0.07690950076658255
0.55400 0.07704511309762226
0.55500 0.07718069644494158
0.55600 0.0773162506523212
0.55700 0.07745177556298803
0.55800 0.07758727101961443
0.55900 0.07772273686431724
0.56000 0.0778581729386569
0.56100 0.07799357908363659
0.56200 0.07812895513970128
0.56300 0.07826430094673688
0.56400 0.07839961634406936
0.56500 0.0785349011704638
0.56600 0.07867015526412359
0.56700 0.07880537846268948
0.56800 0.07894057060323867
0.56900 0.07907573152228398
0.57000 0.07921086105577298
0.57100 0.07934595903908702
0.57200 0.07948102530704045
0.57300 0.07961605969387964
0.57400 0.07975106203328215
0.57500 0.0798860321583559
0.57600 0.08002096990163815
0.57700 0.0801558750950948
0.57800 0.08029074757011935
0.57900 0.08042558715753213
0.58000 0.08056039368757939
0.58100 0.08069516698993238
0.58200 0.08082990689368658
0.58300 0.08096461322736076
0.58400 0.08109928581889608
0.58500 0.08123392449565532
0.58600 0.08136852908442187
0.58700 0.08150309941139901
0.58800 0.08163763530220894
0.58900 0.08177213658189196
0.59000 0.08190660307490562
0.59100 0.08204103460512377
0.59200 0.08217543099583578
0.59300 0.08230979206974572
0.59400 0.0824441176489713
0.59500 0.08257840755504331
0.59600 0.08271266160890445
0.59700 0.08284687963090868
0.59800 0.08298106144082035
0.59900 0.08311520685781322
0.60000 0.0832493157004697
0.60100 0.08338338778678002
0.60200 0.0835174229341413
0.60300 0.08365142095935676
0.60400 0.08378538167863483
0.60500 0.08391930490758835
0.60600 0.08405319046123363
0.60700 0.08418703815398976
0.60800 0.08432084779967759
0.60900 0.08445461921151899
0.61000 0.08458835220213601
0.61100 0.08472204658354997
0.61200 0.08485570216718072
0.61300 0.08498931876384568
0.61400 0.08512289618375912
0.61500 0.0852564342365312
0.61600 0.0853899327311673
0.61700 0.08552339147606701
0.61800 0.0856568102790234
0.61900 0.08579018894722215
0.62000 0.08592352728724077
0.62100 0.08605682510504767
0.62200 0.08619008220600148
0.62300 0.08632329839485006
0.62400 0.08645647347572978
0.62500 0.08658960725216466
0.62600 0.08672269952706559
0.62700 0.08685575010272939
0.62800 0.08698875878083816
0.62900 0.08712172536245832
0.63000 0.08725464964803986
0.63100 0.08738753143741548
0.63200 0.08752037052979983
0.63300 0.08765316672378864
0.63400 0.08778591981735798
0.63500 0.0879186296078633
0.63600 0.08805129589203885
0.63700 0.08818391846599664
0.63800 0.08831649712522577
0.63900 0.08844903166459159
0.64000 0.08858152187833486
0.64100 0.08871396756007104
0.64200 0.08884636850278933
0.64300 0.08897872449885205
0.64400 0.08911103533999373
0.64500 0.0892433008173203
0.64600 0.08937552072130836
0.64700 0.08950769484180436
0.64800 0.08963982296802375
0.64900 0.08977190488855029
0.65000 0.08990394039133517
0.65100 0.09003592926369627
0.65200 0.09016787129231735
0.65300 0.09029976626324727
0.65400 0.09043161396189918
0.65500 0.09056341417304978
0.65600 0.09069516668083849
0.65700 0.09082687126876675
0.65800 0.09095852771969715
0.65900 0.09109013581585264
0.66000 0.09122169533881581
0.66100 0.0913532060695282
0.66200 0.09148466778828931
0.66300 0.09161608027475601
0.66400 0.09174744330794164
0.66500 0.09187875666621538
0.66600 0.09201002012730135
0.66700 0.09214123346827793
0.66800 0.09227239646557696
0.66900 0.09240350889498293
0.67000 0.09253457053163236
0.67100 0.09266558115001287
0.67200 0.09279654052396254
0.67300 0.09292744842666906
0.67400 0.09305830463066905
0.67500 0.09318910890784737
0.67600 0.0933198610294361
0.67700 0.09345056076601414
0.67800 0.09358120788750617
0.67900 0.09371180216318206
0.68000 0.09384234336165609
0.68100 0.09397283125088617
0.68200 0.09410326559817317
0.68300 0.09423364617016007
0.68400 0.09436397273283134
0.68500 0.09449424505151213
0.68600 0.09462446289086751
0.68700 0.09475462601490184
0.68800 0.09488473418695789
0.68900 0.09501478716971623
0.69000 0.09514478472519448
0.69100 0.09527472661474656
0.69200 0.09540461259906187
0.69300 0.09553444243816477
0.69400 0.09566421589141366
0.69500 0.09579393271750042
0.69600 0.09592359267444957
0.69700 0.09605319551961758
0.69800 0.09618274100969218
0.69900 0.09631222890069167
0.70000 0.09644165894796412
0.70100 0.09657103090618674
0.70200 0.09670034452936509
0.70300 0.09682959957083248
0.70400 0.09695879578324922
0.70500 0.09708793291860182
0.70600 0.09721701072820246
0.70700 0.09734602896268815
0.70800 0.09747498737202007
0.70900 0.09760388570548288
0.71000 0.0977327237116841
0.71100 0.09786150113855326
0.71200 0.09799021773334134
0.71300 0.09811887324262002
0.71400 0.09824746741228098
0.71500 0.09837599998753532
0.71600 0.09850447071291268
0.71700 0.0986328793322608
0.71800 0.09876122558874459
0.71900 0.09888950922484567
0.72000 0.09901772998236157
0.72100 0.09914588760240504
0.72200 0.09927398182540352
0.72300 0.09940201239109822
0.72400 0.09952997903854376
0.72500 0.09965788150610724
0.72600 0.09978571953146773
0.72700 0.09991349285161553
0.72800 0.10004120120285155
0.72900 0.1001688443207866
0.73000 0.10029642194034082
0.73100 0.10042393379574294
0.73200 0.10055137962052971
0.73300 0.1006787591475451
0.73400 0.10080607210893983
0.73500 0.10093331823617062
0.73600 0.10106049725999958
0.73700 0.10118760891049351
0.73800 0.10131465291702338
0.73900 0.10144162900826352
0.74000 0.10156853691219114
0.74100 0.10169537635608562
0.74200 0.10182214706652785
0.74300 0.10194884876939972
0.74400 0.10207548118988331
0.74500 0.10220204405246043
0.74600 0.10232853708091189
0.74700 0.10245495999831694
0.74800 0.10258131252705263
0.74900 0.10270759438879314
0.75000 0.10283380530450927
0.75100 0.10295994499446769
0.75200 0.10308601317823045
0.75300 0.10321200957465439
0.75400 0.10333793390189032
0.75500 0.1034637858773827
0.75600 0.10358956521786876
0.75700 0.10371527163937819
0.75800 0.10384090485723227
0.75900 0.10396646458604344
0.76000 0.10409195053971466
0.76100 0.10421736243143877
0.76200 0.10434269997369801
0.76300 0.10446796287826333
0.76400 0.10459315085619382
0.76500 0.10471826361783622
0.76600 0.10484330087282416
0.76700 0.10496826233007778
0.76800 0.10509314769780306
0.76900 0.10521795668349117
0.77000 0.10534268899391806
0.77100 0.10546734433514375
0.77200 0.10559192241251183
0.77300 0.10571642293064895
0.77400 0.10584084559346406
0.77500 0.10596519010414815
0.77600 0.10608945616517333
0.77700 0.10621364347829262
0.77800 0.10633775174453926
0.77900 0.10646178066422599
0.78000 0.10658572993694476
0.78100 0.1067095992615661
0.78200 0.10683338833623851
0.78300 0.10695709685838799
0.78400 0.10708072452471744
0.78500 0.10720427103120622
0.78600 0.1073277360731095
0.78700 0.1074511193449578
0.78800 0.10757442054055649
0.78900 0.10769763935298514
0.79000 0.10782077547459717
0.79100 0.10794382859701913
0.79200 0.10806679841115037
0.79300 0.10818968460716244
0.79400 0.10831248687449847
0.79500 0.10843520490187288
0.79600 0.10855783837727073
0.79700 0.10868038698794717
0.79800 0.1088028504204271
0.79900 0.10892522836050447
0.80000 0.10904752049324196
0.80100 0.1091697265029704
0.80200 0.10929184607328826
0.80300 0.1094138788870612
0.80400 0.10953582462642153
0.80500 0.10965768297276779
0.80600 0.10977945360676426
0.80700 0.10990113620834041
0.80800 0.11002273045669048
0.80900 0.11014423603027299
0.81000 0.11026565260681025
0.81100 0.110386979863288
0.81200 0.1105082174759547
0.81300 0.11062936512032139
0.81400 0.11075042247116088
0.81500 0.1108713892025076
0.81600 0.11099226498765699
0.81700 0.11111304949916498
0.81800 0.11123374240884773
0.81900 0.11135434338778101
0.82000 0.11147485210629986
0.82100 0.11159526823399808
0.82200 0.11171559143972783
0.82300 0.11183582139159919
0.82400 0.11195595775697967
0.82500 0.11207600020249393
0.82600 0.11219594839402316
0.82700 0.11231580199670478
0.82800 0.1124355606749319
0.82900 0.11255522409235308
0.83000 0.1126747919118718
0.83100 0.11279426379564597
0.83200 0.11291363940508765
0.83300 0.11303291840086271
0.83400 0.11315210044289008
0.83500 0.11327118519034178
0.83600 0.11339017230164218
0.83700 0.1135090614344678
0.83800 0.11362785224574691
0.83900 0.11374654439165896
0.84000 0.11386513752763441
0.84100 0.11398363130835419
0.84200 0.11410202538774941
0.84300 0.11422031941900099
0.84400 0.11433851305453911
0.84500 0.11445660594604312
0.84600 0.11457459774444088
0.84700 0.11469248809990867
0.84800 0.11481027666187059
0.84900 0.11492796307899827
0.85000 0.11504554699921064
0.85100 0.11516302806967339
0.85200 0.1152804059367987
0.85300 0.11539768024624496
0.85400 0.11551485064291625
0.85500 0.11563191677096221
0.85600 0.11574887827377746
0.85700 0.11586573479400152
0.85800 0.11598248597351828
0.85900 0.11609913145345575
0.86000 0.11621567087418576
0.86100 0.11633210387532353
0.86200 0.11644843009572746
0.86300 0.11656464917349878
0.86400 0.1166807607459812
0.86500 0.11679676444976064
0.86600 0.11691265992066488
0.86700 0.11702844679376331
0.86800 0.1171441247033666
0.86900 0.11725969328302636
0.87000 0.11737515216553496
0.87100 0.11749050098292506
0.87200 0.1176057393664695
0.87300 0.11772086694668094
0.87400 0.11783588335331155
0.87500 0.11795078821535278
0.87600 0.11806558116103504
0.87700 0.11818026181782743
0.87800 0.11829482981243757
0.87900 0.11840928477081118
0.88000 0.11852362631813197
0.88100 0.11863785407882121
0.88200 0.11875196767653767
0.88300 0.11886596673417722
0.88400 0.1189798508738726
0.88500 0.11909361971699327
0.88600 0.11920727288414508
0.88700 0.11932080999517003
0.88800 0.1194342306691461
0.88900 0.11954753452438695
0.89000 0.11966072117844175
0.89100 0.1197737902480949
0.89200 0.11988674134936585
0.89300 0.11999957409750889
0.89400 0.12011228810701288
0.89500 0.12022488299160108
0.89600 0.120337358364231
0.89700 0.12044971383709402
0.89800 0.12056194902161543
0.89900 0.12067406352845401
0.90000 0.12078605696750203
0.90100 0.12089792894788488
0.90200 0.12100967907796102
0.90300 0.12112130696532178
0.90400 0.12123281221679105
0.90500 0.12134419443842534
0.90600 0.12145545323551343
0.90700 0.12156658821257617
0.90800 0.12167759897336654
0.90900 0.1217884851208692
0.91000 0.12189924625730061
0.91100 0.12200988198410871
0.91200 0.12212039190197274
0.91300 0.12223077561080331
0.91400 0.12234103270974193
0.91500 0.12245116279716123
0.91600 0.12256116547066456
0.91700 0.122671040327086
0.91800 0.12278078696249013
0.91900 0.122890404972172
0.92000 0.122999893950657
0.92100 0.12310925349170071
0.92200 0.12321848318828875
0.92300 0.12332758263263681
0.92400 0.1234365514161904
0.92500 0.12354538912962482
0.92600 0.12365409536284509
0.92700 0.12376266970498577
0.92800 0.12387111174441102
0.92900 0.12397942106871428
0.93000 0.12408759726471848
0.93100 0.12419563991847576
0.93200 0.12430354861526742
0.93300 0.12441132293960394
0.93400 0.12451896247522481
0.93500 0.12462646680509859
0.93600 0.12473383551142277
0.93700 0.1248410681756237
0.93800 0.1249481643783566
0.93900 0.1250551236995055
0.94000 0.12516194571818318
0.94100 0.12526863001273117
0.94200 0.12537517616071966
0.94300 0.12548158373894755
0.94400 0.12558785232344238
0.94500 0.1256939814894603
0.94600 0.12579997081148606
0.94700 0.125905819863233
0.94800 0.12601152821764305
0.94900 0.12611709544688685
0.95000 0.1262225211223634
0.95100 0.12632780481470052
0.95200 0.12643294609375444
0.95300 0.1265379445286102
0.95400 0.12664279968758135
0.95500 0.12674751113821006
0.95600 0.12685207844726734
0.95700 0.12695650118075272
0.95800 0.12706077890389464
0.95900 0.1271649111811503
0.96000 0.12726889757620566
0.96100 0.12737273765197552
0.96200 0.1274764309706038
0.96300 0.12757997709346328
0.96400 0.1276833755811557
0.96500 0.12778662599351212
0.96600 0.1278897278895926
0.96700 0.12799268082768656
0.96800 0.1280954843653127
0.96900 0.12819813805921917
0.97000 0.1283006414653836
0.97100 0.12840299413901324
0.97200 0.12850519563454493
0.97300 0.12860724550564542
0.97400 0.12870914330521133
0.97500 0.1288108885853692
0.97600 0.12891248089747578
0.97700 0.129013919792118
0.97800 0.12911520481911318
0.97900 0.12921633552750905
0.98000 0.129317311465584
0.98100 0.12941813218084725
0.98200 0.12951879722003876
0.98300 0.1296193061291296
0.98400 0.12971965845332203
0.98500 0.12981985373704966
0.98600 0.12991989152397757
0.98700 0.13001977135700243
0.98800 0.1301194927782529
0.98900 0.1302190553290895
0.99000 0.13031845855010502
0.99100 0.13041770198112454
0.99200 0.13051678516120568
0.99300 0.13061570762863892
0.99400 0.1307144689209475
0.99500 0.13081306857488798
0.99600 0.1309115061264501
0.99700 0.13100978111085718
0.99800 0.13110789306256643
0.99900 0.13120584151526887
1.00000 0.13130362600188983
1.00100 0.13140124605458908
1.00200 0.131498701204761
1.00300 0.13159599098303496
1.00400 0.13169311491927543
1.00500 0.13179007254258224
1.00600 0.13188686338129105
1.00700 0.13198348696297324
1.00800 0.13207994281443647
1.00900 0.1321762304617248
1.01000 0.13227234943011906
1.01100 0.132368299244137
1.01200 0.13246407942753372
1.01300 0.13255968950330188
1.01400 0.13265512899367193
1.01500 0.13275039742011255
1.01600 0.13284549430333087
1.01700 0.13294041916327276
1.01800 0.13303517151912314
1.01900 0.1331297508893064
1.02000 0.1332241567914866
1.02100 0.13331838874256788
1.02200 0.13341244625869472
1.02300 0.1335063288552523
1.02400 0.1336000360468669
1.02500 0.13369356734740628
1.02600 0.13378692226997982
1.02700 0.13388010032693906
1.02800 0.13397310102987808
1.02900 0.13406592388963376
1.03000 0.13415856841628615
1.03100 0.1342510341191591
1.03200 0.13434332050682013
1.03300 0.13443542708708148
1.03400 0.13452735336699992
1.03500 0.13461909885287748
1.03600 0.13471066305026172
1.03700 0.13480204546394625
1.03800 0.134893245597971
1.03900 0.1349842629556228
1.04000 0.13507509703943565
1.04100 0.13516574735119127
1.04200 0.13525621339191948
1.04300 0.13534649466189866
1.04400 0.1354365906606562
1.04500 0.1355265008869689
1.04600 0.13561622483886357
1.04700 0.13570576201361725
1.04800 0.13579511190775795
1.04900 0.135884274017065
1.05000 0.13597324783656933
1.05100 0.13606203286055443
1.05200 0.1361506285825564
1.05300 0.13623903449536462
1.05400 0.13632725009102228
1.05500 0.13641527486082686
1.05600 0.13650310829533052
1.05700 0.1365907498843409
1.05800 0.13667819911692125
1.05900 0.1367654554813914
1.06000 0.13685251846532795
1.06100 0.13693938755556492
1.06200 0.1370260622381944
1.06300 0.13711254199856693
1.06400 0.13719882632129216
1.06500 0.1372849146902394
1.06600 0.13737080658853812
1.06700 0.13745650149857871
1.06800 0.13754199890201277
1.06900 0.137627298279754
1.07000 0.13771239911197852
1.07100 0.1377973008781257
1.07200 0.13788200305689854
1.07300 0.13796650512626454
1.07400 0.13805080656345603
1.07500 0.13813490684497098
1.07600 0.13821880544657358
1.07700 0.13830250184329487
1.07800 0.13838599550943328
1.07900 0.13846928591855548
1.08000 0.1385523725434968
1.08100 0.1386352548563622
1.08200 0.1387179323285264
1.08300 0.1388004044306351
1.08400 0.13888267063260537
1.08500 0.1389647304036264
1.08600 0.13904658321216007
1.08700 0.13912822852594184
1.08800 0.13920966581198124
1.08900 0.1392908945365628
1.09000 0.13937191416524644
1.09100 0.13945272416286855
1.09200 0.13953332399354246
1.09300 0.13961371312065918
1.09400 0.13969389100688828
1.09500 0.13977385711417842
1.09600 0.13985361090375834
1.09700 0.13993315183613736
1.09800 0.1400124793711063
1.09900 0.14009159296773824
1.10000 0.1401704920843891
1.10100 0.14024917617869873
1.10200 0.1403276447075914
1.10300 0.14040589712727675
1.10400 0.14048393289325045
1.10500 0.14056175146029523
1.10600 0.14063935228248137
1.10700 0.14071673481316782
1.10800 0.1407938985050028
1.10900 0.14087084280992465
1.11000 0.14094756717916285
1.11100 0.14102407106323858
1.11200 0.14110035391196574
1.11300 0.1411764151744518
1.11400 0.14125225429909852
1.11500 0.14132787073360295
1.11600 0.14140326392495828
1.11700 0.14147843331945456
1.11800 0.1415533783626798
1.11900 0.14162809849952082
1.12000 0.1417025931741638
1.12100 0.14177686183009583
1.12200 0.14185090391010519
1.12300 0.1419247188562826
1.12400 0.14199830611002198
1.12500 0.1420716651120216
1.12600 0.14214479530228463
1.12700 0.14221769612012056
1.12800 0.1422903670041457
1.12900 0.14236280739228446
1.13000 0.14243501672177
1.13100 0.14250699442914552
1.13200 0.14257873995026507
1.13300 0.14265025272029436
1.13400 0.14272153217371208
1.13500 0.1427925777443107
1.13600 0.14286338886519742
1.13700 0.1429339649687953
1.13800 0.14300430548684412
1.13900 0.14307440985040168
1.14000 0.14314427748984443
1.14100 0.14321390783486881
1.14200 0.14328330031449216
1.14300 0.1433524543570538
1.14400 0.143421369390216
1.14500 0.14349004484096511
1.14600 0.14355848013561268
1.14700 0.1436266746997964
1.14800 0.14369462795848123
1.14900 0.14376233933596055
1.15000 0.14382980825585717
1.15100 0.14389703414112442
1.15200 0.14396401641404727
1.15300 0.14403075449624356
1.15400 0.14409724780866487
1.15500 0.14416349577159784
1.15600 0.14422949780466537
1.15700 0.1442952533268274
1.15800 0.14436076175638252
1.15900 0.14442602251096875
1.16000 0.1444910350075649
1.16100 0.14455579866249169
1.16200 0.14462031289141286
1.16300 0.14468457710933644
1.16400 0.1447485907306159
1.16500 0.14481235316895133
1.16600 0.14487586383739073
1.16700 0.14493912214833093
1.16800 0.14500212751351932
1.16900 0.14506487934405451
1.17000 0.145127377050388
1.17100 0.14518962004232513
1.17200 0.14525160772902643
1.17300 0.14531333951900896
1.17400 0.14537481482014736
1.17500 0.1454360330396753
1.17600 0.1454969935841867
1.17700 0.145557695859637
1.17800 0.14561813927134434
1.17900 0.14567832322399105
1.18000 0.14573824712162486
1.18100 0.14579791036766016
1.18200 0.1458573123648793
1.18300 0.1459164525154342
1.18400 0.14597533022084713
1.18500 0.14603394488201257
1.18600 0.14609229589919837
1.18700 0.146150382672047
1.18800 0.14620820459957698
1.18900 0.14626576108018435
1.19000 0.14632305151164388
1.19100 0.14638007529111052
1.19200 0.14643683181512085
1.19300 0.14649332047959437
1.19400 0.146549540679835
1.19500 0.1466054918105323
1.19600 0.1466611732657633
1.19700 0.1467165844389934
1.19800 0.1467717247230782
1.19900 0.14682659351026472
1.20000 0.14688119019219298
1.20100 0.1469355141598974
1.20200 0.14698956480380823
1.20300 0.1470433415137531
1.20400 0.14709684367895845
1.20500 0.14715007068805097
1.20600 0.14720302192905924
1.20700 0.14725569678941505
1.20800 0.14730809465595504
1.20900 0.14736021491492213
1.21000 0.14741205695196716
1.21100 0.1474636201521502
1.21200 0.14751490389994246
1.21300 0.14756590757922738
1.21400 0.1476166305733026
1.21500 0.14766707226488118
1.21600 0.14771723203609344
1.21700 0.1477671092684884
1.21800 0.14781670334303534
1.21900 0.14786601364012555
1.22000 0.14791503953957374
1.22100 0.14796378042061975
1.22200 0.14801223566193017
1.22300 0.14806040464159984
1.22400 0.14810828673715384
1.22500 0.14815588132554858
1.22600 0.14820318778317396
1.22700 0.14825020548585469
1.22800 0.14829693380885214
1.22900 0.14834337212686594
1.23000 0.14838951981403556
1.23100 0.1484353762439423
1.23200 0.1484809407896106
1.23300 0.14852621282351
1.23400 0.1485711917175569
1.23500 0.14861587684311595
1.23600 0.1486602675710021
1.23700 0.14870436327148226
1.23800 0.14874816331427693
1.23900 0.14879166706856203
1.24000 0.14883487390297076
1.24100 0.14887778318559516
1.24200 0.148920394283988
1.24300 0.1489627065651646
1.24400 0.1490047193956046
1.24500 0.1490464321412536
1.24600 0.14908784416752527
1.24700 0.14912895483930286
1.24800 0.14916976352094125
1.24900 0.1492102695762687
1.25000 0.14925047236858863
1.25100 0.14929037126068156
1.25200 0.1493299656148069
1.25300 0.14936925479270494
1.25400 0.14940823815559848
1.25500 0.14944691506419505
1.25600 0.14948528487868842
1.25700 0.14952334695876082
1.25800 0.1495611006635847
1.25900 0.1495985453518246
1.26000 0.14963568038163919
1.26100 0.14967250511068314
1.26200 0.14970901889610905
1.26300 0.14974522109456945
1.26400 0.1497811110622187
1.26500 0.14981668815471494
1.26600 0.14985195172722218
1.26700 0.1498869011344121
1.26800 0.14992153573046627
1.26900 0.14995585486907792
1.27000 0.1499898579034541
1.27100 0.15002354418631753
1.27200 0.15005691306990895
1.27300 0.15008996390598878
1.27400 0.15012269604583928
1.27500 0.1501551088402669
1.27600 0.15018720163960375
1.27700 0.15021897379371021
1.27800 0.15025042465197672
1.27900 0.15028155356332598
1.28000 0.15031235987621488
1.28100 0.15034284293863692
1.28200 0.15037300209812393
1.28300 0.15040283670174845
1.28400 0.15043234609612582
1.28500 0.1504615296274162
1.28600 0.15049038664132686
1.28700 0.15051891648311425
1.28800 0.15054711849758612
1.28900 0.15057499202910382
1.29000 0.15060253642158442
1.29100 0.15062975101850284
1.29200 0.15065663516289413
1.29300 0.15068318819735554
1.29400 0.15070940946404898
1.29500 0.15073529830470295
1.29600 0.15076085406061504
1.29700 0.1507860760726539
1.29800 0.15081096368126182
1.29900 0.15083551622645672
1.30000 0.1508597330478344
1.30100 0.1508836134845711
1.30200 0.15090715687542544
1.30300 0.15093036255874104
1.30400 0.15095322987244844
1.30500 0.1509757581540678
1.30600 0.15099794674071104
1.30700 0.1510197949690841
1.30800 0.15104130217548942
1.30900 0.15106246769582818
1.31000 0.15108329086560277
1.31100 0.15110377101991898
1.31200 0.15112390749348859
1.31300 0.15114369962063157
1.31400 0.15116314673527856
1.31500 0.15118224817097328
1.31600 0.1512010032608749
1.31700 0.1512194113377605
1.31800 0.15123747173402743
1.31900 0.1512551837816958
1.32000 0.15127254681241104
1.32100 0.151289560157446
1.32200 0.15130622314770384
1.32300 0.1513225351137203
1.32400 0.1513384953856661
1.32500 0.15135410329334964
1.32600 0.1513693581662193
1.32700 0.15138425933336608
1.32800 0.15139880612352608
1.32900 0.1514129978650831
1.33000 0.151426833886071
1.33100 0.15144031351417642
1.33200 0.15145343607674125
1.33300 0.1514662009007652
1.33400 0.1514786073129085
1.33500 0.15149065463949424
1.33600 0.15150234220651124
1.33700 0.1515136693396164
1.33800 0.15152463536413752
1.33900 0.15153523960507578
1.34000 0.1515454813871085
1.34100 0.15155536003459158
1.34200 0.15156487487156237
1.34300 0.1515740252217422
1.34400 0.15158281040853913
1.34500 0.15159122975505057
1.34600 0.1515992825840659
1.34700 0.15160696821806932
1.34800 0.15161428597924248
1.34900 0.1516212351894672
1.35000 0.15162781517032825
1.35100 0.15163402524311587
1.35200 0.1516398647288288
1.35300 0.15164533294817692
1.35400 0.15165042922158395
1.35500 0.1516551528691903
1.35600 0.1516595032108558
1.35700 0.15166347956616258
1.35800 0.15166708125441777
1.35900 0.15167030759465633
1.36000 0.15167315790564398
1.36100 0.15167563150587982
1.36200 0.15167772771359944
1.36300 0.1516794458467775
1.36400 0.1516807852231308
1.36500 0.151681745160121
1.36600 0.15168232497495765
1.36700 0.1516825239846009
1.36800 0.15168234150576443
1.36900 0.15168177685491863
1.37000 0.15168082934829316
1.37100 0.15167949830188002
1.37200 0.15167778303143648
1.37300 0.15167568285248811
1.37400 0.15167319708033156
1.37500 0.15167032503003774
1.37600 0.15166706601645455
1.37700 0.15166341935421013
1.37800 0.15165938435771562
1.37900 0.1516549603411683
1.38000 0.15165014661855458
1.38100 0.15164494250365307
1.38200 0.1516393473100374
1.38300 0.15163336035107963
1.38400 0.15162698093995294
1.38500 0.15162020838963494
1.38600 0.15161304201291065
1.38700 0.15160548112237557
1.38800 0.15159752503043877
1.38900 0.15158917304932612
1.39000 0.15158042449108317
1.39100 0.1515712786675785
1.39200 0.15156173489050676
1.39300 0.15155179247139172
1.39400 0.15154145072158967
1.39500 0.1515307089522923
1.39600 0.15151956647453
1.39700 0.15150802259917517
1.39800 0.1514960766369452
1.39900 0.15148372789840572
1.40000 0.151470975693974
1.40100 0.15145781933392186
1.40200 0.1514442581283792
1.40300 0.15143029138733705
1.40400 0.15141591842065094
1.40500 0.15140113853804404
1.40600 0.15138595104911057
1.40700 0.15137035526331905
1.40800 0.15135435049001542
1.40900 0.15133793603842668
1.41000 0.15132111121766384
1.41100 0.15130387533672554
1.41200 0.15128622770450117
1.41300 0.15126816762977435
1.41400 0.1512496944212263
1.41500 0.151230807387439
1.41600 0.15121150583689877
1.41700 0.15119178907799968
1.41800 0.15117165641904676
1.41900 0.1511511071682595
1.42000 0.15113014063377536
1.42100 0.15110875612365296
1.42200 0.15108695294587585
1.42300 0.15106473040835555
1.42400 0.1510420878189354
1.42500 0.15101902448539384
1.42600 0.15099553971544777
1.42700 0.15097163281675627
1.42800 0.15094730309692395
1.42900 0.15092254986350456
1.43000 0.15089737242400436
1.43100 0.1508717700858858
1.43200 0.1508457421565709
1.43300 0.15081928794344512
1.43400 0.1507924067538605
1.43500 0.15076509789513942
1.43600 0.1507373606745782
1.43700 0.15070919439945082
1.43800 0.15068059837701225
1.43900 0.1506515719145021
1.44000 0.1506221143191486
1.44100 0.15059222489817167
1.44200 0.150561902958787
1.44300 0.15053114780820953
1.44400 0.1504999587536572
1.44500 0.1504683351023545
1.44600 0.15043627616153607
1.44700 0.1504037812384509
1.44800 0.15037084964036534
1.44900 0.15033748067456737
1.45000 0.15030367364837
1.45100 0.15026942786911507
1.45200 0.1502347426441771
1.45300 0.1501996172809671
1.45400 0.150164051086936
1.45500 0.15012804336957894
1.45600 0.1500915934364384
1.45700 0.15005470059510873
1.45800 0.15001736415323944
1.45900 0.14997958341853912
1.46000 0.14994135769877945
1.46100 0.14990268630179893
1.46200 0.14986356853550659
1.46300 0.14982400370788618
1.46400 0.1497839911269997
1.46500 0.14974353010099153
1.46600 0.14970261993809214
1.46700 0.1496612599466222
1.46800 0.1496194494349963
1.46900 0.14957718771172696
1.47000 0.14953447408542864
1.47100 0.1494913078648215
1.47200 0.14944768835873556
1.47300 0.14940361487611453
1.47400 0.1493590867260199
1.47500 0.14931410321763477
1.47600 0.14926866366026806
1.47700 0.14922276736335827
1.47800 0.14917641363647777
1.47900 0.14912960178933665
1.48000 0.14908233113178684
1.48100 0.1490346009738261
1.48200 0.14898641062560217
1.48300 0.14893775939741677
1.48400 0.14888864659972972
1.48500 0.148839071543163
1.48600 0.14878903353850503
1.48700 0.1487385318967145
1.48800 0.14868756592892468
1.48900 0.14863613494644756
1.49000 0.148584238260778
1.49100 0.14853187518359773
1.49200 0.14847904502677978
1.49300 0.14842574710239248
1.49400 0.14837198072270366
1.49500 0.14831774520018504
1.49600 0.14826303984751613
1.49700 0.1482078639775888
1.49800 0.14815221690351119
1.49900 0.14809609793861223
1.50000 0.1480395063964457
1.50100 0.14798244159079466
1.50200 0.14792490283567553
1.50300 0.14786688944534268
1.50400 0.14780840073429238
1.50500 0.1477494360172674
1.50600 0.1476899946092611
1.50700 0.14763007582552204
1.50800 0.147569678981558
1.50900 0.14750880339314057
1.51000 0.14744744837630952
1.51100 0.14738561324737695
1.51200 0.1473232973229319
1.51300 0.14726049991984472
1.51400 0.1471972203552714
1.51500 0.14713345794665805
1.51600 0.14706921201174522
1.51700 0.14700448186857257
1.51800 0.14693926683548308
1.51900 0.14687356623112766
1.52000 0.1468073793744696
1.52100 0.14674070558478894
1.52200 0.14667354418168713
1.52300 0.14660589448509156
1.52400 0.14653775581525985
1.52500 0.14646912749278454
1.52600 0.1464000088385977
1.52700 0.14633039917397528
1.52800 0.14626029782054187
1.52900 0.1461897041002751
1.53000 0.14611861733551035
1.53100 0.1460470368489453
1.53200 0.1459749619636445
1.53300 0.1459023920030442
1.53400 0.1458293262909565
1.53500 0.14575576415157446
1.53600 0.1456817049094766
1.53700 0.14560714788963147
1.53800 0.14553209241740245
1.53900 0.14545653781855228
1.54000 0.1453804834192479
1.54100 0.14530392854606514
1.54200 0.14522687252599317
1.54300 0.14514931468643982
1.54400 0.14507125435523566
1.54500 0.14499269086063907
1.54600 0.14491362353134105
1.54700 0.1448340516964697
1.54800 0.14475397468559548
1.54900 0.14467339182873548
1.55000 0.14459230245635862
1.55100 0.1445107058993902
1.55200 0.14442860148921682
1.55300 0.1443459885576913
1.55400 0.14426286643713745
1.55500 0.14417923446035474
1.55600 0.14409509196062376
1.55700 0.14401043827171014
1.55800 0.14392527272787045
1.55900 0.14383959466385637
1.56000 0.14375340341492013
1.56100 0.14366669831681886
1.56200 0.14357947870582008
1.56300 0.1434917439187063
1.56400 0.14340349329278015
1.56500 0.14331472616586918
1.56600 0.14322544187633102
1.56700 0.14313563976305818
1.56800 0.14304531916548335
1.56900 0.1429544794235839
1.57000 0.1428631198778875
1.57100 0.1427712398694768
1.57200 0.14267883873999437
1.57300 0.1425859158316482
1.57400 0.14249247048721625
1.57500 0.1423985020500518
1.57600 0.14230400986408864
1.57700 0.14220899327384592
1.57800 0.14211345162443342
1.57900 0.14201738426155644
1.58000 0.14192079053152143
1.58100 0.14182366978124059
1.58200 0.14172602135823725
1.58300 0.14162784461065106
1.58400 0.14152913888724317
1.58500 0.14142990353740129
1.58600 0.14133013791114513
1.58700 0.14122984135913125
1.58800 0.14112901323265867
1.58900 0.14102765288367372
1.59000 0.14092575966477566
1.59100 0.14082333292922156
1.59200 0.14072037203093196
1.59300 0.1406168763244957
1.59400 0.1405128451651756
1.59500 0.14040827790891341
1.59600 0.14030317391233552
1.59700 0.14019753253275782
1.59800 0.14009135312819146
1.59900 0.13998463505734782
1.60000 0.13987737767964417
1.60100 0.1397695803552087
1.60200 0.1396612424448863
1.60300 0.13955236331024357
1.60400 0.13944294231357438
1.60500 0.13933297881790524
1.60600 0.13922247218700087
1.60700 0.1391114217853693
1.60800 0.13899982697826768
1.60900 0.1388876871317073
1.61000 0.13877500161245956
1.61100 0.13866176978806097
1.61200 0.13854799102681897
1.61300 0.13843366469781718
1.61400 0.13831879017092108
1.61500 0.13820336681678339
1.61600 0.13808739400684972
1.61700 0.13797087111336395
1.61800 0.13785379750937393
1.61900 0.1377361725687369
1.62000 0.1376179956661253
1.62100 0.13749926617703184
1.62200 0.13737998347777583
1.62300 0.13726014694550812
1.62400 0.137139755958217
1.62500 0.13701880989473375
1.62600 0.13689730813473847
1.62700 0.1367752500587654
1.62800 0.13665263504820874
1.62900 0.13652946248532843
1.63000 0.13640573175325563
1.63100 0.13628144223599842
1.63200 0.13615659331844776
1.63300 0.1360311843863827
1.63400 0.1359052148264767
1.63500 0.13577868402630272
1.63600 0.1356515913743397
1.63700 0.13552393625997752
1.63800 0.13539571807352338
1.63900 0.1352669362062073
1.64000 0.1351375900501879
1.64100 0.1350076789985582
1.64200 0.1348772024453516
1.64300 0.13474615978554744
1.64400 0.13461455041507694
1.64500 0.13448237373082905
1.64600 0.1343496291306564
1.64700 0.13421631601338085
1.64800 0.13408243377879972
1.64900 0.13394798182769138
1.65000 0.1338129595618214
1.65100 0.1336773663839481
1.65200 0.13354120169782893
1.65300 0.1334044649082259
1.65400 0.13326715542091191
1.65500 0.1331292726426765
1.65600 0.13299081598133172
1.65700 0.13285178484571838
1.65800 0.13271217864571175
1.65900 0.1325719967922277
1.66000 0.13243123869722856
1.66100 0.1322899037737293
1.66200 0.13214799143580344
1.66300 0.1320055010985891
1.66400 0.13186243217829502
1.66500 0.1317187840922066
1.66600 0.13157455625869208
1.66700 0.13142974809720837
1.66800 0.13128435902830737
1.66900 0.131138388473642
1.67000 0.13099183585597218
1.67100 0.13084470059917108
1.67200 0.13069698212823108
1.67300 0.13054867986927027
1.67400 0.1303997932495381
1.67500 0.13025032169742176
1.67600 0.13010026464245256
1.67700 0.1299496215153117
1.67800 0.1297983917478367
1.67900 0.1296465747730277
1.68000 0.12949417002505334
1.68100 0.12934117693925712
1.68200 0.1291875949521638
1.68300 0.12903342350148547
1.68400 0.1288786620261277
1.68500 0.12872330996619602
1.68600 0.1285673667630021
1.68700 0.12841083185906996
1.68800 0.12825370469814223
1.68900 0.1280959847251868
1.69000 0.1279376713864025
1.69100 0.12777876412922612
1.69200 0.12761926240233804
1.69300 0.12745916565566928
1.69400 0.12729847334040723
1.69500 0.12713718490900242
1.69600 0.1269752998151747
1.69700 0.12681281751391968
1.69800 0.12664973746151495
1.69900 0.126486059115527
1.70000 0.1263217819348168
1.70100 0.1261569053795471
1.70200 0.1259914289111881
1.70300 0.1258253519925246
1.70400 0.12565867408766174
1.70500 0.12549139466203202
1.70600 0.12532351318240145
1.70700 0.1251550291168763
1.70800 0.12498594193490917
1.70900 0.12481625110730604
1.71000 0.12464595610623228
1.71100 0.12447505640521953
1.71200 0.12430355147917191
1.71300 0.12413144080437293
1.71400 0.12395872385849176
1.71500 0.1237854001205898
1.71600 0.12361146907112748
1.71700 0.12343693019197069
1.71800 0.12326178296639709
1.71900 0.12308602687910344
1.72000 0.1229096614162113
1.72100 0.1227326860652744
1.72200 0.12255510031528496
1.72300 0.12237690365668025
1.72400 0.12219809558134927
1.72500 0.12201867558263974
1.72600 0.12183864315536426
1.72700 0.12165799779580737
1.72800 0.12147673900173198
1.72900 0.12129486627238628
1.73000 0.12111237910851036
1.73100 0.12092927701234288
1.73200 0.12074555948762777
1.73300 0.1205612260396213
1.73400 0.12037627617509816
1.73500 0.12019070940235904
1.73600 0.12000452523123663
1.73700 0.11981772317310295
1.73800 0.11963030274087574
1.73900 0.11944226344902568
1.74000 0.11925360481358267
1.74100 0.11906432635214313
1.74200 0.11887442758387647
1.74300 0.11868390802953223
1.74400 0.11849276721144644
1.74500 0.11830100465354926
1.74600 0.11810861988137082
1.74700 0.11791561242204908
1.74800 0.117721981804336
1.74900 0.1175277275586048
1.75000 0.11733284921685662
1.75100 0.11713734631272776
1.75200 0.11694121838149613
1.75300 0.11674446496008868
1.75400 0.11654708558708783
1.75500 0.11634907980273887
1.75600 0.11615044714895663
1.75700 0.11595118716933253
1.75800 0.11575129940914138
1.75900 0.11555078341534888
1.76000 0.11534963873661781
1.76100 0.1151478649233159
1.76200 0.1149454615275219
1.76300 0.11474242810303362
1.76400 0.11453876420537402
1.76500 0.11433446939179898
1.76600 0.11412954322130364
1.76700 0.11392398525463014
1.76800 0.11371779505427428
1.76900 0.11351097218449258
1.77000 0.11330351621130959
1.77100 0.11309542670252472
1.77200 0.11288670322771957
1.77300 0.11267734535826487
1.77400 0.11246735266732757
1.77500 0.1122567247298782
1.77600 0.11204546112269757
1.77700 0.1118335614243845
1.77800 0.1116210252153624
1.77900 0.11140785207788677
1.78000 0.11119404159605219
1.78100 0.11097959335579964
1.78200 0.11076450694492365
1.78300 0.1105487819530794
1.78400 0.1103324179717899
1.78500 0.11011541459445331
1.78600 0.10989777141635015
1.78700 0.1096794880346505
1.78800 0.10946056404842117
1.78900 0.10924099905863302
1.79000 0.10902079266816818
1.79100 0.10879994448182727
1.79200 0.10857845410633686
1.79300 0.10835632115035629
1.79400 0.10813354522448565
1.79500 0.1079101259412723
1.79600 0.10768606291521883
1.79700 0.10746135576278987
1.79800 0.10723600410241986
1.79900 0.1070100075545199
1.80000 0.10678336574148546
1.80100 0.1065560782877035
1.80200 0.10632814481955988
1.80300 0.10609956496544685
1.80400 0.10587033835577016
1.80500 0.10564046462295662
1.80600 0.10540994340146151
1.80700 0.10517877432777571
1.80800 0.10494695704043337
1.80900 0.10471449118001926
1.81000 0.10448137638917604
1.81100 0.10424761231261183
1.81200 0.10401319859710761
1.81300 0.10377813489152443
1.81400 0.10354242084681137
1.81500 0.10330605611601236
1.81600 0.10306904035427425
1.81700 0.1028313732188536
1.81800 0.10259305436912496
1.81900 0.1023540834665874
1.82000 0.10211446017487305
1.82100 0.10187418415975365
1.82200 0.1016332550891487
1.82300 0.10139167263313249
1.82400 0.10114943646394224
1.82500 0.10090654625598475
1.82600 0.10066300168584494
1.82700 0.10041880243229243
1.82800 0.10017394817628983
1.82900 0.09992843860099974
1.83000 0.09968227339179296
1.83100 0.09943545223625518
1.83200 0.09918797482419543
1.83300 0.09893984084765302
1.83400 0.09869105000090557
1.83500 0.09844160198047626
1.83600 0.0981914964851417
1.83700 0.0979407332159394
1.83800 0.09768931187617545
1.83900 0.09743723217143198
1.84000 0.09718449380957518
1.84100 0.09693109650076245
1.84200 0.09667703995745043
1.84300 0.0964223238944024
1.84400 0.0961669480286961
1.84500 0.09591091207973126
1.84600 0.09565421576923751
1.84700 0.09539685882128171
1.84800 0.095138840962276
1.84900 0.09488016192098508
1.85000 0.09462082142853445
1.85100 0.09436081921841738
1.85200 0.09410015502650362
1.85300 0.09383882859104598
1.85400 0.09357683965268895
1.85500 0.09331418795447599
1.85600 0.09305087324185743
1.85700 0.09278689526269808
1.85800 0.0925222537672851
1.85900 0.09225694850833566
1.86000 0.09199097924100492
1.86100 0.09172434572289337
1.86200 0.09145704771405512
1.86300 0.0911890849770052
1.86400 0.0909204572767277
1.86500 0.09065116438068346
1.86600 0.09038120605881769
1.86700 0.09011058208356802
1.86800 0.08983929222987219
1.86900 0.08956733627517593
1.87000 0.08929471399944064
1.87100 0.08902142518515137
1.87200 0.08874746961732459
1.87300 0.08847284708351597
1.87400 0.08819755737382842
1.87500 0.08792160028091964
1.87600 0.08764497560001029
1.87700 0.0873676831288915
1.87800 0.08708972266793308
1.87900 0.08681109402009128
1.88000 0.08653179699091659
1.88100 0.08625183138856149
1.88200 0.08597119702378873
1.88300 0.08568989370997891
1.88400 0.08540792126313847
1.88500 0.08512527950190753
1.88600 0.08484196824756798
1.88700 0.08455798732405113
1.88800 0.08427333655794594
1.88900 0.08398801577850659
1.89000 0.08370202481766069
1.89100 0.08341536351001697
1.89200 0.0831280316928736
1.89300 0.08284002920622562
1.89400 0.08255135589277336
1.89500 0.08226201159793005
1.89600 0.08197199616983007
1.89700 0.08168130945933648
1.89800 0.08138995132004954
1.89900 0.08109792160831425
1.90000 0.0808052201832285
1.90100 0.08051184690665092
1.90200 0.08021780164320932
1.90300 0.07992308426030778
1.90400 0.0796276946281357
1.90500 0.07933163261967478
1.90600 0.07903489811070812
1.90700 0.07873749097982707
1.90800 0.07843941110844019
1.90900 0.07814065838078053
1.91000 0.07784123268391432
1.91100 0.07754113390774826
1.91200 0.07724036194503847
1.91300 0.07693891669139749
1.91400 0.07663679804530306
1.91500 0.07633400590810582
1.91600 0.07603054018403765
1.91700 0.07572640078021921
1.91800 0.07542158760666846
1.91900 0.07511610057630848
1.92000 0.07480993960497553
1.92100 0.07450310461142737
1.92200 0.07419559551735071
1.92300 0.07388741224737014
1.92400 0.07357855472905536
1.92500 0.07326902289293
1.92600 0.07295881667247885
1.92700 0.07264793600415685
1.92800 0.07233638082739638
1.92900 0.07202415108461602
1.93000 0.07171124672122814
1.93100 0.0713976676856471
1.93200 0.07108341392929754
1.93300 0.07076848540662244
1.93400 0.07045288207509075
1.93500 0.07013660389520639
1.93600 0.0698196508305153
1.93700 0.06950202284761467
1.93800 0.06918371991615982
1.93900 0.06886474200887358
1.94000 0.06854508910155328
1.94100 0.06822476117307978
1.94200 0.06790375820542495
1.94300 0.06758208018366002
1.94400 0.06725972709596384
1.94500 0.06693669893363091
1.94600 0.06661299569107927
1.94700 0.06628861736585907
1.94800 0.06596356395866039
1.94900 0.06563783547332157
1.95000 0.06531143191683697
1.95100 0.06498435329936579
1.95200 0.06465659963423954
1.95300 0.06432817093797058
1.95400 0.06399906723026
1.95500 0.06366928853400618
1.95600 0.06333883487531243
1.95700 0.06300770628349546
1.95800 0.06267590279109352
1.95900 0.06234342443387459
1.96000 0.06201027125084402
1.96100 0.06167644328425365
1.96200 0.061341940579609185
1.96300 0.06100676318567852
1.96400 0.060670911154500094
1.96500 0.060334384541390985
1.96600 0.05999718340495495
1.96700 0.0596593078070907
1.96800 0.05932075781299999
1.96900 0.05898153349119605
1.97000 0.058641634913511285
1.97100 0.05830106215510583
1.97200 0.05795981529447545
1.97300 0.05761789441346023
1.97400 0.05727529959725188
1.97500 0.05693203093440283
1.97600 0.0565880885168336
1.97700 0.056243472439841596
1.97800 0.05589818280210894
1.97900 0.05555221970571078
1.98000 0.05520558325612337
1.98100 0.05485827356223235
1.98200 0.054510290736340734
1.98300 0.054161634894177545
1.98400 0.05381230615490518
1.98500 0.05346230464112855
1.98600 0.0531116304789024
1.98700 0.05276028379774018
1.98800 0.05240826473062158
1.98900 0.05205557341400131
1.99000 0.05170220998781688
1.99100 0.051348174595496794
1.99200 0.050993467383968864
1.99300 0.050638088503668605
1.99400 0.05028203810854666
1.99500 0.04992531635607782
1.99600 0.04956792340726864
1.99700 0.04920985942666588
1.99800 0.04885112458236461
1.99900 0.04849171904601634
2.00000 0.04813164299283714
2.00100 0.04777089660161589
2.00200 0.0474094800547226
2.00300 0.04704739353811647
2.00400 0.04668463724135341
2.00500 0.046321211357595336
2.00600 0.04595711608361795
2.00700 0.045592351619818144
2.00800 0.04522691817022316
2.00900 0.044860815942498085
2.01000 0.04449404514795462
2.01100 0.04412660600155866
2.01200 0.043758498721938585
2.01300 0.04338972353139338
2.01400 0.0430202806559014
2.01500 0.04265017032512775
2.01600 0.04227939277243243
2.01700 0.04190794823487888
2.01800 0.04153583695324246
2.01900 0.04116305917201738
2.02000 0.040789615139426055
2.02100 0.04041550510742643
2.02200 0.04004072933172091
2.02300 0.03966528807176361
2.02400 0.0392891815907689
2.02500 0.038912410155719626
2.02600 0.038534974037375366
2.02700 0.03815687351027991
2.02800 0.037778108852769936
2.02900 0.037398680346983
2.03000 0.03701858827886557
2.03100 0.03663783293818135
2.03200 0.03625641461851894
2.03300 0.03587433361730027
2.03400 0.03549159023578892
2.03500 0.03510818477909766
2.03600 0.03472411755619677
2.03700 0.034339388879922314
2.03800 0.03395399906698431
2.03900 0.03356794843797427
2.04000 0.0331812373173736
2.04100 0.032793866033561624
2.04200 0.03240583491882421
2.04300 0.03201714430936094
2.04400 0.0316277945452934
2.04500 0.031237785970673594
2.04600 0.03084711893349219
2.04700 0.03045579378568562
2.04800 0.030063810883144904
2.04900 0.029671170585723543
2.05000 0.02927787325724535
2.05100 0.0288839192655132
2.05200 0.028489308982315633
2.05300 0.028094042783436433
2.05400 0.027698121048661404
2.05500 0.027301544161787678
2.05600 0.026904312510630184
2.05700 0.0265064264870311
2.05800 0.026107886486866752
2.05900 0.02570869291005647
2.06000 0.02530884616056985
2.06100 0.02490834664643528
2.06200 0.024507194779747443
2.06300 0.024105390976676015
2.06400 0.02370293565747286
2.06500 0.02329982924648038
2.06600 0.02289607217213909
2.06700 0.022491664866996854
2.06800 0.02208660776771472
2.06900 0.02168090131507671
2.07000 0.021274545953996676
2.07100 0.020867542133527185
2.07200 0.020459890306866235
2.07300 0.020051590931366062
2.07400 0.019642644468540606
2.07500 0.019233051384074242
2.07600 0.01882281214782835
2.07700 0.018411927233850288
2.07800 0.018000397120380308
2.07900 0.01758822228986111
2.08000 0.017175403228943738
2.08100 0.016761940428496394
2.08200 0.01634783438361256
2.08300 0.01593308559361846
2.08400 0.015517694562081043
2.08500 0.015101661796815363
2.08600 0.014684987809893003
2.08700 0.014267673117650072
2.08800 0.013849718240694201
2.08900 0.013431123703912865
2.09000 0.013011890036480987
2.09100 0.012592017771869508
2.09200 0.012171507447851821
2.09300 0.011750359606512583
2.09400 0.011328574794254847
2.09500 0.010906153561808771
2.09600 0.010483096464238308
2.09700 0.010059404060949193
2.09800 0.009635076915697193
2.09900 0.009210115596595861
2.10000 0.008784520676123075
2.10100 0.008358292731130252
2.10200 0.00793143234284907
2.10300 0.00750394009689977
2.10400 0.007075816583298436
2.10500 0.006647062396464817
2.10600 0.006217678135229797
2.10700 0.005787664402843773
2.10800 0.005357021806983276
2.10900 0.004925750959759322
2.11000 0.0044938524777247265
2.11100 0.0040613269818823815
2.11200 0.0036281750976916985
2.11300 0.003194397455077131
2.11400 0.0027599946884353773
2.11500 0.002324967436643627
2.11600 0.001889316343065829
2.11700 0.0014530420555617
2.11800 0.0010161452264931723
2.11900 0.0005786265127327287
2.12000 0.00014048657567054853
2.12100 -0.00029827391877816124
2.12200 -0.000737654300165186
2.12300 -0.0011776538935017293
2.12400 -0.0016182720192516368
2.12500 -0.0020595079933231875
2.12600 -0.002501361127062274
2.12700 -0.0029438307272436786
2.12800 -0.0033869160960651413
2.12900 -0.003830616531139317
2.13000 -0.004274931325486143
2.13100 -0.0047198597675252195
2.13200 -0.005165401141068989
2.13300 -0.0056115547253152084
2.13400 -0.0060583197948394845
2.13500 -0.006505695619587111
2.13600 -0.006953681464867351
2.13700 -0.0074022765913446895
2.13800 -0.007851480255032094
2.13900 -0.008301291707283207
2.14000 -0.008751710194785895
2.14100 -0.009202734959554012
2.14200 -0.009654365238920834
2.14300 -0.010106600265530901
2.14400 -0.010559439267333687
2.14500 -0.01101288146757607
2.14600 -0.011466926084794821
2.14700 -0.011921572332809166
2.14800 -0.01237681942071416
2.14900 -0.01283266655287335
2.15000 -0.01328911292891152
2.15100 -0.013746157743706739
2.15200 -0.01420380018738464
2.15300 -0.01466203944531022
2.15400 -0.015120874698081046
2.15500 -0.015580305121519795
2.15600 -0.016040329886667648
2.15700 -0.01650094815977688
2.15800 -0.016962159102304086
2.15900 -0.01742396187090215
2.16000 -0.017886355617414494
2.16100 -0.018349339488867113
2.16200 -0.018812912627462125
2.16300 -0.01927707417056988
2.16400 -0.019741823250722993
2.16500 -0.02020715899560891
2.16600 -0.02067308052806281
2.16700 -0.021139586966060244
2.16800 -0.02160667742271135
2.16900 -0.02207435100625297
2.17000 -0.02254260682004204
2.17100 -0.023011443962548374
2.17200 -0.023480861527348292
2.17300 -0.023950858603117492
2.17400 -0.024421434273624233
2.17500 -0.024892587617721965
2.17600 -0.0253643177093435
2.17700 -0.02583662361749339
2.17800 -0.02630950440624139
2.17900 -0.026782959134716244
2.18000 -0.02725698685709721
2.18100 -0.027731586622609314
2.18200 -0.02820675747551564
2.18300 -0.0286824984551106
2.18400 -0.02915880859571304
2.18500 -0.029635686926660198
2.18600 -0.030113132472300946
2.18700 -0.030591144251988337
2.18800 -0.031069721280073414
2.18900 -0.03154886256589933
2.19000 -0.032028567113793496
2.19100 -0.032508833923061954
2.19200 -0.03298966198798181
2.19300 -0.03347105029779596
2.19400 -0.033952997836705606
2.19500 -0.03443550358386409
2.19600 -0.03491856651336998
2.19700 -0.03540218559426128
2.19800 -0.03588635979050838
2.19900 -0.03637108806100807
2.20000 -0.03685636935957632
2.20100 -0.03734220263494263
2.20200 -0.03782858683074387
2.20300 -0.03831552088551675
2.20400 -0.03880300373269215
2.20500 -0.03929103430058921
2.20600 -0.03977961151240803
2.20700 -0.040268734286224385
2.20800 -0.04075840153498239
2.20900 -0.04124861216648893
2.21000 -0.041739365083407344
2.21100 -0.04223065918325134
2.21200 -0.0427224933583776
2.21300 -0.04321486649598147
2.21400 -0.043707777478089314
2.21500 -0.04420122518155325
2.21600 -0.04469520847804379
2.21700 -0.04518972623404557
2.21800 -0.045684777310849495
2.21900 -0.046180360564548016
2.22000 -0.04667647484602767
2.22100 -0.04717311900096431
2.22200 -0.04767029186981675
2.22300 -0.04816799228782045
2.22400 -0.04866621908498128
2.22500 -0.04916497108607048
2.22600 -0.049664247110618155
2.22700 -0.050164045972907446
2.22800 -0.05066436648196817
2.22900 -0.05116520744157193
2.23000 -0.05166656765022533
2.23100 -0.05216844590116517
2.23200 -0.05267084098235075
2.23300 -0.0531737516764606
2.23400 -0.05367717676088459
2.23500 -0.054181115007719674
2.23600 -0.054685565183762594
2.23700 -0.05519052605050596
2.23800 -0.05569599636413105
2.23900 -0.05620197487550362
2.24000 -0.056708460330166285
2.24100 -0.05721545146833461
2.24200 -0.057722947024891245
2.24300 -0.05823094572937992
2.24400 -0.05873944630599923
2.24500 -0.05924844747359872
2.24600 -0.0597579479456726
2.24700 -0.060267946430354
2.24800 -0.06077844163040928
2.24900 -0.06128943224323354
2.25000 -0.06180091696084474
2.25100 -0.062312894469878324
2.25200 -0.06282536345158124
2.25300 -0.06333832258180754
2.25400 -0.06385177053101274
2.25500 -0.06436570596424844
2.25600 -0.06488012754115684
2.25700 -0.06539503391596568
2.25800 -0.06591042373748357
2.25900 -0.06642629564909393
2.26000 -0.06694264828874957
2.26100 -0.06745948028896911
2.26200 -0.06797679027683026
2.26300 -0.06849457687396578
2.26400 -0.0690128386965569
2.26500 -0.06953157435533054
2.26600 -0.07005078245555227
2.26700 -0.07057046159702247
2.26800 -0.07109061037407034
2.26900 -0.07161122737555026
2.27000 -0.0721323111848358
2.27100 -0.07265386037981546
2.27200 -0.07317587353288678
2.27300 -0.07369834921095286
2.27400 -0.07422128597541677
2.27500 -0.07474468238217706
2.27600 -0.07526853698162206
2.27700 -0.07579284831862634
2.27800 -0.07631761493254573
2.27900 -0.07684283535721222
2.28000 -0.07736850812092898
2.28100 -0.0778946317464667
2.28200 -0.07842120475105863
2.28300 -0.07894822564639563
2.28400 -0.07947569293862133
2.28500 -0.08000360512832894
2.28600 -0.08053196071055528
2.28700 -0.08106075817477738
2.28800 -0.0815899960049068
2.28900 -0.08211967267928666
2.29000 -0.08264978667068613
2.29100 -0.08318033644629717
2.29200 -0.08371132046772818
2.29300 -0.08424273719100205
2.29400 -0.08477458506655061
2.29500 -0.08530686253921066
2.29600 -0.08583956804821884
2.29700 -0.08637270002720916
2.29800 -0.0869062569042078
2.29900 -0.08744023710162896
2.30000 -0.08797463903627038
2.30100 -0.08850946111931039
2.30200 -0.08904470175630284
2.30300 -0.08958035934717398
2.30400 -0.09011643228621694
2.30500 -0.09065291896208957
2.30600 -0.09118981775780925
2.30700 -0.09172712705074984
2.30800 -0.09226484521263706
2.30900 -0.09280297060954444
2.31000 -0.09334150160189085
2.31100 -0.09388043654443562
2.31200 -0.09441977378627503
2.31300 -0.09495951167083795
2.31400 -0.09549964853588357
2.31500 -0.09604018271349678
2.31600 -0.0965811125300847
2.31700 -0.09712243630637239
2.31800 -0.09766415235740065
2.31900 -0.09820625899252179
2.32000 -0.098748754515396
2.32100 -0.09929163722398744
2.32200 -0.09983490541056196
2.32300 -0.1003785573616829
2.32400 -0.10092259135820793
2.32500 -0.10146700567528513
2.32600 -0.10201179858235056
2.32700 -0.10255696834312465
2.32800 -0.10310251321560884
2.32900 -0.10364843145208175
2.33000 -0.10419472129909738
2.33100 -0.10474138099748083
2.33200 -0.10528840878232594
2.33300 -0.10583580288299076
2.33400 -0.10638356152309646
2.33500 -0.10693168292052328
2.33600 -0.1074801652874073
2.33700 -0.10802900683013757
2.33800 -0.10857820574935384
2.33900 -0.10912776023994315
2.34000 -0.10967766849103719
2.34100 -0.11022792868600857
2.34200 -0.1107785390024695
2.34300 -0.11132949761226822
2.34400 -0.11188080268148638
2.34500 -0.11243245237043588
2.34600 -0.1129844448336571
2.34700 -0.11353677821991597
2.34800 -0.11408945067220119
2.34900 -0.1146424603277211
2.35000 -0.1151958053179026
2.35100 -0.11574948376838762
2.35200 -0.11630349379903142
2.35300 -0.11685783352389836
2.35400 -0.11741250105126227
2.35500 -0.11796749448360208
2.35600 -0.11852281191760046
2.35700 -0.11907845144414052
2.35800 -0.11963441114830499
2.35900 -0.12019068910937329
2.36000 -0.12074728340081924
2.36100 -0.12130419209030878
2.36200 -0.12186141323969861
2.36300 -0.12241894490503374
2.36400 -0.12297678513654561
2.36500 -0.12353493197864925
2.36600 -0.12409338346994274
2.36700 -0.12465213764320443
2.36800 -0.12521119252539173
2.36900 -0.12577054613763763
2.37000 -0.1263301964952514
2.37100 -0.12689014160771478
2.37200 -0.1274503794786816
2.37300 -0.12801090810597468
2.37400 -0.12857172548158582
2.37500 -0.12913282959167327
2.37600 -0.12969421841656026
2.37700 -0.1302558899307333
2.37800 -0.130817842102841
2.37900 -0.13138007289569306
2.38000 -0.13194258026625785
2.38100 -0.1325053621656614
2.38200 -0.13306841653918663
2.38300 -0.1336317413262714
2.38400 -0.134195334460508
2.38500 -0.13475919386964047
2.38600 -0.13532331747556506
2.38700 -0.13588770319432836
2.38800 -0.1364523489361265
2.38900 -0.13701725260530306
2.39000 -0.13758241210034963
2.39100 -0.13814782531390388
2.39200 -0.13871349013274897
2.39300 -0.13927940443781167
2.39400 -0.1398455661041633
2.39500 -0.1404119730010178
2.39600 -0.14097862299173095
2.39700 -0.14154551393379936
2.39800 -0.14211264367886095
2.39900 -0.1426800100726931
2.40000 -0.14324761095521316
2.40100 -0.14381544416047634
2.40200 -0.14438350751667642
2.40300 -0.14495179884614542
2.40400 -0.1455203159653524
2.40500 -0.14608905668490269
2.40600 -0.14665801880953913
2.40700 -0.14722720013814034
2.40800 -0.14779659846372117
2.40900 -0.14836621157343158
2.41000 -0.14893603724855795
2.41100 -0.14950607326452128
2.41200 -0.15007631739087895
2.41300 -0.1506467673913221
2.41400 -0.1512174210236782
2.41500 -0.15178827603990971
2.41600 -0.15235933018611464
2.41700 -0.15293058120252584
2.41800 -0.1535020268235123
2.41900 -0.15407366477757853
2.42000 -0.15464549278736564
2.42100 -0.15521750856964997
2.42200 -0.15578970983534574
2.42300 -0.15636209428950348
2.42400 -0.1569346596313118
2.42500 -0.1575074035540964
2.42600 -0.15808032374532208
2.42700 -0.1586534178865924
2.42800 -0.15922668365365106
2.42900 -0.15980011871638097
2.43000 -0.1603737207388068
2.43100 -0.16094748737909478
2.43200 -0.16152141628955335
2.43300 -0.16209550511663467
2.43400 -0.16266975150093466
2.43500 -0.16324415307719412
2.43600 -0.16381870747430077
2.43700 -0.16439341231528876
2.43800 -0.16496826521734007
2.43900 -0.1655432637917865
2.44000 -0.16611840564410998
2.44100 -0.16669368837394424
2.44200 -0.1672691095750751
2.44300 -0.1678446668354432
2.44400 -0.16842035773714437
2.44500 -0.16899617985643148
2.44600 -0.16957213076371497
2.44700 -0.1701482080235655
2.44800 -0.1707244091947151
2.44900 -0.1713007318300585
2.45000 -0.17187717347665452
2.45100 -0.17245373167572828
2.45200 -0.1730304039626731
2.45300 -0.1736071878670516
2.45400 -0.1741840809125975
2.45500 -0.17476108061721818
2.45600 -0.17533818449299599
2.45700 -0.1759153900461907
2.45800 -0.17649269477724067
2.45900 -0.17707009618076594
2.46000 -0.17764759174556952
2.46100 -0.1782251789546404
2.46200 -0.17880285528515427
2.46300 -0.17938061820847745
2.46400 -0.1799584651901682
2.46500 -0.18053639368997978
2.46600 -0.18111440116186148
2.46700 -0.18169248505396274
2.46800 -0.18227064280863456
2.46900 -0.18284887186243304
2.47000 -0.18342716964611996
2.47100 -0.18400553358466804
2.47200 -0.18458396109726186
2.47300 -0.18516244959730177
2.47400 -0.18574099649240486
2.47500 -0.1863195991844101
2.47600 -0.18689825506937982
2.47700 -0.1874769615376032
2.47800 -0.18805571597359858
2.47900 -0.1886345157561175
2.48000 -0.18921335825814703
2.48100 -0.1897922408469141
2.48200 -0.19037116088388628
2.48300 -0.19095011572477813
2.48400 -0.1915291027195521
2.48500 -0.19210811921242357
2.48600 -0.19268716254186236
2.48700 -0.19326623004059854
2.48800 -0.19384531903562402
2.48900 -0.1944244268481976
2.49000 -0.19500355079384682
2.49100 -0.1955826881823735
2.49200 -0.19616183631785647
2.49300 -0.19674099249865587
2.49400 -0.1973201540174159
2.49500 -0.19789931816107026
2.49600 -0.1984784822108451
2.49700 -0.19905764344226334
2.49800 -0.1996367991251483
2.49900 -0.2002159465236288
2.50000 -0.20079508289614223
2.50100 -0.20137420549543958
2.50200 -0.20195331156858887
2.50300 -0.2025323983569803
2.50400 -0.20311146309633046
2.50500 -0.20369050301668662
2.50600 -0.20426951534243065
2.50700 -0.2048484972922849
2.50800 -0.20542744607931554
2.50900 -0.20600635891093816
2.51000 -0.20658523298892142
2.51100 -0.20716406550939287
2.51200 -0.20774285366284337
2.51300 -0.20832159463413213
2.51400 -0.2089002856024905
2.51500 -0.20947892374152907
2.51600 -0.21005750621924088
2.51700 -0.2106360301980078
2.51800 -0.2112144928346042
2.51900 -0.21179289128020373
2.52000 -0.21237122268038375
2.52100 -0.21294948417513118
2.52200 -0.2135276728988465
2.52300 -0.2141057859803515
2.52400 -0.21468382054289264
2.52500 -0.21526177370414815
2.52600 -0.2158396425762319
2.52700 -0.21641742426570118
2.52800 -0.216995115873561
2.52900 -0.21757271449527024
2.53000 -0.21815021722074743
2.53100 -0.21872762113437674
2.53200 -0.2193049233150141
2.53300 -0.21988212083599312
2.53400 -0.22045921076513042
2.53500 -0.22103619016473328
2.53600 -0.22161305609160437
2.53700 -0.22218980559704915
2.53800 -0.2227664357268809
2.53900 -0.22334294352142856
2.54000 -0.22391932601554193
2.54100 -0.22449558023859906
2.54200 -0.22507170321451186
2.54300 -0.22564769196173354
2.54400 -0.2262235434932648
2.54500 -0.2267992548166613
2.54600 -0.2273748229340388
2.54700 -0.22795024484208168
2.54800 -0.22852551753204942
2.54900 -0.229100637989783
2.55000 -0.22967560319571192
2.55100 -0.23025041012486214
2.55200 -0.23082505574686285
2.55300 -0.23139953702595334
2.55400 -0.23197385092098993
2.55500 -0.23254799438545437
2.55600 -0.23312196436746088
2.55700 -0.23369575780976315
2.55800 -0.2342693716497613
2.55900 -0.23484280281951136
2.56000 -0.2354160482457312
2.56100 -0.23598910484980912
2.56200 -0.23656196954781106
2.56300 -0.2371346392504881
2.56400 -0.23770711086328564
2.56500 -0.2382793812863501
2.56600 -0.23885144741453804
2.56700 -0.2394233061374221
2.56800 -0.2399949543393018
2.56900 -0.24056638889921017
2.57000 -0.24113760669092238
2.57100 -0.24170860458296345
2.57200 -0.2422793794386177
2.57300 -0.24284992811593628
2.57400 -0.24342024746774668
2.57500 -0.24399033434165948
2.57600 -0.24456018558007897
2.57700 -0.2451297980202108
2.57800 -0.24569916849407114
2.57900 -0.24626829382849436
2.58000 -0.2468371708451436
2.58100 -0.24740579636051885
2.58200 -0.2479741671859661
2.58300 -0.24854228012768548
2.58400 -0.24911013198674206
2.58500 -0.2496777195590742
2.58600 -0.25024503963550254
2.58700 -0.25081208900173935
2.58800 -0.25137886443839874
2.58900 -0.25194536272100504
2.59000 -0.2525115806200036
2.59100 -0.2530775149007681
2.59200 -0.2536431623236132
2.59300 -0.25420851964380176
2.59400 -0.25477358361155644
2.59500 -0.25533835097206764
2.59600 -0.2559028184655051
2.59700 -0.2564669828270269
2.59800 -0.2570308407867906
2.59900 -0.2575943890699612
2.60000 -0.2581576243967235
2.60100 -0.2587205434822917
2.60200 -0.259283143036919
2.60300 -0.2598454197659084
2.60400 -0.26040737036962347
2.60500 -0.2609689915434984
2.60600 -0.26153027997804895
2.60700 -0.2620912323588824
2.60800 -0.2626518453667088
2.60900 -0.2632121156773521
2.61000 -0.26377203996176035
2.61100 -0.26433161488601564
2.61200 -0.26489083711134775
2.61300 -0.2654497032941426
2.61400 -0.26600821008595493
2.61500 -0.26656635413351815
2.61600 -0.26712413207875685
2.61700 -0.2676815405587972
2.61800 -0.26823857620597935
2.61900 -0.26879523564786695
2.62000 -0.2693515155072608
2.62100 -0.2699074124022093
2.62200 -0.2704629229460203
2.62300 -0.2710180437472721
2.62400 -0.27157277140982666
2.62500 -0.2721271025328405
2.62600 -0.27268103371077684
2.62700 -0.2732345615334169
2.62800 -0.27378768258587316
2.62900 -0.2743403934486005
2.63000 -0.2748926906974096
2.63100 -0.2754445709034768
2.63200 -0.27599603063335915
2.63300 -0.27654706644900545
2.63400 -0.27709767490776843
2.63500 -0.27764785256241775
2.63600 -0.278197595961153
2.63700 -0.27874690164761534
2.63800 -0.2792957661609015
2.63900 -0.27984418603557504
2.64000 -0.2803921578016806
2.64100 -0.280939677984756
2.64200 -0.2814867431058462
2.64300 -0.2820333496815147
2.64400 -0.28257949422385864
2.64500 -0.2831251732405204
2.64600 -0.2836703832347025
2.64700 -0.284215120705179
2.64800 -0.28475938214631075
2.64900 -0.2853031640480578
2.65000 -0.2858464628959935
2.65100 -0.28638927517131757
2.65200 -0.2869315973508706
2.65300 -0.2874734259071472
2.65400 -0.28801475730831044
2.65500 -0.2885555880182046
2.65600 -0.28909591449637073
2.65700 -0.28963573319805974
2.65800 -0.290175040574247
2.65900 -0.2907138330716455
2.66000 -0.29125210713272204
2.66100 -0.2917898591957095
2.66200 -0.29232708569462307
2.66300 -0.2928637830592733
2.66400 -0.29339994771528155
2.66500 -0.29393557608409443
2.66600 -0.29447066458299864
2.66700 -0.29500520962513466
2.66800 -0.2955392076195137
2.66900 -0.29607265497103047
2.67000 -0.29660554808048
2.67100 -0.2971378833445709
2.67200 -0.29766965715594207
2.67300 -0.29820086590317735
2.67400 -0.2987315059708205
2.67500 -0.29926157373939055
2.67600 -0.2997910655853981
2.67700 -0.30031997788135983
2.67800 -0.30084830699581483
2.67900 -0.30137604929333905
2.68000 -0.30190320113456265
2.68100 -0.3024297588761849
2.68200 -0.30295571887099015
2.68300 -0.30348107746786324
2.68400 -0.30400583101180667
2.68500 -0.30452997584395575
2.68600 -0.30505350830159544
2.68700 -0.3055764247181755
2.68800 -0.306098721423328
2.68900 -0.3066203947428835
2.69000 -0.30714144099888685
2.69100 -0.30766185650961425
2.69200 -0.30818163758958916
2.69300 -0.3087007805496002
2.69400 -0.30921928169671686
2.69500 -0.3097371373343074
2.69600 -0.3102543437620534
2.69700 -0.3107708972759701
2.69800 -0.3112867941684207
2.69900 -0.31180203072813495
2.70000 -0.31231660324022525
2.70100 -0.31283050798620543
2.70200 -0.3133437412440065
2.70300 -0.3138562992879952
2.70400 -0.3143681783889907
2.70500 -0.3148793748142829
2.70600 -0.3153898848276494
2.70700 -0.3158997046893739
2.70800 -0.31640883065626313
2.70900 -0.3169172589816655
2.71000 -0.31742498591548873
2.71100 -0.3179320077042181
2.71200 -0.3184383205909335
2.71300 -0.31894392081532924
2.71400 -0.3194488046137311
2.71500 -0.3199529682191155
2.71600 -0.3204564078611263
2.71700 -0.3209591197660952
2.71800 -0.32146110015705953
2.71900 -0.32196234525378065
2.72000 -0.3224628512727621
2.72100 -0.3229626144272698
2.72200 -0.3234616309273501
2.72300 -0.3239598969798486
2.72400 -0.32445740878842877
2.72500 -0.32495416255359216
2.72600 -0.32545015447269676
2.72700 -0.3259453807399766
2.72800 -0.32643983754656
2.72900 -0.3269335210804904
2.73000 -0.32742642752674533
2.73100 -0.3279185530672556
2.73200 -0.32840989388092434
2.73300 -0.3289004461436486
2.73400 -0.3293902060283371
2.73500 -0.3298791697049314
2.73600 -0.3303673333404247
2.73700 -0.33085469309888277
2.73800 -0.3313412451414636
2.73900 -0.33182698562643786
2.74000 -0.33231191070920796
2.74100 -0.33279601654232993
2.74200 -0.333279299275533
2.74300 -0.33376175505573996
2.74400 -0.3342433800270876
2.74500 -0.3347241703309478
2.74600 -0.33520412210594785
2.74700 -0.33568323148799134
2.74800 -0.3361614946102785
2.74900 -0.336638907603328
2.75000 -0.33711546659499714
2.75100 -0.3375911677105034
2.75200 -0.338066007072445
2.75300 -0.3385399808008227
2.75400 -0.339013085013061
2.75500 -0.33948531582402935
2.75600 -0.339956669346063
2.75700 -0.3404271416889857
2.75800 -0.3408967289601305
2.75900 -0.3413654272643619
2.76000 -0.34183323270409677
2.76100 -0.34230014137932696
2.76200 -0.342766149387641
2.76300 -0.34323125282424644
2.76400 -0.34369544778199046
2.76500 -0.3441587303513839
2.76600 -0.3446210966206222
2.76700 -0.3450825426756086
2.76800 -0.3455430645999753
2.76900 -0.34600265847510703
2.77000 -0.346461320380163
2.77100 -0.3469190463920998
2.77200 -0.34737583258569366
2.77300 -0.34783167503356327
2.77400 -0.3482865698061935
2.77500 -0.348740512971957
2.77600 -0.34919350059713783
2.77700 -0.34964552874595445
2.77800 -0.35009659348058303
2.77900 -0.3505466908611806
2.78000 -0.3509958169459078
2.78100 -0.351443967790953
2.78200 -0.35189113945055533
2.78300 -0.3523373279770289
2.78400 -0.35278252942078453
2.78500 -0.35322673983035596
2.78600 -0.3536699552524217
2.78700 -0.35411217173183007
2.78800 -0.35455338531162167
2.78900 -0.3549935920330553
2.79000 -0.35543278793563043
2.79100 -0.3558709690571122
2.79200 -0.3563081314335548
2.79300 -0.3567442710993269
2.79400 -0.35717938408713545
2.79500 -0.3576134664280502
2.79600 -0.35804651415152755
2.79700 -0.3584785232854365
2.79800 -0.35890948985608234
2.79900 -0.359339409888232
2.80000 -0.3597682794051381
2.80100 -0.36019609442856476
2.80200 -0.36062285097881214
2.80300 -0.36104854507474193
2.80400 -0.3614731727338014
2.80500 -0.36189672997205
2.80600 -0.36231921280418417
2.80700 -0.3627406172435624
2.80800 -0.3631609393022308
2.80900 -0.3635801749909491
2.81000 -0.36399832031921575
2.81100 -0.3644153712952943
2.81200 -0.3648313239262377
2.81300 -0.36524617421791616
2.81400 -0.3656599181750418
2.81500 -0.3660725518011945
2.81600 -0.3664840710988494
2.81700 -0.3668944720694008
2.81800 -0.36730375071319077
2.81900 -0.3677119030295339
2.82000 -0.36811892501674454
2.82100 -0.3685248126721624
2.82200 -0.36892956199218013
2.82300 -0.36933316897226914
2.82400 -0.36973562960700707
2.82500 -0.3701369398901035
2.82600 -0.37053709581442784
2.82700 -0.37093609337203587
2.82800 -0.371333928554197
2.82900 -0.37173059735142033
2.83000 -0.3721260957534834
2.83100 -0.37252041974945815
2.83200 -0.37291356532773945
2.83300 -0.3733055284760709
2.83400 -0.3736963051815739
2.83500 -0.3740858914307742
2.83600 -0.37447428320963017
2.83700 -0.37486147650355983
2.83800 -0.37524746729746916
2.83900 -0.3756322515757801
2.84000 -0.376015825322458
2.84100 -0.37639818452103946
2.84200 -0.37677932515466167
2.84300 -0.3771592432060891
2.84400 -0.3775379346577428
2.84500 -0.377915395491728
2.84600 -0.37829162168986297
2.84700 -0.3786666092337073
2.84800 -0.3790403541045911
2.84900 -0.3794128522836421
2.85000 -0.379784099751816
2.85100 -0.3801540924899245
2.85200 -0.3805228264786645
2.85300 -0.38089029769864585
2.85400 -0.38125650213042234
2.85500 -0.3816214357545195
2.85600 -0.3819850945514641
2.85700 -0.38234747450181295
2.85800 -0.3827085715861829
2.85900 -0.38306838178528013
2.86000 -0.3834269010799295
2.86100 -0.38378412545110346
2.86200 -0.38414005087995295
2.86300 -0.38449467334783627
2.86400 -0.38484798883634885
2.86500 -0.38519999332735355
2.86600 -0.3855506828030101
2.86700 -0.3859000532458054
2.86800 -0.38624810063858406
2.86900 -0.38659482096457704
2.87000 -0.38694021020743374
2.87100 -0.38728426435125113
2.87200 -0.38762697938060475
2.87300 -0.38796835128057855
2.87400 -0.38830837603679597
2.87500 -0.38864704963545055
2.87600 -0.3889843680633361
2.87700 -0.3893203273078778
2.87800 -0.3896549233571634
2.87900 -0.3899881521999735
2.88000 -0.3903200098258132
2.88100 -0.39065049222494214
2.88200 -0.3909795953884066
2.88300 -0.39130731530807067
2.88400 -0.39163364797664707
2.88500 -0.3919585893877285
2.88600 -0.3922821355358196
2.88700 -0.39260428241636797
2.88800 -0.3929250260257962
2.88900 -0.3932443623615329
2.89000 -0.3935622874220451
2.89100 -0.39387879720686964
2.89200 -0.39419388771664543
2.89300 -0.3945075549531448
2.89400 -0.3948197949193061
2.89500 -0.3951306036192659
2.89600 -0.3954399770583904
2.89700 -0.39574791124330816
2.89800 -0.3960544021819429
2.89900 -0.39635944588354516
2.90000 -0.39666303835872524
2.90100 -0.396965175619485
2.90200 -0.39726585367925177
2.90300 -0.39756506855290985
2.90400 -0.39786281625683395
2.90500 -0.3981590928089217
2.90600 -0.39845389422862687
2.90700 -0.398747216536992
2.90800 -0.3990390557566819
2.90900 -0.3993294079120162
2.91000 -0.39961826902900294
2.91100 -0.3999056351353719
2.91200 -0.400191502260608
2.91300 -0.40047586643598415
2.91400 -0.40075872369459536
2.91500 -0.40104007007139225
2.91600 -0.4013199016032144
2.91700 -0.40159821432882387
2.91800 -0.4018750042889399
2.91900 -0.4021502675262718
2.92000 -0.4024240000855535
2.92100 -0.40269619801357687
2.92200 -0.40296685735922644
2.92300 -0.40323597417351337
2.92400 -0.4035035445096097
2.92500 -0.40376956442288214
2.92600 -0.40403402997092713
2.92700 -0.4042969372136049
2.92800 -0.4045582822130739
2.92900 -0.40481806103382534
2.93000 -0.40507626974271815
2.93100 -0.40533290440901354
2.93200 -0.4055879611044096
2.93300 -0.40584143590307614
2.93400 -0.40609332488168987
2.93500 -0.40634362411946917
2.93600 -0.40659232969820935
2.93700 -0.4068394377023172
2.93800 -0.40708494421884717
2.93900 -0.40732884533753566
2.94000 -0.4075711371508371
2.94100 -0.4078118157539584
2.94200 -0.4080508772448957
2.94300 -0.4082883177244688
2.94400 -0.40852413329635734
2.94500 -0.4087583200671364
2.94600 -0.40899087414631197
2.94700 -0.4092217916463571
2.94800 -0.4094510686827476
2.94900 -0.40967870137399803
2.95000 -0.4099046858416974
2.95100 -0.410129018210546
2.95200 -0.41035169460839094
2.95300 -0.41057271116626254
2.95400 -0.41079206401841034
2.95500 -0.4110097493023399
2.95600 -0.4112257631588491
2.95700 -0.41144010173206447
2.95800 -0.41165276116947763
2.95900 -0.4118637376219823
2.96000 -0.41207302724391076
2.96100 -0.4122806261930706
2.96200 -0.41248653063078117
2.96300 -0.4126907367219113
2.96400 -0.41289324063491556
2.96500 -0.4130940385418715
2.96600 -0.41329312661851664
2.96700 -0.4134905010442858
2.96800 -0.4136861580023481
2.96900 -0.41388009367964435
2.97000 -0.41407230426692415
2.97100 -0.4142627859587837
2.97200 -0.41445153495370307
2.97300 -0.4146385474540837
2.97400 -0.41482381966628556
2.97500 -0.41500734780066595
2.97600 -0.4151891280716158
2.97700 -0.4153691566975988
2.97800 -0.41554742990118804
2.97900 -0.41572394390910494
2.98000 -0.41589869495225645
2.98100 -0.41607167926577376
2.98200 -0.4162428930890495
2.98300 -0.4164123326657767
2.98400 -0.41657999424398695
2.98500 -0.4167458740760882
2.98600 -0.41690996841890354
2.98700 -0.4170722735337093
2.98800 -0.4172327856862738
2.98900 -0.41739150114689577
2.99000 -0.4175484161904427
2.99100 -0.4177035270963898
2.99200 -0.4178568301488588
2.99300 -0.41800832163665647
2.99400 -0.41815799785331326
2.99500 -0.41830585509712276
2.99600 -0.4184518896711801
2.99700 -0.4185960978834215
2.99800 -0.41873847604666287
2.99900 -0.41887902047863906