0.00000 0.06981317007977318
0.00100 0.13962634015954636
0.00200 0.20943951023931956
0.00300 0.2792526803190927
0.00400 0.34906585039886595
0.00500 0.4188790204786391
0.00600 0.48869219055841234
0.00700 0.5585053606381855
0.00800 0.6283185307179587
0.00900 0.6981317007977319
0.01000 0.767944870877505
0.01100 0.8377580409572782
0.01200 0.9075712110370515
0.01300 0.9773843811168247
0.01400 1.0471975511965979
0.01500 1.117010721276371
0.01600 1.1868238913561442
0.01700 1.2566370614359175
0.01800 1.3264502315156905
0.01900 1.3962634015954638
0.02000 1.466076571675237
0.02100 1.53588974175501
0.02200 1.6057029118347832
0.02300 1.6755160819145565
0.02400 1.7453292519943298
0.02500 1.815142422074103
0.02600 1.884955592153876
0.02700 1.9547687622336494
0.02800 2.0245819323134224
0.02900 2.0943951023931957
0.03000 2.164208272472969
0.03100 2.234021442552742
0.03200 2.303834612632515
0.03300 2.3736477827122884
0.03400 2.4434609527920617
0.03500 2.513274122871835
0.03600 2.5830872929516078
0.03700 2.652900463031381
0.03800 2.7227136331111543
0.03900 2.7925268031909276
0.04000 2.862339973270701
0.04100 2.932153143350474
0.04200 3.0019663134302474
0.04300 3.07177948351002
0.04400 3.141592653589793
0.04500 3.2114058236695664
0.04600 3.2812189937493397
0.04700 3.351032163829113
0.04800 3.4208453339088862
0.04900 3.4906585039886595
0.05000 3.560471674068433
0.05100 3.630284844148206
0.05200 3.700098014227979
0.05300 3.769911184307752
0.05400 3.8397243543875255
0.05500 3.9095375244672987
0.05600 3.9793506945470716
0.05700 4.049163864626845
0.05800 4.118977034706618
0.05900 4.188790204786391
0.06000 4.258603374866165
0.06100 4.328416544945938
0.06200 4.39822971502571
0.06300 4.468042885105484
0.06400 4.537856055185257
0.06500 4.60766922526503
0.06600 4.6774823953448035
0.06700 4.747295565424577
0.06800 4.81710873550435
0.06900 4.886921905584123
0.07000 4.956735075663897
0.07100 5.02654824574367
0.07200 5.096361415823442
0.07300 5.1661745859032155
0.07400 5.235987755982989
0.07500 5.305800926062762
0.07600 5.375614096142535
0.07700 5.445427266222309
0.07800 5.515240436302082
0.07900 5.585053606381855
0.08000 5.6548667764616285
0.08100 5.724679946541402
0.08200 5.794493116621175
0.08300 5.864306286700948
0.08400 5.934119456780722
0.08500 6.003932626860495
0.08600 6.073745796940268
0.08700 6.14355896702004
0.08800 6.213372137099813
0.08900 6.283185307179586
0.09000 6.3529984772593595
0.09100 6.422811647339133
0.09200 6.492624817418906
0.09300 6.562437987498679
0.09400 6.632251157578453
0.09500 6.702064327658226
0.09600 6.771877497737999
0.09700 6.8416906678177725
0.09800 6.911503837897546
0.09900 6.981317007977319
0.10000 7.051130178057092
0.10100 7.120943348136866
0.10200 7.190756518216639
0.10300 7.260569688296412
0.10400 7.3303828583761845
0.10500 7.400196028455958
0.10600 7.470009198535731
0.10700 7.539822368615504
0.10800 7.609635538695278
0.10900 7.679448708775051
0.11000 7.749261878854824
0.11100 7.8190750489345975
0.11200 7.888888219014371
0.11300 7.958701389094143
0.11400 8.028514559173917
0.11500 8.09832772925369
0.11600 8.168140899333464
0.11700 8.237954069413236
0.11800 8.30776723949301
0.11900 8.377580409572783
0.12000 8.447393579652555
0.12100 8.51720674973233
0.12200 8.587019919812102
0.12300 8.656833089891876
0.12400 8.726646259971648
0.12500 8.79645943005142
0.12600 8.866272600131195
0.12700 8.936085770210967
0.12800 9.005898940290741
0.12900 9.075712110370514
0.13000 9.145525280450288
0.13100 9.21533845053006
0.13200 9.285151620609835
0.13300 9.354964790689607
0.13400 9.424777960769381
0.13500 9.494591130849154
0.13600 9.564404300928928
0.13700 9.6342174710087
0.13800 9.704030641088474
0.13900 9.773843811168247
0.14000 9.84365698124802
0.14100 9.913470151327793
0.14200 9.983283321407567
0.14300 10.05309649148734
0.14400 10.122909661567112
0.14500 10.192722831646885
0.14600 10.262536001726659
0.14700 10.332349171806431
0.14800 10.402162341886203
0.14900 10.471975511965978
0.15000 10.54178868204575
0.15100 10.611601852125524
0.15200 10.681415022205297
0.15300 10.75122819228507
0.15400 10.821041362364843
0.15500 10.890854532444617
0.15600 10.96066770252439
0.15700 11.030480872604164
0.15800 11.100294042683936
0.15900 11.17010721276371
0.16000 11.239920382843483
0.16100 11.309733552923257
0.16200 11.37954672300303
0.16300 11.449359893082804
0.16400 11.519173063162576
0.16500 11.58898623324235
0.16600 11.658799403322123
0.16700 11.728612573401897
0.16800 11.798425743481669
0.16900 11.868238913561443
0.17000 11.938052083641216
0.17100 12.00786525372099
0.17200 12.077678423800762
0.17300 12.147491593880536
0.17400 12.217304763960309
0.17500 12.28711793404008
0.17600 12.356931104119854
0.17700 12.426744274199626
0.17800 12.4965574442794
0.17900 12.566370614359172
0.18000 12.636183784438947
0.18100 12.705996954518719
0.18200 12.775810124598493
0.18300 12.845623294678266
0.18400 12.91543646475804
0.18500 12.985249634837812
0.18600 13.055062804917586
0.18700 13.124875974997359
0.18800 13.194689145077133
0.18900 13.264502315156905
0.19000 13.33431548523668
0.19100 13.404128655316452
0.19200 13.473941825396226
0.19300 13.543754995475998
0.19400 13.613568165555773
0.19500 13.683381335635545
0.19600 13.753194505715319
0.19700 13.823007675795091
0.19800 13.892820845874866
0.19900 13.962634015954638
0.20000 14.032447186034412
0.20100 14.102260356114185
0.20200 14.172073526193957
0.20300 14.241886696273731
0.20400 14.311699866353504
0.20500 14.381513036433278
0.20600 14.45132620651305
0.20700 14.521139376592824
0.20800 14.590952546672595
0.20900 14.660765716752369
0.21000 14.730578886832141
0.21100 14.800392056911916
0.21200 14.870205226991688
0.21300 14.940018397071462
0.21400 15.009831567151235
0.21500 15.079644737231009
0.21600 15.149457907310781
0.21700 15.219271077390555
0.21800 15.289084247470328
0.21900 15.358897417550102
0.22000 15.428710587629874
0.22100 15.498523757709648
0.22200 15.56833692778942
0.22300 15.638150097869195
0.22400 15.707963267948967
0.22500 15.777776438028742
0.22600 15.847589608108514
0.22700 15.917402778188286
0.22800 15.98721594826806
0.22900 16.057029118347835
0.23000 16.126842288427607
0.23100 16.19665545850738
0.23200 16.266468628587152
0.23300 16.336281798666928
0.23400 16.4060949687467
0.23500 16.475908138826473
0.23600 16.545721308906245
0.23700 16.61553447898602
0.23800 16.685347649065793
0.23900 16.755160819145566
0.24000 16.824973989225338
0.24100 16.89478715930511
0.24200 16.964600329384883
0.24300 17.03441349946466
0.24400 17.10422666954443
0.24500 17.174039839624204
0.24600 17.243853009703976
0.24700 17.313666179783752
0.24800 17.383479349863524
0.24900 17.453292519943297
0.25000 17.52310569002307
0.25100 17.59291886010284
0.25200 17.662732030182617
0.25300 17.73254520026239
0.25400 17.802358370342162
0.25500 17.872171540421935
0.25600 17.94198471050171
0.25700 18.011797880581483
0.25800 18.081611050661255
0.25900 18.151424220741028
0.26000 18.221237390820804
0.26100 18.291050560900576
0.26200 18.36086373098035
0.26300 18.43067690106012
0.26400 18.500490071139897
0.26500 18.57030324121967
0.26600 18.64011641129944
0.26700 18.709929581379214
0.26800 18.77974275145899
0.26900 18.849555921538762
0.27000 18.919369091618535
0.27100 18.989182261698307
0.27200 19.058995431778083
0.27300 19.128808601857855
0.27400 19.198621771937628
0.27500 19.2684349420174
0.27600 19.338248112097176
0.27700 19.40806128217695
0.27800 19.47787445225672
0.27900 19.547687622336493
0.28000 19.617500792416266
0.28100 19.68731396249604
0.28200 19.757127132575814
0.28300 19.826940302655586
0.28400 19.89675347273536
0.28500 19.966566642815135
0.28600 20.036379812894907
0.28700 20.10619298297468
0.28800 20.17600615305445
0.28900 20.245819323134224
0.29000 20.315632493213997
0.29100 20.38544566329377
0.29200 20.45525883337354
0.29300 20.525072003453317
0.29400 20.59488517353309
0.29500 20.664698343612862
0.29600 20.734511513692635
0.29700 20.804324683772407
0.29800 20.874137853852183
0.29900 20.943951023931955