0.00000 -1.1843525281287748e-08
0.00100 -9.474820224796416e-08
0.00200 -3.1977518255268843e-07
0.00300 -7.579856176844725e-07
0.00400 -1.4804406586413868e-06
0.00500 -2.5582014553086993e-06
0.00600 -4.0623291554442654e-06
0.00700 -6.063884903172967e-06
0.00800 -8.633929836892038e-06
0.00900 -1.1843525086489048e-05
0.01000 -1.5763731769774396e-05
0.01100 -2.0465610988030133e-05
0.01200 -2.602022382057681e-05
0.01300 -3.249863131826036e-05
0.01400 -3.997189449576069e-05
0.01500 -4.8511074322623824e-05
0.01600 -5.818723171291933e-05
0.01700 -6.907142751342504e-05
0.01800 -8.123472249024068e-05
0.01900 -9.47481773137325e-05
0.02000 -0.0001096828525417101
0.02100 -0.00012610980860073805
0.02200 -0.00014410010576548383
0.02300 -0.00016372480413600325
0.02400 -0.00018505496361286656
0.02500 -0.0002081616438700255
0.02600 -0.00023311590432532412
0.02700 -0.0002599888041085557
0.02800 -0.00028885140202696507
0.02900 -0.00031977475652810133
0.03000 -0.00035282992565992136
0.03100 -0.00038808796702804516
0.03200 -0.0004256199377500655
0.03300 -0.00046549689440681513
0.03400 -0.0005077898929904906
0.03500 -0.0005525699888495368
0.03600 -0.0005999082366301932
0.03700 -0.0006498756902146036
0.03800 -0.0007025434026553914
0.03900 -0.0007579824261066
0.04000 -0.0008162638117509077
0.04100 -0.000877458609723007
0.04200 -0.0009416378690290614
0.04300 -0.0010088726374621341
0.04400 -0.001079233961513497
0.04500 -0.0011527928862797114
0.04600 -0.0012296204553653952
0.04700 -0.0013097877107815707
0.04800 -0.001393365692839494
0.04900 -0.0014804254400398724
0.05000 -0.0015710379889573702
0.05100 -0.0016652743741203014
0.05200 -0.0017632056278854159
0.05300 -0.0018649027803076814
0.05400 -0.0019704368590049556
0.05500 -0.0020798788890174585
0.05600 -0.0021932998926619458
0.05700 -0.0023107708893804787
0.05800 -0.0024323628955837053
0.05900 -0.0025581469244885338
0.06000 -0.0026881939859501303
0.06100 -0.0028225750862881085
0.06200 -0.0029613612281068425
0.06300 -0.003104623410109785
0.06400 -0.003252432626907712
0.06500 -0.003404859868820768
0.06600 -0.003561976121674248
0.06700 -0.003723852366587987
0.06800 -0.0038905595797592814
0.06900 -0.004062168732239235
0.07000 -0.00423875078970243
0.07100 -0.004420376712209826
0.07200 -0.004607117453964801
0.07300 -0.004799043963062221
0.07400 -0.004996227181230439
0.07500 -0.005198738043566139
0.07600 -0.005406647478261937
0.07700 -0.0056200264063265845
0.07800 -0.005838945741297772
0.07900 -0.006063476388947332
0.08000 -0.0062936892469788175
0.08100 -0.0065296552047173365
0.08200 -0.006771445142791522
0.08300 -0.007019129932807579
0.08400 -0.007272780437015291
0.08500 -0.007532467507965863
0.08600 -0.00779826198816158
0.08700 -0.008070234709697071
0.08800 -0.008348456493892216
0.08900 -0.008632998150916449
0.09000 -0.008923930479404494
0.09100 -0.009221324266063364
0.09200 -0.009525250285270542
0.09300 -0.009835779298663229
0.09400 -0.010152982054718613
0.09500 -0.010476929288325002
0.09600 -0.010807691720343763
0.09700 -0.011145340057161956
0.09800 -0.011489944990235555
0.09900 -0.01184157719562321
0.10000 -0.012200307333510366
0.10100 -0.012566206047723717
0.10200 -0.012939343965235887
0.10300 -0.013319791695660199
0.10400 -0.013707619830735467
0.10500 -0.014102898943800778
0.10600 -0.014505699589259952
0.10700 -0.014916092302035902
0.10800 -0.015334147597014531
0.10900 -0.015759935968478175
0.11000 -0.016193527889528523
0.11100 -0.016634993811498855
0.11200 -0.017084404163355535
0.11300 -0.01754182935108868
0.11400 -0.018007339757091855
0.11500 -0.018481005739530765
0.11600 -0.018962897631700767
0.11700 -0.019453085741373242
0.11800 -0.01995164035013053
0.11900 -0.02045863171268953
0.12000 -0.0209741300562138
0.12100 -0.021498205579613933
0.12200 -0.02203092845283638
0.12300 -0.022572368816140352
0.12400 -0.023122596779362938
0.12500 -0.023681682421172114
0.12600 -0.024249695788307782
0.12700 -0.02482670689481057
0.12800 -0.025412785721238382
0.12900 -0.02600800221387059
0.13000 -0.026612426283899704
0.13100 -0.027226127806610628
0.13200 -0.02784917662054713
0.13300 -0.02848164252666564
0.13400 -0.029123595287476194
0.13500 -0.029775104626170494
0.13600 -0.03043624022573689
0.13700 -0.03110707172806225
0.13800 -0.03178766873302074
0.13900 -0.0324781007975491
0.14000 -0.03317843743470876
0.14100 -0.03388874811273428
0.14200 -0.03460910225406833
0.14300 -0.03533956923438297
0.14400 -0.03608021838158717
0.14500 -0.0368311189748205
0.14600 -0.037592340243432804
0.14700 -0.038363951365949986
0.14800 -0.03914602146902548
0.14900 -0.03993861962637773
0.15000 -0.0407418148577131
0.15100 -0.041555676127634715
0.15200 -0.04238027234453648
0.15300 -0.043215672359482725
0.15400 -0.044061944965073194
0.15500 -0.04491915889429312
0.15600 -0.045787382819348695
0.15700 -0.046666685350487305
0.15800 -0.04755713503480309
0.15900 -0.04845880035502704
0.16000 -0.049371749728302175
0.16100 -0.05029605150494328
0.16200 -0.051231773967181364
0.16300 -0.0521789853278925
0.16400 -0.053137753729311316
0.16500 -0.05410814724172865
0.16600 -0.05509023386217375
0.16700 -0.05608408151308031
0.16800 -0.05708975804093686
0.16900 -0.05810733121492116
0.17000 -0.05913686872551838
0.17100 -0.06017843818312333
0.17200 -0.06123210711662621
0.17300 -0.06229794297198226
0.17400 -0.06337601311076485
0.17500 -0.06446638480870219
0.17600 -0.06556912525419742
0.17700 -0.06668430154683191
0.17800 -0.0678119806958521
0.17900 -0.0689522296186392
0.18000 -0.07010511513916225
0.18100 -0.07127070398641405
0.18200 -0.07244906279283
0.18300 -0.07364025809268988
0.18400 -0.07484435632050236
0.18500 -0.0760614238093721
0.18600 -0.07729152678934965
0.18700 -0.07853473138576368
0.18800 -0.07979110361753583
0.18900 -0.08106070939547771
0.19000 -0.08234361452057053
0.19100 -0.08363988468222647
0.19200 -0.08494958545653272
0.19300 -0.08627278230447703
0.19400 -0.08760954057015577
0.19500 -0.08895992547896345
0.19600 -0.09032400213576429
0.19700 -0.09170183552304563
0.19800 -0.09309349049905269
0.19900 -0.09449903179590527
0.20000 -0.09591852401769584
0.20100 -0.097352031638569
0.20200 -0.09879961900078246
0.20300 -0.10026135031274935
0.20400 -0.10173728964706154
0.20500 -0.10322750093849441
0.20600 -0.10473204798199245
0.20700 -0.10625099443063622
0.20800 -0.10778440379358979
0.20900 -0.10933233943402972
0.21000 -0.11089486456705405
0.21100 -0.11247204225757271
0.21200 -0.11406393541817832
0.21300 -0.11567060680699758
0.21400 -0.11729211902552342
0.21500 -0.11892853451642728
0.21600 -0.12057991556135222
0.21700 -0.12224632427868598
0.21800 -0.12392782262131459
0.21900 -0.1256244723743562
0.22000 -0.12733633515287487
0.22100 -0.12906347239957466
0.22200 -0.13080594538247375
0.22300 -0.13256381519255825
0.22400 -0.13433714274141645
0.22500 -0.13612598875885237
0.22600 -0.1379304137904795
0.22700 -0.13975047819529404
0.22800 -0.14158624214322804
0.22900 -0.14343776561268204
0.23000 -0.14530510838803715
0.23100 -0.14718833005714688
0.23200 -0.14908749000880833
0.23300 -0.15100264743021297
0.23400 -0.1529338613043762
0.23500 -0.15488119040754694
0.23600 -0.15684469330659595
0.23700 -0.15882442835638372
0.23800 -0.16082045369710724
0.23900 -0.1628328272516258
0.24000 -0.1648616067227663
0.24100 -0.16690684959060723
0.24200 -0.16896861310974118
0.24300 -0.17104695430651742
0.24400 -0.17314192997626232
0.24500 -0.17525359668047885
0.24600 -0.17738201074402518
0.24700 -0.17952722825227152
0.24800 -0.18168930504823644
0.24900 -0.18386829672970068
0.25000 -0.18606425864630077
0.25100 -0.18827724589660047
0.25200 -0.19050731332514098
0.25300 -0.19275451551946995
0.25400 -0.19501890680714823
0.25500 -0.19730054125273586
0.25600 -0.19959947265475605
0.25700 -0.20191575454263763
0.25800 -0.20424944017363567
0.25900 -0.2066005825297306
0.26000 -0.2089692343145058
0.26100 -0.21135544795000294
0.26200 -0.2137592755735559
0.26300 -0.2161807690346029
0.26400 -0.21861997989147655
0.26500 -0.22107695940817257
0.26600 -0.22355175855109566
0.26700 -0.2260444279857848
0.26800 -0.22855501807361558
0.26900 -0.23108357886848088
0.27000 -0.2336301601134499
0.27100 -0.236194811237405
0.27200 -0.23877758135165628
0.27300 -0.24137851924653483
0.27400 -0.2439976733879632
0.27500 -0.24663509191400448
0.27600 -0.24929082263138921
0.27700 -0.2519649130120196
0.27800 -0.25465741018945276
0.27900 -0.2573683609553611
0.28000 -0.2600978117559708
0.28100 -0.2628458086884786
0.28200 -0.26561239749744603
0.28300 -0.26839762357117164
0.28400 -0.27120153193804125
0.28500 -0.2740241672628567
0.28600 -0.2768655738431413
0.28700 -0.27972579560542404
0.28800 -0.28260487610150165
0.28900 -0.28550285850467894
0.29000 -0.28841978560598575
0.29100 -0.2913556998103734
0.29200 -0.2943106431328885
0.29300 -0.2972846571948244
0.29400 -0.3002777832198512
0.29500 -0.3032900620301235
0.29600 -0.306321534042366
0.29700 -0.3093722392639377
0.29800 -0.3124422172888734
0.29900 -0.3155315072939041
0.30000 -0.3186401480344545
0.30100 -0.32176817784061995
0.30200 -0.3249156346131204
0.30300 -0.3280825558192328
0.30400 -0.3312689784887024
0.30500 -0.3344749392096312
0.30600 -0.3377004741243456
0.30700 -0.34094561892524194
0.30800 -0.34421040885061044
0.30900 -0.34749487868043727
0.31000 -0.35079906273218564
0.31100 -0.354122994856555
0.31200 -0.3574667084332185
0.31300 -0.36083023636653916
0.31400 -0.3642136110812653
0.31500 -0.3676168645182035
0.31600 -0.37104002812987097
0.31700 -0.37448313287612645
0.31800 -0.3779462092197797
0.31900 -0.3814292871221809
0.32000 -0.3849323960387869
0.32100 -0.3884555649147087
0.32200 -0.39199882218023624
0.32300 -0.39556219574634366
0.32400 -0.3991457130001722
0.32500 -0.4027494008004938
0.32600 -0.406373285473153
0.32700 -0.41001739280648836
0.32800 -0.41368174804673397
0.32900 -0.41736637589339964
0.33000 -0.42107130049463093
0.33100 -0.42479654544254913
0.33200 -0.4285421337685706
0.33300 -0.4323080879387063
0.33400 -0.4360944298488405
0.33500 -0.43990118081999047
0.33600 -0.44372836159354584
0.33700 -0.4475759923264877
0.33800 -0.4514440925865885
0.33900 -0.4553326813475923
0.34000 -0.45924177698437474
0.34100 -0.46317139726808504
0.34200 -0.46712155936126704
0.34300 -0.4710922798129622
0.34400 -0.47508357455379224
0.34500 -0.47909545889102445
0.34600 -0.48312794750361654
0.34700 -0.4871810544372437
0.34800 -0.49125479309930564
0.34900 -0.49534917625391733
0.35000 -0.49946421601687907
0.35100 -0.5035999238506288
0.35200 -0.5077563105591779
0.35300 -0.511933386283026
0.35400 -0.5161311604940599
0.35500 -0.5203496419904345
0.35600 -0.5245888388914351
0.35700 -0.5288487586323237
0.35800 -0.5331294079591653
0.35900 -0.53743079292364
0.36000 -0.5417529188778365
0.36100 -0.5460957904690275
0.36200 -0.5504594116344308
0.36300 -0.5548437855959513
0.36400 -0.5592489148549081
0.36500 -0.5636748011867451
0.36600 -0.5681214456357238
0.36700 -0.5725888485096017
0.36800 -0.5770770093742956
0.36900 -0.5815859270485259
0.37000 -0.5861155995984483
0.37100 -0.5906660243322706
0.37200 -0.5952371977948497
0.37300 -0.5998291157622802
0.37400 -0.6044417732364623
0.37500 -0.6090751644396593
0.37600 -0.6137292828090376
0.37700 -0.6184041209911938
0.37800 -0.6230996708366686
0.37900 -0.6278159233944444
0.38000 -0.6325528689064318
0.38100 -0.63731049680194
0.38200 -0.6420887956921366
0.38300 -0.6468877533644927
0.38400 -0.6517073567772147
0.38500 -0.6565475920536648
0.38600 -0.6614084444767679
0.38700 -0.6662898984834078
0.38800 -0.6711919376588086
0.38900 -0.6761145447309078
0.39000 -0.6810577015647148
0.39100 -0.68602138915666
0.39200 -0.6910055876289315
0.39300 -0.6960102762238025
0.39400 -0.7010354332979457
0.39500 -0.7060810363167401
0.39600 -0.7111470618485656
0.39700 -0.716233485559088
0.39800 -0.7213402822055349
0.39900 -0.7264674256309633
0.40000 -0.7316148887585142
0.40100 -0.7367826435856633
0.40200 -0.7419706611784586
0.40300 -0.7471789116657537
0.40400 -0.7524073642334292
0.40500 -0.7576559871186092
0.40600 -0.762924747603869
0.40700 -0.7682136120114347
0.40800 -0.7735225456973787
0.40900 -0.7788515130458047
0.41000 -0.7842004774630292
0.41100 -0.7895694013717559
0.41200 -0.794958246205244
0.41300 -0.8003669724014715
0.41400 -0.8057955393972925
0.41500 -0.8112439056225915
0.41600 -0.8167120284944296
0.41700 -0.822199864411191
0.41800 -0.8277073687467215
0.41900 -0.8332344958444645
0.42000 -0.8387811990115962
0.42100 -0.8443474305131535
0.42200 -0.8499331415661622
0.42300 -0.8555382823337626
0.42400 -0.8611628019193316
0.42500 -0.8668066483606055
0.42600 -0.8724697686237977
0.42700 -0.8781521085977203
0.42800 -0.8838536130879008
0.42900 -0.8895742258107014
0.43000 -0.8953138893874364
0.43100 -0.9010725453384908
0.43200 -0.9068501340774408
0.43300 -0.9126465949051739
0.43400 -0.91846186600401
0.43500 -0.9242958844318279
0.43600 -0.9301485861161894
0.43700 -0.9360199058484693
0.43800 -0.9419097772779882
0.43900 -0.9478181329061474
0.44000 -0.9537449040805677
0.44100 -0.9596900209892344
0.44200 -0.9656534126546451
0.44300 -0.9716350069279631
0.44400 -0.9776347304831762
0.44500 -0.9836525088112607
0.44600 -0.9896882662143537
0.44700 -0.9957419257999308
0.44800 -1.001813409474989
0.44900 -1.007902637940242
0.45000 -1.014009530684317
0.45100 -1.0201340059779673
0.45200 -1.0262759808682866
0.45300 -1.0324353711729382
0.45400 -1.0386120914743904
0.45500 -1.0448060551141636
0.45600 -1.0510171741870882
0.45700 -1.057245359535573
0.45800 -1.063490520743885
0.45900 -1.0697525661324419
0.46000 -1.076031402752116
0.46100 -1.0823269363785537
0.46200 -1.0886390715065049
0.46300 -1.0949677113441665
0.46400 -1.1013127578075468
0.46500 -1.107674111514834
0.46600 -1.1140516717807907
0.46700 -1.1204453366111549
0.46800 -1.1268550026970654
0.46900 -1.1332805654095002
0.47000 -1.1397219187937297
0.47100 -1.1461789555637945
0.47200 -1.1526515670969952
0.47300 -1.1591396434284063
0.47400 -1.1656430732454037
0.47500 -1.172161743882219
0.47600 -1.1786955413145084
0.47700 -1.1852443501539458
0.47800 -1.1918080536428368
0.47900 -1.1983865336487551
0.48000 -1.2049796706592022
0.48100 -1.2115873437762854
0.48200 -1.2182094307114288
0.48300 -1.224845807780099
0.48400 -1.2314963498965625
0.48500 -1.238160930568666
0.48600 -1.2448394218926413
0.48700 -1.25153169454794
0.48800 -1.2582376177920929
0.48900 -1.2649570594555979
0.49000 -1.2716898859368364
0.49100 -1.278435962197019
0.49200 -1.285195151755159
0.49300 -1.2919673166830794
0.49400 -1.2987523176004458
0.49500 -1.3055500136698357
0.49600 -1.3123602625918365
0.49700 -1.3191829206001755
0.49800 -1.3260178424568871
0.49900 -1.3328648814475097
0.50000 -1.3397238893763175
0.50100 -1.34659471656159
0.50200 -1.3534772118309146
0.50300 -1.3603712225165272
0.50400 -1.3672765944506864
0.50500 -1.3741931719610918
0.50600 -1.3811207978663331
0.50700 -1.3880593134713823
0.50800 -1.3950085585631258
0.50900 -1.401968371405934
0.51000 -1.408938588737275
0.51100 -1.4159190457633661
0.51200 -1.422909576154871
0.51300 -1.4299100120426371
0.51400 -1.4369201840134795
0.51500 -1.443939921106005
0.51600 -1.450969050806486
0.51700 -1.4580073990447746
0.51800 -1.465054790190267
0.51900 -1.4721110470479144
0.52000 -1.4791759908542799
0.52100 -1.4862494412736442
0.52200 -1.4933312163941626
0.52300 -1.500421132724068
0.52400 -1.5075190051879281
0.52500 -1.5146246471229532
0.52600 -1.5217378702753508
0.52700 -1.528858484796742
0.52800 -1.5359862992406241
0.52900 -1.5431211205588906
0.53000 -1.550262754098403
0.53100 -1.5574110035976239
0.53200 -1.5645656711832996
0.53300 -1.5717265573672063
0.53400 -1.5788934610429486
0.53500 -1.5860661794828201
0.53600 -1.5932445083347224
0.53700 -1.6004282416191444
0.53800 -1.607617171726201
0.53900 -1.6148110894127374
0.54000 -1.6220097837994896
0.54100 -1.6292130423683147
0.54200 -1.6364206509594816
0.54300 -1.6436323937690256
0.54400 -1.6508480533461718
0.54500 -1.658067410590821
0.54600 -1.6652902447511073
0.54700 -1.6725163334210196
0.54800 -1.679745452538092
0.54900 -1.6869773763811682
0.55000 -1.694211877568231
0.55100 -1.7014487270543037
0.55200 -1.7086876941294284
0.55300 -1.7159285464167093
0.55400 -1.7231710498704358
0.55500 -1.7304149687742776
0.55600 -1.7376600657395538
0.55700 -1.744906101703581
0.55800 -1.7521528359280958
0.55900 -1.7594000259977545
0.56000 -1.7666474278187145
0.56100 -1.7738947956172928
0.56200 -1.781141881938703
0.56300 -1.7883884376458776
0.56400 -1.7956342119183666
0.56500 -1.8028789522513258
0.56600 -1.8101224044545818
0.56700 -1.8173643126517862
0.56800 -1.8246044192796504
0.56900 -1.8318424650872724
0.57000 -1.8390781891355472
0.57100 -1.8463113287966617
0.57200 -1.8535416197536858
0.57300 -1.860768796000246
0.57400 -1.867992589840294
0.57500 -1.8752127318879657
0.57600 -1.882428951067528
0.57700 -1.8896409746134273
0.57800 -1.8968485280704215
0.57900 -1.9040513352938149
0.58000 -1.911249118449785
0.58100 -1.918441598015808
0.58200 -1.9256284927811764
0.58300 -1.9328095198476232
0.58400 -1.939984394630038
0.58500 -1.9471528308572872
0.58600 -1.9543145405731315
0.58700 -1.9614692341372515
0.58800 -1.9686166202263675
0.58900 -1.97575640583547
0.59000 -1.9828882962791523
0.59100 -1.9900119951930482
0.59200 -1.997127204535373
0.59300 -2.004233624588578
0.59400 -2.0113309539611097
0.59500 -2.018418889589276
0.59600 -2.0254971267392263
0.59700 -2.032565359009037
0.59800 -2.0396232783309176
0.59900 -2.0466705749735183
0.60000 -2.053706937544359
0.60100 -2.0607320529923707
0.60200 -2.067745606610551
0.60300 -2.074747282038736
0.60400 -2.081736761266491
0.60500 -2.0887137246361167
0.60600 -2.095677850845777
0.60700 -2.1026288169527443
0.60800 -2.1095662983767656
0.60900 -2.116489968903554
0.61000 -2.1233995006883966
0.61100 -2.130294564259891
0.61200 -2.1371748285238032
0.61300 -2.1440399607670537
0.61400 -2.150889626661824
0.61500 -2.1577234902697997
0.61600 -2.164541214046529
0.61700 -2.1713424588459236
0.61800 -2.178126883924879
0.61900 -2.1848941469480287
0.62000 -2.1916439039926336
0.62100 -2.198375809553601
0.62200 -2.2050895165486315
0.62300 -2.2117846763235125
0.62400 -2.2184609386575356
0.62500 -2.2251179517690565
0.62600 -2.231755362321189
0.62700 -2.2383728154276397
0.62800 -2.2449699546586768
0.62900 -2.251546422047243
0.63000 -2.2581018580952095
0.63100 -2.2646359017797657
0.63200 -2.271148190559958
0.63300 -2.277638360383367
0.63400 -2.284106045692933
0.63500 -2.2905508794339213
0.63600 -2.29697249306104
0.63700 -2.303370516545698
0.63800 -2.3097445783834143
0.63900 -2.316094305601379
0.64000 -2.322419323766153
0.64100 -2.3287192569915325
0.64200 -2.3349937279465514
0.64300 -2.3412423578636457
0.64400 -2.3474647665469632
0.64500 -2.3536605723808326
0.64600 -2.3598293923383857
0.64700 -2.3659708419903303
0.64800 -2.3720845355138893
0.64900 -2.378170085701886
0.65000 -2.3842271039719964
0.65100 -2.3902552003761532
0.65200 -2.396253983610116
0.65300 -2.4022230610231987
0.65400 -2.4081620386281535
0.65500 -2.4140705211112286
0.65600 -2.4199481118423773
0.65700 -2.425794412885641
0.65800 -2.4316090250096853
0.65900 -2.4373915476985144
0.66000 -2.4431415791623396
0.66100 -2.448858716348626
0.66200 -2.4545425549532967
0.66300 -2.4601926894321138
0.66400 -2.465808713012226
0.66500 -2.471390217703882
0.66600 -2.4769367943123233
0.66700 -2.48244803244984
0.66800 -2.4879235205480095
0.66900 -2.4933628458700943
0.67000 -2.49876559452363
0.67100 -2.5041313514731725
0.67200 -2.5094597005532346
0.67300 -2.5147502244813866
0.67400 -2.5200025048715453
0.67500 -2.5252161222474294
0.67600 -2.530390656056203
0.67700 -2.535525684682292
0.67800 -2.5406207854613836
0.67900 -2.545675534694605
0.68000 -2.5506895076628817
0.68100 -2.555662278641482
0.68200 -2.560593420914741
0.68300 -2.565482506790966
0.68400 -2.570329107617531
0.68500 -2.57513279379615
0.68600 -2.579893134798343
0.68700 -2.5846096991810765
0.68800 -2.5892820546026045
0.68900 -2.5939097678384817
0.69000 -2.598492404797778
0.69100 -2.603029530539473
0.69200 -2.6075207092890396
0.69300 -2.611965504455222
0.69400 -2.616363478646999
0.69500 -2.6207141936907408
0.69600 -2.6250172106475533
0.69700 -2.6292720898308226
0.69800 -2.633478390823937
0.69900 -2.6376356724982197
0.70000 -2.64174349303104
0.70100 -2.645801409924126
0.70200 -2.6498089800220694
0.70300 -2.653765759531025
0.70400 -2.6576713040376103
0.70500 -2.66152516852799
0.70600 -2.6653269074071666
0.70700 -2.6690760745184656
0.70800 -2.6727722231632147
0.70900 -2.6764149061206237
0.71000 -2.6800036756678627
0.71100 -2.6835380836003315
0.71200 -2.6870176812521427
0.71300 -2.6904420195167855
0.71400 -2.693810648868005
0.71500 -2.6971231193808722
0.71600 -2.7003789807530563
0.71700 -2.7035777823262994
0.71800 -2.7067190731080895
0.71900 -2.7098024017935387
0.72000 -2.7128273167874557
0.72100 -2.7157933662266296
0.72200 -2.7187000980023077
0.72300 -2.721547059782879
0.72400 -2.724333799036762
0.72500 -2.7270598630554903
0.72600 -2.729724798977008
0.72700 -2.7323281538091604
0.72800 -2.7348694744533955
0.72900 -2.7373483077286647
0.73000 -2.7397642003955287
0.73100 -2.7421166991804666
0.73200 -2.7444053508003905
0.73300 -2.746629701987363
0.73400 -2.748789299513517
0.73500 -2.7508836902161864
0.73600 -2.7529124210232325
0.73700 -2.7548750389785828
0.73800 -2.756771091267968
0.73900 -2.758600125244868
0.74000 -2.7603616884566615
0.74100 -2.762055328670976
0.74200 -2.7636805939022504
0.74300 -2.7652370324384936
0.74400 -2.7667241928682547
0.74500 -2.7681416241077894
0.74600 -2.7694888754284426
0.74700 -2.7707654964842203
0.74800 -2.77197103733958
0.74900 -2.7731050484974147
0.75000 -2.774167080927244
0.75100 -2.775156686093611
0.75200 -2.7760734159846803
0.75300 -2.776916823141037
0.75400 -2.7776864606846954
0.75500 -2.778381882348301
0.75600 -2.7790026425045453
0.75700 -2.779548296195773
0.75800 -2.7800183991637977
0.75900 -2.780412507879916
0.76000 -2.7807301795751243
0.76100 -2.7809709722705356
0.76200 -2.7811344448079964
0.76300 -2.7812201568809023
0.76400 -2.78122766906522
0.76500 -2.7811565428506952
0.76600 -2.7810063406722776
0.76700 -2.7807766259417233
0.76800 -2.7804669630794114
0.76900 -2.7800769175463533
0.77000 -2.77960605587639
0.77100 -2.7790539457085996
0.77200 -2.7784201558198895
0.77300 -2.777704256157786
0.77400 -2.776905817873423
0.77500 -2.776024413354718
0.77600 -2.7750596162597434
0.77700 -2.774011001550291
0.77800 -2.7728781455256257
0.77900 -2.7716606258564322
0.78000 -2.7703580216189514
0.78100 -2.768969913329303
0.78200 -2.767495882978002
0.78300 -2.7659355140646533
0.78400 -2.7642883916328507
0.78500 -2.7625541023052347
0.78600 -2.760732234318764
0.78700 -2.758822377560151
0.78800 -2.7568241236014877
0.78900 -2.7547370657360526
0.79000 -2.7525607990143017
0.79100 -2.7502949202800333
0.79200 -2.747939028206734
0.79300 -2.745492723334109
0.79400 -2.742955608104781
0.79500 -2.7403272869011635
0.79600 -2.7376073660825204
0.79700 -2.7347954540221853
0.79800 -2.7318911611449614
0.79900 -2.7288940999646907
0.80000 -2.725803885121989
0.80100 -2.722620133422153
0.80200 -2.719342463873236
0.80300 -2.715970497724285
0.80400 -2.7125038585037444
0.80500 -2.708942172058022
0.80600 -2.705285066590219
0.80700 -2.701532172699016
0.80800 -2.6976831234177205
0.80900 -2.693737554253473
0.81000 -2.6896951032266028
0.81100 -2.685555410910145
0.81200 -2.6813181204695047
0.81300 -2.676982877702279
0.81400 -2.6725493310782173
0.81500 -2.668017131779339
0.81600 -2.663385933740196
0.81700 -2.658655393688271
0.81800 -2.6538251711845318
0.81900 -2.648894928664112
0.82000 -2.643864331477146
0.82100 -2.6387330479297257
0.82200 -2.633500749325002
0.82300 -2.628167110004418
0.82400 -2.622731807389074
0.82500 -2.6171945220212187
0.82600 -2.61155493760587
0.82700 -2.6058127410525644
0.82800 -2.5999676225172244
0.82900 -2.594019275444152
0.83000 -2.5879673966081342
0.83100 -2.58181168615668
0.83200 -2.5755518476523562
0.83300 -2.569187588115247
0.83400 -2.562718618065515
0.83500 -2.556144651566087
0.83600 -2.5494654062654214
0.83700 -2.542680603440404
0.83800 -2.5357899680393325
0.83900 -2.528793228724993
0.84000 -2.521690117917856
0.84100 -2.5144803718393427
0.84200 -2.507163730555196
0.84300 -2.499739938018941
0.84400 -2.492208742115427
0.84500 -2.4845698947044528
0.84600 -2.4768231516644836
0.84700 -2.468968272936439
0.84800 -2.4610050225675515
0.84900 -2.4529331687553175
0.85000 -2.444752483891496
0.85100 -2.4364627446061973
0.85200 -2.428063731812021
0.85300 -2.4195552307482644
0.85400 -2.410937031025186
0.85500 -2.4022089266683384
0.85600 -2.393370716162934
0.85700 -2.384422202498281
0.85800 -2.3753631932122583
0.85900 -2.3661935004358345
0.86000 -2.3569129409376375
0.86100 -2.3475213361685516
0.86200 -2.338018512306359
0.86300 -2.3284043003004093
0.86400 -2.3186785359163244
0.86500 -2.308841059780723
0.86600 -2.2988917174259678
0.86700 -2.288830359334945
0.86800 -2.27865684098584
0.86900 -2.26837102289695
0.87000 -2.2579727706714805
0.87100 -2.247461955042375
0.87200 -2.236838451917123
0.87300 -2.22610214242259
0.87400 -2.2152529129498246
0.87500 -2.2042906551988684
0.87600 -2.1932152662235564
0.87700 -2.1820266484762945
0.87800 -2.170724709852827
0.87900 -2.1593093637369765
0.88000 -2.147780529045362
0.88100 -2.136138130272084
0.88200 -2.124382097533385
0.88300 -2.1125123666122536
0.88400 -2.100528879003017
0.88500 -2.0884315819558634
0.88600 -2.076220428521325
0.88700 -2.0638953775947173
0.88800 -2.051456393960504
0.88900 -2.03890344833662
0.89000 -2.0262365174187176
0.89100 -2.013455583924347
0.89200 -2.0005606366370703
0.89300 -1.987551670450491
0.89400 -1.9744286864122083
0.89500 -1.961191691767679
0.89600 -1.9478407000040079
0.89700 -1.9343757308936145
0.89800 -1.9207968105378355
0.89900 -1.907103971410404
0.90000 -1.8932972524008271
0.90100 -1.8793766988576552
0.90200 -1.8653423626316334
0.90300 -1.8511943021187405
0.90400 -1.8369325823030895
0.90500 -1.8225572747997139
0.90600 -1.8080684578972155
0.90700 -1.7934662166002748
0.90800 -1.778750642672013
0.90900 -1.7639218346762222
0.91000 -1.7489798980194298
0.91100 -1.7339249449928082
0.91200 -1.7187570948139348
0.91300 -1.7034764736683792
0.91400 -1.6880832147511082
0.91500 -1.6725774583077395
0.91600 -1.6569593516755956
0.91700 -1.6412290493245878
0.91800 -1.625386712897887
0.91900 -1.6094325112524346
0.92000 -1.5933666204992198
0.92100 -1.5771892240433714
0.92200 -1.5609005126240387
0.92300 -1.5445006843540465
0.92400 -1.5279899447593455
0.92500 -1.5113685068182254
0.92600 -1.4946365910003052
0.92700 -1.4777944253052795
0.92800 -1.4608422453014418
0.92900 -1.4437802941639377
0.93000 -1.4266088227127962
0.93100 -1.4093280894506708
0.93200 -1.3919383606003537
0.93300 -1.3744399101419966
0.93400 -1.3568330198500793
0.93500 -1.3391179793300807
0.93600 -1.3212950860548862
0.93700 -1.3033646454008947
0.93800 -1.285326970683836
0.93900 -1.2671823831942917
0.94000 -1.2489312122329062
0.94100 -1.2305737951452862
0.94200 -1.2121104773565974
0.94300 -1.1935416124058178
0.94400 -1.1748675619796913
0.94500 -1.1560886959463195
0.94600 -1.1372053923884478
0.94700 -1.1182180376363708
0.94800 -1.0991270263005226
0.94900 -1.079932761303691
0.95000 -1.0606356539128785
0.95100 -1.041236123770792
0.95200 -1.0217345989269666
0.95300 -1.0021315158685096
0.95400 -0.9824273195504521
0.95500 -0.9626224634257209
0.95600 -0.942717409474717
0.95700 -0.9227126282344765
0.95800 -0.9026085988274402
0.95900 -0.8824058089898099
0.96000 -0.8621047550994653
0.96100 -0.8417059422034832
0.96200 -0.8212098840452104
0.96300 -0.8006171030909016
0.96400 -0.7799281305559058
0.96500 -0.7591435064304317
0.96600 -0.7382637795048204
0.96700 -0.7172895073943858
0.96800 -0.6962212565637745
0.96900 -0.6750596023508577
0.97000 -0.6538051289901406
0.97100 -0.6324584296356892
0.97200 -0.611020106383564
0.97300 -0.5894907702937556
0.97400 -0.5678710414116241
0.97500 -0.546161548788812
0.97600 -0.5243629305036627
0.97700 -0.5024758336811016
0.97800 -0.48050091451198956
0.97900 -0.4584388382719564
0.98000 -0.43629027933967063
0.98100 -0.41405592121459384
0.98200 -0.39173645653414274
0.98300 -0.36933258709033084
0.98400 -0.3468450238458195
0.98500 -0.3242744869494078
0.98600 -0.3016217057509426
0.98700 -0.2788874188156433
0.98800 -0.2560723739378448
0.98900 -0.23317732815412803
0.99000 -0.2102030477558638
0.99100 -0.18715030830114032
0.99200 -0.16401989462607572
0.99300 -0.14081260085551567
0.99400 -0.11752923041309407
0.99500 -0.09417059603066824
0.99600 -0.07073751975710463
0.99700 -0.047230832966436195
0.99800 -0.02365137636534327
0.99900 -4.616809664932295e-16