0.00000 0.0034906585038557447
0.00100 0.0069813170037240566
0.00200 0.010471975479667772
0.00300 0.01396263387985027
0.00400 0.017453292104585728
0.00500 0.020943949990389413
0.00600 0.024434607294027938
0.00700 0.027925263676569563
0.00800 0.031415918687434485
0.00900 0.03490657174844511
0.01000 0.03839722213787644
0.01100 0.04188786897450647
0.01200 0.04537851120166653
0.01300 0.048869147571291835
0.01400 0.05235977662797209
0.01500 0.055850396693002125
0.01600 0.05934100584843284
0.01700 0.06283160192112208
0.01800 0.06632218246678596
0.01900 0.06981274475405033
0.02000 0.0733032857485025
0.02100 0.07679380209674336
0.02200 0.08028429011044007
0.02300 0.08377474575037884
0.02400 0.08726516461051861
0.02500 0.09075554190204524
0.02600 0.09424587243742633
0.02700 0.09773615061446694
0.02800 0.10122637040036622
0.02900 0.10471652531577486
0.03000 0.10820660841885393
0.03100 0.11169661228933478
0.03200 0.11518652901258039
0.03300 0.11867635016364825
0.03400 0.12216606679135475
0.03500 0.12565566940234177
0.03600 0.12914514794514492
0.03700 0.1326344917942641
0.03800 0.1361236897342365
0.03900 0.1396127299437121
0.04000 0.14310159997953203
0.04100 0.14659028676080987
0.04200 0.15007877655301638
0.04300 0.15356705495206754
0.04400 0.15705510686841673
0.04500 0.16054291651115027
0.04600 0.1640304673720882
0.04700 0.16751774220988905
0.04800 0.17100472303415978
0.04900 0.17449139108957126
0.05000 0.1779777268399789
0.05100 0.18146370995254962
0.05200 0.1849493192818953
0.05300 0.18843453285421272
0.05400 0.19191932785143062
0.05500 0.1954036805953649
0.05600 0.19888756653188108
0.05700 0.20237096021506595
0.05800 0.20585383529140772
0.05900 0.20933616448398573
0.06000 0.21281791957667032
0.06100 0.2162990713983328
0.06200 0.21977958980706683
0.06300 0.2232594436744212
0.06400 0.2267386008696444
0.06500 0.23021702824394283
0.06600 0.2336946916147514
0.06700 0.23717155575001883
0.06800 0.24064758435250716
0.06900 0.24412274004410703
0.07000 0.24759698435016841
0.07100 0.25107027768384876
0.07200 0.25454257933047797
0.07300 0.2580138474319422
0.07400 0.26148403897108635
0.07500 0.26495310975613606
0.07600 0.2684210144051412
0.07700 0.27188770633044035
0.07800 0.2753531377231473
0.07900 0.27881725953766145
0.08000 0.28228002147620207
0.08100 0.28574137197336763
0.08200 0.2892012581807214
0.08300 0.29265962595140377
0.08400 0.29611641982477294
0.08500 0.2995715830110748
0.08600 0.3030250573761423
0.08700 0.3064767834261273
0.08800 0.30992670029226327
0.08900 0.31337474571566293
0.09000 0.31682085603214927
0.09100 0.3202649661571237
0.09200 0.32370700957046994
0.09300 0.3271469183014974
0.09400 0.3305846229139235
0.09500 0.33402005249089695
0.09600 0.3374531346200633
0.09700 0.3408837953786743
0.09800 0.34431195931874137
0.09900 0.3477375494522367
0.10000 0.351160487236341
0.10100 0.3545806925587412
0.10200 0.3579980837229784
0.10300 0.3614125774338488
0.10400 0.3648240887828575
0.10500 0.36823253123372884
0.10600 0.37163781660797285
0.10700 0.37503985507051085
0.10800 0.37843855511536134
0.10900 0.3818338235513879
0.11000 0.38522556548811127
0.11100 0.3886136843215863
0.11200 0.39199808172034684
0.11300 0.3953786576114198
0.11400 0.3987553101664108
0.11500 0.40212793578766076
0.11600 0.4054964290944806
0.11700 0.4088606829094599
0.11800 0.4122205882448567
0.11900 0.41557603428906614
0.12000 0.4189269083931742
0.12100 0.42227309605759505
0.12200 0.4256144809187956
0.12300 0.42895094473611084
0.12400 0.4322823673786489
0.12500 0.4356086268122916
0.12600 0.4389295990867899
0.12700 0.4422451583229579
0.12800 0.4455551766999687
0.12900 0.44885952444275146
0.13000 0.4521580698094959
0.13100 0.4554506790792632
0.13200 0.4587372165397083
0.13300 0.46201754447491467
0.13400 0.4652915231533453
0.13500 0.46855901081591034
0.13600 0.4718198636641568
0.13700 0.4750739358485812
0.13800 0.4783210794570684
0.13900 0.48156114450345844
0.14000 0.48479397891624626
0.14100 0.48801942852741453
0.14200 0.49123733706140504
0.14300 0.4944475461242285
0.14400 0.4976498951927189
0.14500 0.500844221603933
0.14600 0.5040303605446992
0.14700 0.5072081450413176
0.14800 0.5103774059494166
0.14900 0.5135379719439658
0.15000 0.5166896695094516
0.15100 0.5198323229302173
0.15200 0.5229657542809691
0.15300 0.5260897834174559
0.15400 0.5292042279673204
0.15500 0.53230890332113
0.15600 0.5354036226235872
0.15700 0.5384881967649258
0.15800 0.5415624343724924
0.15900 0.5446261418025224
0.16000 0.5476791231321076
0.16100 0.550721180151365
0.16200 0.5537521123558045
0.16300 0.5567717169389051
0.16400 0.5597797887848984
0.16500 0.5627761204617655
0.16600 0.5657605022144505
0.16700 0.5687327219582949
0.16800 0.5716925652726956
0.16900 0.5746398153949915
0.17000 0.5775742532145814
0.17100 0.5804956572672789
0.17200 0.5834038037299062
0.17300 0.586298466415132
0.17400 0.5891794167665578
0.17500 0.5920464238540559
0.17600 0.5948992543693631
0.17700 0.5977376726219348
0.17800 0.6005614405350644
0.17900 0.6033703176422701
0.18000 0.6061640610839554
0.18100 0.608942425604346
0.18200 0.6117051635487097
0.18300 0.61445202486086
0.18400 0.617182757080952
0.18500 0.6198971053435715
0.18600 0.6225948123761241
0.18700 0.6252756184975274
0.18800 0.627939261617212
0.18900 0.6305854772344341
0.19000 0.6332139984379068
0.19100 0.6358245559057515
0.19200 0.6384168779057786
0.19300 0.6409906902960959
0.19400 0.6435457165260569
0.19500 0.6460816776375453
0.19600 0.6485982922666104
0.19700 0.6510952766454476
0.19800 0.6535723446047378
0.19900 0.6560292075763443
0.20000 0.6584655745963771
0.20100 0.6608811523086241
0.20200 0.6632756449683597
0.20300 0.6656487544465322
0.20400 0.6680001802343347
0.20500 0.6703296194481688
0.20600 0.6726367668349997
0.20700 0.6749213147781141
0.20800 0.6771829533032809
0.20900 0.6794213700853249
0.21000 0.6816362504551116
0.21100 0.683827277406957
0.21200 0.6859941316064608
0.21300 0.6881364913987701
0.21400 0.6902540328172803
0.21500 0.6923464295927775
0.21600 0.6944133531630269
0.21700 0.6964544726828139
0.21800 0.6984694550344414
0.21900 0.7004579648386912
0.22000 0.7024196644662524
0.22100 0.7043542140496233
0.22200 0.7062612714954928
0.22300 0.708140492497604
0.22400 0.70999153055011
0.22500 0.7118140369614223
0.22600 0.7136076608685605
0.22700 0.7153720492520084
0.22800 0.7171068469510801
0.22900 0.7188116966798029
0.23000 0.7204862390433243
0.23100 0.7221301125548438
0.23200 0.7237429536530795
0.23300 0.7253243967202728
0.23400 0.7268740741007368
0.23500 0.7283916161199553
0.23600 0.7298766511042356
0.23700 0.7313288054009219
0.23800 0.7327477033991749
0.23900 0.7341329675513236
0.24000 0.7354842183947923
0.24100 0.7368010745746106
0.24200 0.7380831528665129
0.24300 0.739330068200628
0.24400 0.7405414336857692
0.24500 0.7417168606343296
0.24600 0.7428559585877844
0.24700 0.7439583353428103
0.24800 0.7450235969780231
0.24900 0.7460513478813435
0.25000 0.7470411907779925
0.25100 0.747992726759123
0.25200 0.7489055553110936
0.25300 0.7497792743453897
0.25400 0.7506134802291966
0.25500 0.7514077678166299
0.25600 0.7521617304806293
0.25700 0.7528749601455192
0.25800 0.7535470473202449
0.25900 0.7541775811322836
0.26000 0.7547661493622423
0.26100 0.755312338479141
0.26200 0.7558157336763928
0.26300 0.7562759189084791
0.26400 0.7566924769283305
0.26500 0.7570649893254155
0.26600 0.7573930365645425
0.26700 0.757676198025379
0.26800 0.7579140520426959
0.26900 0.7581061759473362
0.27000 0.7582521461079199
0.27100 0.7583515379732817
0.27200 0.758403926115654
0.27300 0.7584088842745933
0.27400 0.7583659854016579
0.27500 0.7582748017058415
0.27600 0.7581349046997647
0.27700 0.7579458652466307
0.27800 0.7577072536079484
0.27900 0.7574186394920286
0.28000 0.7570795921032546
0.28100 0.7566896801921335
0.28200 0.7562484721061314
0.28300 0.7557555358412974
0.28400 0.7552104390946771
0.28500 0.754612749317523
0.28600 0.7539620337693024
0.28700 0.7532578595725107
0.28800 0.752499793768286
0.28900 0.751687403372837
0.29000 0.7508202554346801
0.29100 0.7498979170926956
0.29200 0.7489199556349985
0.29300 0.747885938558635
0.29400 0.7467954336300997
0.29500 0.7456480089466834
0.29600 0.7444432329986485
0.29700 0.7431806747322378
0.29800 0.7418599036135184
0.29900 0.7404804896930612
0.30000 0.739042003671462
0.30100 0.7375440169657029
0.30200 0.7359861017763571
0.30300 0.7343678311556383
0.30400 0.7326887790762991
0.30500 0.7309485205013755
0.30600 0.7291466314547824
0.30700 0.7272826890927613
0.30800 0.7253562717761783
0.30900 0.7233669591436774
0.31000 0.7213143321856872
0.31100 0.719197973319282
0.31200 0.7170174664639009
0.31300 0.7147723971179194
0.31400 0.7124623524360812
0.31500 0.7100869213077823
0.31600 0.7076456944362157
0.31700 0.7051382644183686
0.31800 0.702564225825878
0.31900 0.6999231752867392
0.32000 0.6972147115678718
0.32100 0.6944384356585364
0.32200 0.6915939508546055
0.32300 0.6886808628436848
0.32400 0.6856987797910848
0.32500 0.6826473124266422
0.32600 0.6795260741323833
0.32700 0.6763346810310364
0.32800 0.6730727520753846
0.32900 0.6697399091384569
0.33000 0.6663357771045596
0.33100 0.6628599839611383
0.33200 0.6593121608914752
0.33300 0.6556919423682099
0.33400 0.6519989662476902
0.33500 0.6482328738651385
0.33600 0.6443933101306384
0.33700 0.6404799236259339
0.33800 0.6364923667020362
0.33900 0.6324302955776346
0.34000 0.6282933704383085
0.34100 0.6240812555365302
0.34200 0.6197936192924585
0.34300 0.615430134395517
0.34400 0.6109904779067464
0.34500 0.6064743313619313
0.34600 0.6018813808754907
0.34700 0.5972113172451281
0.34800 0.5924638360572321
0.34900 0.5876386377930236
0.35000 0.582735427935439
0.35100 0.5777539170767444
0.35200 0.5726938210268704
0.35300 0.5675548609224629
0.35400 0.5623367633366382
0.35500 0.5570392603894339
0.35600 0.5516620898589496
0.35700 0.5462049952931651
0.35800 0.540667726122428
0.35900 0.5350500377725995
0.36000 0.5293516917788508
0.36100 0.5235724559000963
0.36200 0.5177121042340567
0.36300 0.511770417332937
0.36400 0.5057471823197113
0.36500 0.499642193004999
0.36600 0.4934552500045277
0.36700 0.4871861608571602
0.36800 0.4808347401434804
0.36900 0.4744008096049255
0.37000 0.4678841982634448
0.37100 0.4612847425416783
0.37200 0.4546022863836386
0.37300 0.44783668137587973
0.37400 0.44098778686914214
0.37500 0.4340554701004564
0.37600 0.42703960631569204
0.37700 0.41994007889253276
0.37800 0.4127567794638668
0.37900 0.4054896080415709
0.38000 0.3981384731406782
0.38100 0.3907032919039027
0.38200 0.3831839902265151
0.38300 0.3755805028815421
0.38400 0.36789277364527684
0.38500 0.3601207554230799
0.38600 0.35226441037545353
0.38700 0.3443237100443676
0.38800 0.3362986354798192
0.38900 0.3281891773666074
0.39000 0.31999533615129977
0.39100 0.3117171221693724
0.39200 0.3033545557725002
0.39300 0.29490766745598
0.39400 0.2863764979862592
0.39500 0.2777610985285537
0.39600 0.2690615307745256
0.39700 0.2602778670700063
0.39800 0.25141019054273306
0.39900 0.24245859523008115
0.40000 0.2334231862067665
0.40100 0.22430407971249014
0.40200 0.21510140327950703
0.40300 0.20581529586008662
0.40400 0.19644590795384392
0.40500 0.18699340173491466
0.40600 0.1774579511789443
0.40700 0.16783974218987072
0.40800 0.15813897272646643
0.40900 0.1483558529286168
0.41000 0.13849060524330672
0.41100 0.12854346455028173
0.41200 0.11851467828736366
0.41300 0.10840450657538293
0.41400 0.09821322234270305
0.41500 0.08794111144930493
0.41600 0.07758847281040489
0.41700 0.06715561851956368
0.41800 0.05664287397127456
0.41900 0.046050577982979304
0.42000 0.03537908291649219
0.42100 0.02462875479879629
0.42200 0.013799973442177215
0.42300 0.002893132563663973
0.42400 -0.008091360096258184
0.42500 -0.01915308265569725
0.42600 -0.03029159897419676
0.42700 -0.04150645853641603
0.42800 -0.05279719633666844
0.42900 -0.0641633327643671
0.43000 -0.0756043734904049
0.43100 -0.08711980935451076
0.43200 -0.09870911625361532
0.43300 -0.1103717550312652
0.43400 -0.12210717136812081
0.43500 -0.13391479567358086
0.43600 -0.1457940429785652
0.43700 -0.15774431282949702
0.43800 -0.16976498918352873
0.43900 -0.18185544030504033
0.44000 -0.19401501866346113
0.44100 -0.20624306083244504
0.44200 -0.2185388873904473
0.44300 -0.23090180282273978
0.44400 -0.24333109542490644
0.44500 -0.25582603720786
0.44600 -0.2683858838044237
0.44700 -0.28100987437751845
0.44800 -0.29369723152999583
0.44900 -0.3064471612161681
0.45000 -0.3192588526550637
0.45100 -0.3321314782454693
0.45200 -0.3450641934827849
0.45300 -0.358056136877752
0.45400 -0.37110642987708464
0.45500 -0.3842141767860607
0.45600 -0.3973784646931071
0.45700 -0.4105983633964333
0.45800 -0.42387292533275384
0.45900 -0.4372011855081445
0.46000 -0.45058216143108465
0.46100 -0.4640148530477229
0.46200 -0.477498242679419
0.46300 -0.49103129496260983
0.46400 -0.50461295679104
0.46500 -0.5182421572604091
0.46600 -0.5319178076154838
0.46700 -0.5456388011997173
0.46800 -0.5594040134074322
0.46900 -0.5732123016386059
0.47000 -0.5870625052563123
0.47100 -0.6009534455468676
0.47200 -0.6148839256827284
0.47300 -0.6288527306881888
0.47400 -0.6428586274079299
0.47500 -0.6569003644784662
0.47600 -0.6709766723025403
0.47700 -0.6850862630265163
0.47800 -0.699227830520818
0.47900 -0.7134000503634664
0.48000 -0.727601579826761
0.48100 -0.7418310578671579
0.48200 -0.756087105118391
0.48300 -0.7703683238878927
0.48400 -0.7846732981565585
0.48500 -0.7990005935819047
0.48600 -0.8133487575046734
0.48700 -0.8277163189589332
0.48800 -0.8421017886857226
0.48900 -0.8565036591502919
0.49000 -0.8709204045629874
0.49100 -0.8853504809038305
0.49200 -0.8997923259508418
0.49300 -0.9142443593121652
0.49400 -0.9287049824620244
0.49500 -0.9431725787805878
0.49600 -0.9576455135977613
0.49700 -0.9721221342409881
0.49800 -0.9866007700870796
0.49900 -1.0010797326181446
0.50000 -1.0155573154816526
0.50100 -1.0300317945546908
0.50200 -1.0445014280124525
0.50300 -1.0589644564010188
0.50400 -1.073419102714464
0.50500 -1.0878635724763512
0.50600 -1.1022960538256525
0.50700 -1.1167147176071428
0.50800 -1.1311177174663254
0.50900 -1.1455031899489143
0.51000 -1.1598692546049498
0.51100 -1.1742140140975568
0.51200 -1.1885355543164289
0.51300 -1.2028319444960518
0.51400 -1.2171012373387333
0.51500 -1.231341469142472
0.51600 -1.2455506599337114
0.51700 -1.2597268136050266
0.51800 -1.2738679180577823
0.51900 -1.2879719453498066
0.52000 -1.302036851848118
0.52100 -1.3160605783867618
0.52200 -1.3300410504297746
0.52300 -1.3439761782393356
0.52400 -1.3578638570491346
0.52500 -1.371701967243004
0.52600 -1.3854883745388422
0.52700 -1.3992209301778757
0.52800 -1.4128974711192934
0.52900 -1.4265158202402901
0.53000 -1.440073786541552
0.53100 -1.4535691653582288
0.53200 -1.4669997385764084
0.53300 -1.4803632748551532
0.53400 -1.4936575298541024
0.53500 -1.5068802464666953
0.53600 -1.520029155059034
0.53700 -1.533101973714419
0.53800 -1.5460964084835858
0.53900 -1.5590101536406749
0.54000 -1.571840891944954
0.54100 -1.5845862949083287
0.54200 -1.5972440230686569
0.54300 -1.6098117262689033
0.54400 -1.6222870439421446
0.54500 -1.6346676054024536
0.54600 -1.6469510301416868
0.54700 -1.65913492813219
0.54800 -1.6712169001354387
0.54900 -1.6831945380166404
0.55000 -1.6950654250653063
0.55100 -1.7068271363218104
0.55200 -1.7184772389099527
0.55300 -1.7300132923755365
0.55400 -1.7414328490309683
0.55500 -1.7527334543059037
0.55600 -1.763912647103923
0.55700 -1.7749679601652777
0.55800 -1.7858969204356787
0.55900 -1.7966970494411607
0.56000 -1.8073658636690078
0.56100 -1.8179008749547458
0.56200 -1.8282995908752095
0.56300 -1.8385595151476708
0.56400 -1.8486781480350358
0.56500 -1.8586529867571024
0.56600 -1.8684815259078709
0.56700 -1.8781612578789018
0.56800 -1.8876896732887147
0.56900 -1.8970642614182112
0.57000 -1.906282510652113
0.57100 -1.915341908926402
0.57200 -1.9242399441817453
0.57300 -1.932974104822886
0.57400 -1.9415418801839808
0.57500 -1.9499407609998687
0.57600 -1.9581682398832356
0.57700 -1.966221811807664
0.57800 -1.9740989745965307
0.57900 -1.9817972294177264
0.58000 -1.9893140812841694
0.58100 -1.9966470395600806
0.58200 -2.0037936184729768
0.58300 -2.0107513376313597
0.58400 -2.0175177225480487
0.58500 -2.024090305169126
0.58600 -2.0304666244084495
0.58700 -2.0366442266876787
0.58800 -2.042620666481787
0.58900 -2.04839350686999
0.59000 -2.0539603200920515
0.59100 -2.059318688109912
0.59200 -2.064466203174578
0.59300 -2.0694004683982214
0.59400 -2.074119098331428
0.59500 -2.0786197195455247
0.59600 -2.0828999712199345
0.59700 -2.0869575057344787
0.59800 -2.0907899892665665
0.59900 -2.0943951023931957