0.001 0.003
0.002 0.006
0.003 0.009
0.004 0.012
0.005 0.015
0.006 0.018
0.007 0.021
0.008 0.024
0.009 0.027
0.010 0.030
0.011 0.033
0.012 0.036
0.013 0.039
0.014 0.042
0.015 0.045
0.016 0.048
0.017 0.051
0.018 0.054
0.019 0.057
0.020 0.060
0.021 0.063
0.022 0.066
0.023 0.069
0.024 0.072
0.025 0.075
0.026 0.078
0.027 0.081
0.028 0.084
0.029 0.087
0.030 0.090
0.031 0.093
0.032 0.096
0.033 0.099
0.034 0.102
0.035 0.105
0.036 0.108
0.037 0.111
0.038 0.114
0.039 0.117
0.040 0.120
0.041 0.123
0.042 0.126
0.043 0.129
0.044 0.132
0.045 0.135
0.046 0.138
0.047 0.141
0.048 0.144
0.049 0.147
0.050 0.150
0.051 0.153
0.052 0.156
0.053 0.159
0.054 0.162
0.055 0.165
0.056 0.168
0.057 0.171
0.058 0.174
0.059 0.177
0.060 0.180
0.061 0.183
0.062 0.186
0.063 0.189
0.064 0.192
0.065 0.195
0.066 0.198
0.067 0.201
0.068 0.204
0.069 0.207
0.070 0.210
0.071 0.213
0.072 0.216
0.073 0.219
0.074 0.222
0.075 0.225
0.076 0.228
0.077 0.231
0.078 0.234
0.079 0.237
0.080 0.240
0.081 0.243
0.082 0.246
0.083 0.249
0.084 0.252
0.085 0.255
0.086 0.258
0.087 0.261
0.088 0.264
0.089 0.267
0.090 0.270
0.091 0.273
0.092 0.276
0.093 0.279
0.094 0.282
0.095 0.285
0.096 0.288
0.097 0.291
0.098 0.294
0.099 0.297
0.100 0.300
0.101 0.303
0.102 0.306
0.103 0.309
0.104 0.312
0.105 0.315
0.106 0.318
0.107 0.321
0.108 0.324
0.109 0.327
0.110 0.330
0.111 0.333
0.112 0.336
0.113 0.339
0.114 0.342
0.115 0.345
0.116 0.348
0.117 0.351
0.118 0.354
0.119 0.357
0.120 0.360
0.121 0.363
0.122 0.366
0.123 0.369
0.124 0.372
0.125 0.375
0.126 0.378
0.127 0.381
0.128 0.384
0.129 0.387
0.130 0.390
0.131 0.393
0.132 0.396
0.133 0.399
0.134 0.402
0.135 0.405
0.136 0.408
0.137 0.411
0.138 0.414
0.139 0.417
0.140 0.420
0.141 0.423
0.142 0.426
0.143 0.429
0.144 0.432
0.145 0.435
0.146 0.438
0.147 0.441
0.148 0.444
0.149 0.447
0.150 0.450
0.151 0.453
0.152 0.456
0.153 0.459
0.154 0.462
0.155 0.465
0.156 0.468
0.157 0.471
0.158 0.474
0.159 0.477
0.160 0.480
0.161 0.483
0.162 0.486
0.163 0.489
0.164 0.492
0.165 0.495
0.166 0.498
0.167 0.501
0.168 0.504
0.169 0.507
0.170 0.510
0.171 0.513
0.172 0.516
0.173 0.519
0.174 0.522
0.175 0.525
0.176 0.528
0.177 0.531
0.178 0.534
0.179 0.537
0.180 0.540
0.181 0.543
0.182 0.546
0.183 0.549
0.184 0.552
0.185 0.555
0.186 0.558
0.187 0.561
0.188 0.564
0.189 0.567
0.190 0.570
0.191 0.573
0.192 0.576
0.193 0.579
0.194 0.582
0.195 0.585
0.196 0.588
0.197 0.591
0.198 0.594
0.199 0.597
0.200 0.600
0.201 0.603
0.202 0.606
0.203 0.609
0.204 0.612
0.205 0.615
0.206 0.618
0.207 0.621
0.208 0.624
0.209 0.627
0.210 0.630
0.211 0.633
0.212 0.636
0.213 0.639
0.214 0.642
0.215 0.645
0.216 0.648
0.217 0.651
0.218 0.654
0.219 0.657
0.220 0.660
0.221 0.663
0.222 0.666
0.223 0.669
0.224 0.672
0.225 0.675
0.226 0.678
0.227 0.681
0.228 0.684
0.229 0.687
0.230 0.690
0.231 0.693
0.232 0.696
0.233 0.699
0.234 0.702
0.235 0.705
0.236 0.708
0.237 0.711
0.238 0.714
0.239 0.717
0.240 0.720
0.241 0.723
0.242 0.726
0.243 0.729
0.244 0.732
0.245 0.735
0.246 0.738
0.247 0.741
0.248 0.744
0.249 0.747
0.250 0.750
0.251 0.753
0.252 0.756
0.253 0.759
0.254 0.762
0.255 0.765
0.256 0.768
0.257 0.771
0.258 0.774
0.259 0.777
0.260 0.780
0.261 0.783
0.262 0.786
0.263 0.789
0.264 0.792
0.265 0.795
0.266 0.798
0.267 0.801
0.268 0.804
0.269 0.807
0.270 0.810
0.271 0.813
0.272 0.816
0.273 0.819
0.274 0.822
0.275 0.825
0.276 0.828
0.277 0.831
0.278 0.834
0.279 0.837
0.280 0.840
0.281 0.843
0.282 0.846
0.283 0.849
0.284 0.852
0.285 0.855
0.286 0.858
0.287 0.861
0.288 0.864
0.289 0.867
0.290 0.870
0.291 0.873
0.292 0.876
0.293 0.879
0.294 0.882
0.295 0.885
0.296 0.888
0.297 0.891
0.298 0.894
0.299 0.897
0.300 0.900
